8 8 0
8 8 1
8 9 0
8 9 1
8 10 0
8 10 1
8 11 0
8 11 1
8 12 0
8 12 1
9 8 0
9 8 1
9 9 0
9 9 1
9 10 0
9 10 1
9 11 0
9 11 1
9 12 0
9 12 1
10 8 0
10 8 1
10 9 0
10 9 1
10 10 0
10 10 1
10 11 0
10 11 1
10 12 0
10 12 1
11 8 0
11 8 1
11 9 0
11 9 1
11 10 0
11 10 1
11 11 0
11 11 1
11 12 0
11 12 1
12 8 0
12 8 1
12 9 0
12 9 1
12 10 0
12 10 1
12 11 0
12 11 1
12 12 0
12 12 1
39996 39996 0
39996 39996 1
39996 39997 0
39996 39997 1
39996 39998 0
39996 39998 1
39996 39999 0
39996 39999 1
39996 40000 0
39996 40000 1
39997 39996 0
39997 39996 1
39997 39997 0
39997 39997 1
39997 39998 0
39997 39998 1
39997 39999 0
39997 39999 1
39997 40000 0
39997 40000 1
39998 39996 0
39998 39996 1
39998 39997 0
39998 39997 1
39998 39998 0
39998 39998 1
39998 39999 0
39998 39999 1
39998 40000 0
39998 40000 1
39999 39996 0
39999 39996 1
39999 39997 0
39999 39997 1
39999 39998 0
39999 39998 1
39999 39999 0
39999 39999 1
39999 40000 0
39999 40000 1
40000 39996 0
40000 39996 1
40000 39997 0
40000 39997 1
40000 39998 0
40000 39998 1
40000 39999 0
40000 39999 1
40000 40000 0
40000 40000 1
2679 39024 0
23941 7087 1
17208 3383 1
2946 20364 1
15402 33258 1
12700 32833 1
33867 29814 0
32776 15021 0
28652 24535 0
4046 17551 0
37790 27215 1
26304 15945 0
7941 6402 0
1059 11582 1
31253 25079 0
167 11116 1
34325 7549 1
34440 2951 0
29725 7039 1
1082 37914 1
25231 35218 0
21270 39913 0
37638 2694 0
14285 22192 0
1081 12493 0
27106 4064 0
27673 16447 1
14455 32685 1
8411 4704 0
14941 22915 0
27131 6963 1
22484 16163 0
35392 18474 1
36710 6211 0
34425 24192 0
26611 36032 0
8111 36635 0
30310 14624 0
24900 31787 1
27453 28786 0
36801 2456 1
12969 12170 1
12872 27478 0
29979 33215 0
21726 5042 0
1898 36263 1
23878 31641 0
35962 18669 1
25225 17664 1
10880 25545 1
18234 16481 1
23228 11008 0
20634 32666 1
9202 36703 0
33670 15928 0
39022 39067 0
21650 4587 1
35252 25313 0
318 17832 0
19197 15874 1
16074 31360 0
33433 10124 1
10764 30246 0
15471 22364 0
19707 34675 0
2295 528 0
9835 9470 0
13616 34799 1
16973 17968 1
6370 25700 1
23359 23913 0
33893 2840 0
22352 37339 0
12692 5328 0
5051 26914 0
29438 475 0
39208 3017 0
36742 32645 0
24204 966 1
4768 19195 1
21009 927 1
25385 16459 1
9630 8730 0
10501 37849 1
6574 19477 1
34527 23253 0
9171 25074 1
26852 34784 0
16967 6762 0
36838 6180 0
39098 17548 1
28578 3434 0
28158 14821 1
38 38263 0
20288 31533 1
28484 18369 1
7750 2044 1
25347 30628 0
8810 13281 0
15079 5538 0
0 0 0
