21
9 10
4 4
1 3
7 9
6 5
4 10
9 9
1 5
7 6
3 8
1 4
9 8
0 6
9 8
0 1
8 8
9 3
6 10
3 0
3 2
10 3
1
1 0
1
0 1
1
47 60
1
88 0
1
66 64
1
11 83
1
7 32
1
18 13
1
17 0
1
58 21
1
15 18
1
7 6
1
12 3
1
15 45
1
20 10
1
6 5
1
0 28
12
5 10
8 5
1 10
0 4
4 10
3 3
2 0
5 10
5 0
9 8
6 2
1 4
2
36 18
1 31
2
44 27
22 3
12
0 0
7 8
10 3
8 10
4 4
4 0
2 10
0 1
1 3
7 10
10 4
1 0
3
37 14
40 7
35 3
12
7 9
4 5
9 0
2 1
3 3
10 5
5 10
8 0
8 0
6 10
6 9
9 8
2
35 32
9 44
3
19 30
6 12
2 16
6
9 8
16 10
9 5
19 9
9 9
20 2
4
8 23
13 7
15 24
7 23
1
3 37
6
13 3
16 18
12 14
19 17
0 6
8 0
2
5 33
14 28
4
23 18
1 3
7 14
1 23
2
50 33
52 26
0