2 17
123456789
9876543210
1
12
1234
123456789
9
987
9876543210
0123456
0012345
1239877
123987
1234569
987656789
987654567
9876543211
00987654321
000000000
2 11
123456789
9876543210
1234567890
98765432112
919293
8
2
091
1234321
121212129
1234567898
123456789876543210
1239876
3 10
111111
123456
654321
111111
000000
112345
112365
011236
1
12
111123
111165
000011
3 5
1111111
123456
654321
001123456
001123466
001126556
1116543
1123466
3 3
111111
123456
654321
0011234664
0011234665
001126555
3 8
54321012345
11111111111
12345678900
54321112345
054321112345
0000000000054321012345
543456
54321234567
112345
1111235
11111111154
3 1
54321012345
11111111111
12345678900
00000000000543210123450
5 5
1111111111
2222222222
3333333333
4444444444
0000000000
0000000000
1111111111
01234
011223344
0000001122
5 3
1111111111
2222222222
3333333333
4444444444
5555555555
5544332211
55555555554
5555555554
2 3
123456789
9876543210
12
1234
123456789
3 2
111111
123456
654321
0011234664
001126555
3 4
111111
123456
654321
0112345
01123456
00112365
00123656
0 0
