123503922558970
809606973299
-1
-1
393058248784216246
1144
69358331
86382452315816725
81416428227040780
2434259
11054934214201
-1
-1
40264419726263
28266299672926
10
-1
-1
409023533
-1
24648747450413
-1
-1
929116440
-1
6259075668776299
-1
11710609545069609
-1
5938466178810
-1
-1
1562
51457971919512952
-1
-1
-1
-1
-1
108263523971
11403786438477214
199
8549534895
2366576462
-1
193211997897274390
449467124073423839
-1
42309278590838198
-1
55049992413575
1816829976996607243
279071373078740401
-1
-1
446723329164547159
-1
9197
294098301764164386
3964352268433
-1
108261544712013477
-1
-1
875634667654858005
-1
-1
114507471813222237
33
-1
-1
-1
35959565647597223
3162346493245923
-1
419791008415
-1
-1
-1
-1
-1
187915231339412
779713195824055
39727604008551167
-1
-1
-1
-1
855001215015658
3049870930495
-1
-1
42135478168421
4510981929364801
19752390059792441
499453824849
101753405
-1
-1
49371349549326082
