2
1 3 4 3 1 5 1 3
4 4 4 7 2 7 4 4
0 0 2 0 2 3 0 0 2 0 4 0 2 3 2 0

4
0 0 4 0 4 2 2 2 0 0
0 0 4 0 2 2 0 2 0 0
4 4 0 4 2 3 4 4
0 4 4 4 2 6 0 4
0 0 4 0 2 2 0 0 0 0 2 2 2 4 0 4 0 0 2 2 4 0 4 4 2 4 2 2 0 4 4 4 2 5 0 4

3
3 2 2 1 1 2 0 1 0 0 6 0 6 1 5 2 4 1 3 2
10 10 10 9 30 9 31 10 10 10
50 50 50 71 49 70 48 71 47 70 46 71 45 70 45 50 50 50
2 7 3 6 2 5 3 4 2 3 3 2 23 2 23 7 2 7 3 2 2 1 23 1 23 2 3 2 1 1 2 1 3 2 2 3 3 4 2 5 3 6 2 7 1 7 1 1 

3
0 3 1 3 0 4 0 3
97 98 98 97 99 98 98 99 97 98
0 0 3 0 3 2 2 1 1 2 2 3 0 3 0 0
0 1 1 0 2 1 1 2 0 1 0 1 1 2 2 1 1 0 3 0 3 3 0 3 0 1 0 1 0 0 1 0 0 1

7
0 10 0 0 2 0 1 1 1 9 2 10 0 10
2 10 3 9 11 9 12 10 11 11 11 12 3 12 3 11 2 10
50 50 54 50 54 58 50 58 50 50
54 50 57 50 57 58 54 58 54 50
57 50 59 50 59 58 57 58 57 50
59 50 60 50 60 58 59 58 59 50
89 99 89 86 90 87 90 98 98 98 98 87 99 86 99 99 89 99
0 0 2 0 1 1 1 9 2 10 0 10 0 0 2 0 3 1 4 1 4 9 3 9 2 10 1 9 1 1 2 0 2 0 15 0 15 10 2 10 3 9 14 9 14 1 3 1 2 0 4 1 8 1 8 9 4 9 4 1 8 1 11 1 11 9 8 9 8 1 11 1 13 1 13 9 11 9 11 1 13 1 14 1 14 9 13 9 13 1

6
0 0 6 0 6 1 0 1 0 0
0 1 5 1 5 2 0 2 0 1
0 2 1 2 1 3 0 3 0 2
10 10 13 10 11 12 13 14 10 14 10 10
10 10 13 10 13 14 10 14 11 12 10 10
5 5 6 3 8 5 6 7 5 5
0 0 1 0 1 6 0 6 0 0 1 3 3 2 5 3 3 5 1 3 1 0 5 0 5 3 3 2 1 3 1 0 1 3 3 5 5 3 5 6 1 6 1 3 5 0 6 0 6 5 5 5 5 0 6 6 5 6 5 5 6 5 6 6

6
90 90 96 90 96 91 90 91 90 90
30 32 31 32 31 33 30 33 30 32
90 91 95 91 95 92 90 92 90 91
5 5 6 3 8 5 6 7 5 5
0 0 4 0 4 3 2 2 0 3 0 0
0 0 2 2 4 0 4 3 0 3 0 0
0 0 1 0 1 6 0 6 0 0 1 3 3 2 5 3 3 5 1 3 1 0 5 0 5 3 3 2 1 3 1 0 1 3 3 5 5 3 5 6 1 6 1 3 5 0 6 0 6 5 5 5 5 0 6 6 5 6 5 5 6 5 6 6

3
99 99 98 98 99 98 99 99
1 1 3 2 1 2 1 1
7 7 6 6 7 4 7 7  
3 0 2 1 0 0 3 0 2 1 0 1 0 0 2 1 2 1 3 0 3 1 2 1

15
37 27 58 27 58 29 49 34 58 48 64 60 71 73 76 87 77 91 76 94 78 94 78 98 69 89 62 79 46 57 44 51 40 37 38 29 35 30 37 27
63 63 73 70 82 79 92 92 100 99 100 100 99 100 87 95 75 80 66 71 61 62 46 54 31 49 16 38 6 28 0 29 0 1 2 6 5 7 4 17 18 28 31 33 45 48 52 54 63 63
42 21 43 24 38 38 43 52 39 59 54 70 64 76 73 82 80 95 73 88 63 81 52 72 45 66 31 51 18 46 4 35 5 25 2 24 0 19 0 18 6 18 11 21 21 22 34 23 42 20 41 18 45 18 43 22 42 21
95 64 86 71 93 64 95 64
14 47 24 42 50 42 50 44 47 43 43 44 29 49 16 56 4 62 14 47
50 71 56 69 78 53 91 60 86 70 84 73 78 83 67 98 60 94 46 99 32 94 29 95 30 94 26 92 26 78 29 80 28 77 36 75 50 71
31 42 39 39 52 40 62 41 67 44 32 44 31 42
76 29 91 39 100 53 91 58 91 60 71 60 71 19 76 29
60 41 50 36 43 49 36 39 34 37 27 28 27 2 35 9 45 22 47 24 54 37 60 41
0 0 3 10 2 20 5 35 0 40 0 0
68 32 78 37 84 42 92 48 98 62 98 67 99 72 93 73 83 63 68 52 53 47 38 39 33 30 24 21 12 6 0 1 19 1 34 12 49 20 63 35 68 32
63 39 58 34 43 37 33 36 23 39 12 39 8 34 12 24 20 14 35 5 49 20 64 28 79 39 63 39
0 59 0 47 2 54 0 59
1 13 1 0 4 0 9 2 16 0 30 0 27 2 34 4 36 3 32 9 26 21 16 13 6 9 1 13
44 50 51 52 48 54 6 54 11 53 16 53 30 47 36 39 41 33 46 23 52 33 46 45 42 51 44 50
49 69 38 84 28 94 29 100 1 100 6 98 7 95 17 96 28 82 33 69 48 55 54 48 63 37 70 27 79 18 92 8 99 0 100 0 100 1 95 13 80 25 71 34 62 39 54 54 49 69 24 34 10 38 2 40 3 43 0 41 0 20 2 20 7 29 21 20 33 14 46 7 60 2 64 1 67 2 67 0 71 0 62 9 52 16 30 32 24 34 6 98 1 100 0 100 0 94 3 89 4 79 5 66 2 58 0 59 0 55 4 57 3 58 6 57 20 62 34 57 41 61 52 46 58 36 64 27 77 20 70 27 63 37 54 48 48 55 33 69 28 82 17 96 7 95 6 98 60 33 58 36 52 46 41 61 34 57 20 62 6 57 3 58 4 57 0 55 0 41 3 43 2 40 10 38 24 34 30 32 52 16 65 23 60 33 69 91 75 79 85 87 95 91 100 87 100 100 97 100 92 98 85 100 71 100 74 98 67 96 65 97 69 91 67 0 67 2 64 1 60 2 46 7 33 14 21 20 31 5 41 0 67 0 92 98 97 100 85 100 92 98 0 59 2 58 5 66 4 79 3 89 0 94 0 59 97 66 100 76 100 87 95 91 85 87 75 79 66 64 81 50 89 35 100 20 100 36 95 41 98 56 97 66 41 0 31 5 21 20 7 29 2 20 0 20 0 0 41 0 66 64 69 69 64 79 59 85 53 93 39 99 34 99 29 100 28 94 38 84 49 69 54 54 62 39 71 34 80 25 95 13 100 1 100 20 89 35 81 50 66 64 71 0 73 0 64 7 71 0 65 23 52 16 62 9 64 7 73 0 99 0 92 8 79 18 77 20 64 27 60 33 65 23 67 96 74 98 71 100 29 100 34 99 39 99 53 93 59 85 64 79 69 69 75 79 69 91 65 97 67 96 100 36 100 76 97 66 98 56 95 41 100 36

15
31 23 28 13 31 8 31 23
62 5 68 2 63 10 62 22 73 37 82 48 78 44 70 38 56 37 47 37 41 28 35 37 28 31 21 30 8 32 7 38 7 19 11 20 12 17 16 25 24 27 36 18 43 13 51 0 62 0 62 5
91 26 88 20 93 20 93 40 79 55 66 64 59 65 26 65 35 50 45 40 56 31 71 20 83 21 91 26
34 55 39 63 51 62 51 68 21 68 34 55
36 71 28 77 23 72 17 57 25 50 23 35 18 21 24 15 35 17 49 20 54 16 53 23 47 30 50 32 44 40 36 51 29 57 36 71
0 22 0 0 10 0 10 10 0 22
100 68 100 77 95 70 87 67 81 77 71 74 62 76 47 78 32 85 25 95 20 95 11 84 0 74 0 62 12 65 27 66 38 59 47 65 53 67 63 66 75 59 87 65 96 66 96 63 99 69 100 68
41 32 30 30 31 29 28 23 24 20 29 22 28 19 23 17 52 17 58 18 60 31 55 35 41 32
74 27 74 73 64 66 57 51 55 36 53 27 63 36 69 37 74 27
73 10 70 15 73 25 73 30 68 40 62 39 52 30 55 20 45 14 48 6 55 1 73 1 73 10
82 30 86 38 87 35 91 36 91 49 79 50 74 42 61 55 47 55 55 42 62 37 74 28 82 30
4 31 4 28 13 29 25 35 37 28 47 27 53 29 62 35 73 28 88 29 100 32 98 37 95 38 97 33 94 37 88 40 81 33 67 38 52 40 45 32 30 38 21 47 15 41 0 32 0 26 1 25 4 31
66 78 86 78 86 99 75 89 66 78
27 2 14 11 0 26 0 23 10 11 10 1 34 1 27 2
54 40 50 46 44 37 35 37 21 36 13 30 5 22 9 18 15 26 29 19 35 26 46 34 54 40
75 9 83 5 80 4 81 0 94 0 95 12 87 17 100 30 100 44 87 36 82 29 73 17 75 9 11 62 5 61 0 71 0 25 10 32 17 47 19 62 21 71 11 62 90 90 100 78 100 100 90 100 90 90 95 12 94 0 100 0 100 30 87 17 95 12 63 66 52 75 56 71 62 63 63 49 63 40 72 34 63 28 69 21 70 14 68 1 62 0 81 0 80 4 83 5 75 9 73 17 82 29 87 36 100 44 100 55 95 55 98 61 90 56 78 55 63 66 90 100 66 100 73 99 86 90 100 75 100 78 90 90 90 100 36 38 29 27 30 12 33 0 38 2 39 5 34 3 38 6 41 12 34 19 39 33 41 48 33 55 39 70 48 79 42 85 33 100 27 100 26 99 32 96 29 96 30 87 36 75 29 63 28 53 30 47 36 38 68 1 70 14 65 18 51 15 40 13 41 12 38 6 34 3 39 5 38 2 33 0 62 0 68 1 32 96 26 99 27 100 18 100 25 95 28 87 18 81 21 71 19 62 17 47 10 32 0 25 0 20 11 11 21 0 33 0 30 12 29 27 36 38 30 47 28 53 29 63 36 75 30 87 29 96 32 96 25 95 18 100 0 100 0 91 3 86 0 76 0 71 5 61 11 62 21 71 18 81 28 87 25 95 0 20 0 0 21 0 11 11 0 20 39 70 33 55 41 48 39 33 34 19 40 13 51 15 65 18 70 14 69 21 63 28 66 30 60 38 52 49 45 55 52 69 44 75 39 70 90 56 98 61 95 55 100 55 100 75 86 90 73 99 66 100 33 100 42 85 52 75 63 66 78 55 90 56 0 76 3 86 0 91 0 76 63 40 63 49 62 63 56 71 48 79 44 75 52 69 45 55 52 49 60 38 66 30 72 34 63 40

14
26 43 36 37 49 27 54 14 54 9 57 5 57 0 85 0 85 5 84 2 83 11 78 20 80 28 71 28 62 29 51 39 39 52 30 62 15 69 1 77 1 66 16 57 26 43
61 91 18 91 31 85 46 73 55 58 61 52 70 54 61 59 68 71 63 83 61 91
27 41 36 32 38 23 34 17 42 11 41 5 42 5 34 4 38 1 53 1 53 6 50 10 50 15 45 28 32 38 27 41
55 39 45 25 37 15 40 18 55 27 67 42 73 55 73 73 57 73 62 68 55 71 64 65 61 53 55 39
9 18 7 15 11 19 22 15 33 21 42 23 50 16 57 16 66 19 80 16 91 27 91 38 83 36 71 31 59 38 54 29 52 38 43 29 28 23 19 20 11 22 8 20 9 18
66 85 76 82 91 85 97 83 100 88 100 90 0 90 0 75 6 85 19 88 29 86 43 89 51 84 66 85
30 49 20 35 14 21 11 9 20 3 13 6 18 1 25 1 33 15 40 30 50 39 63 51 73 62 74 71 74 80 65 77 50 71 38 59 30 49
90 75 90 85 82 76 70 68 79 73 88 74 85 75 90 75
1 1 1 0 29 0 24 3 19 5 4 17 7 14 1 1
38 76 51 63 58 68 67 83 33 83 41 78 38 76
1 32 1 1 7 14 2 19 5 25 7 36 8 37 6 40 1 32
8 50 6 40 5 34 1 27 1 25 4 29 5 21 5 22 11 21 17 29 23 25 32 27 41 36 44 41 51 46 37 60 26 62 20 65 19 64 8 50
97 24 91 26 76 23 66 26 51 25 43 30 29 27 19 29 6 26 0 16 0 3 11 14 25 11 34 14 41 14 49 7 58 9 69 15 80 11 84 15 82 12 83 10 92 16 100 25 100 29 97 24
58 37 54 30 53 24 51 14 40 0 41 1 53 16 55 21 58 26 58 37
6 51 5 66 8 76 5 91 7 97 2 100 0 100 0 0 15 0 5 6 2 19 4 29 1 43 6 51 94 86 100 99 100 100 72 100 77 97 82 95 97 83 94 86 65 63 52 73 47 86 47 91 44 95 44 100 16 100 16 95 17 98 18 89 23 80 21 72 30 72 39 71 50 61 62 48 71 38 86 31 100 23 100 34 85 43 75 57 65 63 94 86 99 81 96 75 94 64 93 63 95 60 100 68 100 99 94 86 18 89 17 98 16 95 16 100 6 100 15 92 23 80 18 89 54 18 45 33 39 39 30 37 39 32 32 20 37 8 39 0 82 0 69 6 54 18 19 82 16 84 20 80 16 69 22 58 24 49 17 41 17 34 20 25 17 11 28 0 39 0 37 8 32 20 39 32 30 37 39 39 30 48 24 63 21 72 23 80 21 83 19 82 80 50 85 43 100 34 100 68 95 60 93 63 80 50 100 0 100 16 95 11 98 18 92 9 80 12 66 18 52 28 42 36 45 33 54 18 69 6 82 0 100 0 42 36 52 28 66 18 80 12 92 9 98 18 95 11 100 16 100 23 86 31 71 38 62 48 50 61 39 71 30 72 21 72 24 63 30 48 42 36 20 80 16 84 19 82 21 83 15 92 6 100 2 100 7 97 5 91 8 76 5 66 6 51 1 43 4 29 2 19 5 6 15 0 28 0 17 11 20 25 17 34 17 41 24 49 22 58 16 69 20 80 63 97 59 100 44 100 44 95 47 91 47 86 52 73 65 63 70 60 61 69 59 78 63 84 55 90 56 96 55 96 63 97 63 84 59 78 61 69 70 60 75 57 80 50 94 64 96 75 99 81 98 82 84 93 74 95 68 96 61 100 59 100 63 97 55 96 56 96 55 90 63 84 77 97 72 100 61 100 68 96 74 95 84 93 98 82 97 83 82 95 77 97

12
4 78 13 68 28 57 40 44 50 36 64 49 79 57 84 55 89 58 80 64 68 73 55 74 53 75 54 77 57 78 4 78
76 0 91 0 91 2 78 10 68 22 59 37 50 44 41 54 32 69 24 78 29 92 26 100 10 100 8 97 2 95 3 89 8 78 3 67 12 62 23 53 30 42 40 34 52 21 67 10 76 0
82 25 80 38 76 43 70 43 69 37 82 25
13 59 20 48 31 39 40 34 35 23 40 12 41 6 35 4 33 1 52 1 52 4 48 18 52 28 52 54 41 63 27 72 13 59
59 40 57 46 59 58 59 60 55 50 59 36 59 40
44 54 41 66 42 74 45 89 40 92 40 27 54 14 59 3 82 3 70 13 57 27 45 34 43 45 44 54
14 8 29 5 37 4 49 7 58 6 69 8 76 20 90 33 100 45 100 68 92 65 78 70 69 62 54 53 44 44 37 35 22 26 10 16 2 3 11 3 14 8
0 23 0 5 2 17 0 23
37 59 10 59 13 54 11 49 19 34 28 48 37 59
56 12 56 18 51 14 38 12 56 12
61 63 61 70 50 65 37 51 43 51 55 64 61 63
36 2 37 4 35 5 22 6 10 15 1 21 1 1 33 1 36 2
5 31 3 42 4 51 1 63 2 71 5 86 0 89 0 24 14 11 19 0 42 0 30 10 17 24 5 31 2 5 0 18 0 0 6 0 2 5 15 100 24 90 39 79 51 66 61 58 75 71 90 79 95 77 100 80 91 86 79 95 66 96 64 97 65 99 68 100 15 100 100 100 68 100 65 99 64 97 66 96 79 95 91 86 100 80 100 100 83 3 89 5 88 11 83 22 88 33 79 38 68 47 61 58 51 66 39 79 24 90 15 100 0 100 0 98 13 90 23 78 32 63 41 56 50 46 59 31 67 22 62 8 65 0 81 0 83 3 100 25 98 13 100 7 100 25 59 31 50 46 41 56 32 63 23 78 13 90 0 98 0 89 5 86 2 71 1 63 4 51 3 42 5 31 17 24 30 10 42 0 65 0 62 8 67 22 59 31 100 25 100 27 96 17 100 3 100 7 98 13 100 25 19 0 14 11 0 24 0 18 13 6 12 0 19 0 88 33 83 22 88 11 89 5 83 3 81 0 100 0 100 3 96 17 100 27 100 53 89 62 75 71 61 58 68 47 79 38 88 33 2 5 6 0 12 0 13 6 0 18 2 5 90 79 75 71 89 62 100 53 100 80 95 77 90 79

2
51 51 37 52 26 46 14 55 5 46 0 49 0 0 100 0 100 52 97 53 88 52 74 53 65 54 60 50 51 51
60 16 65 20 74 19 88 18 97 19 100 18 100 66 0 66 0 15 5 12 14 21 26 12 37 18 51 17 60 16
47 97 48 88 47 74 46 65 50 60 49 51 48 37 54 26 45 14 54 5 51 0 100 0 100 100 48 100 47 97 48 37 49 51 50 60 46 65 47 74 48 88 47 97 48 100 0 100 0 0 51 0 54 5 45 14 54 26 48 37

11
71 70 80 68 92 68 92 71 38 71 38 68 47 70 59 66 71 70
47 2 56 3 53 3 51 6 41 2 30 4 20 13 7 23 1 35 1 1 42 1 47 2
18 32 23 24 33 23 43 26 53 23 59 32 74 23 80 32 73 33 76 31 73 32 60 34 54 30 47 34 38 29 23 33 13 39 1 44 1 29 3 26 12 26 18 32
53 43 59 42 59 50 56 64 50 64 43 56 31 43 41 38 53 43
79 4 65 2 62 0 87 0 89 1 79 4
57 70 62 71 3 71 3 42 8 50 28 62 37 70 48 69 57 70
61 95 36 95 40 80 39 75 41 66 44 55 43 40 40 35 39 21 48 16 61 1 61 95
51 35 61 38 71 37 76 29 81 34 75 47 60 54 53 69 50 77 48 88 43 86 41 89 39 89 33 76 26 71 16 63 14 51 19 39 14 29 20 38 35 29 41 38 51 35
34 41 32 28 31 25 33 28 32 21 20 8 13 0 16 0 16 3 28 3 37 1 49 5 61 1 70 3 70 6 57 21 48 26 49 40 52 45 53 60 50 71 48 80 49 85 45 100 44 100 39 88 33 78 29 63 34 54 30 47 34 41
29 24 21 34 16 41 3 47 3 46 2 35 10 26 22 6 30 1 38 1 35 15 35 23 29 24
39 22 32 37 17 44 11 57 10 56 1 56 3 42 0 32 5 22 18 12 28 3 39 1 44 3 42 14 39 22
22 66 14 66 0 63 0 57 8 50 21 38 26 48 21 60 22 66 82 56 88 43 89 44 98 44 96 58 99 68 94 78 81 88 71 97 60 99 55 97 57 86 60 78 67 63 82 56 100 66 99 68 96 58 98 44 100 41 100 66 71 97 81 88 94 78 100 66 100 100 59 100 54 99 45 98 48 98 50 95 60 99 71 97 26 22 40 21 45 18 60 17 71 20 80 22 85 21 100 25 100 26 88 31 78 37 63 41 54 36 47 40 41 36 28 38 25 39 28 37 21 38 8 50 0 57 0 54 3 54 3 42 1 33 5 21 1 9 3 0 6 0 21 13 26 22 33 80 40 85 46 98 45 98 34 99 25 91 5 79 0 71 0 63 14 66 22 66 23 72 33 80 21 38 27 47 42 38 48 47 58 44 68 47 78 46 83 38 88 43 82 56 67 63 60 78 57 86 55 97 50 95 48 98 46 98 40 85 33 80 23 72 21 60 26 48 21 38 25 39 28 38 41 36 47 40 54 36 63 41 78 37 88 31 100 26 100 41 98 44 89 44 83 38 78 46 68 47 58 44 48 47 42 38 27 47 21 38 28 37 25 39 0 71 5 79 25 91 34 99 45 98 54 99 59 100 0 100 0 71 3 42 3 54 0 54 0 0 3 0 1 9 5 21 1 33 3 42 80 22 71 20 60 17 45 18 40 21 26 22 21 13 6 0 100 0 100 25 85 21 80 22

17
49 2 53 1 41 7 32 13 17 27 16 21 25 14 19 5 19 1 30 2 40 0 51 0 49 2
44 53 8 53 12 51 21 48 30 49 39 48 44 53
30 39 20 31 10 19 1 10 1 5 13 20 23 29 36 37 47 45 61 50 76 60 77 61 73 64 75 62 62 56 51 59 42 61 37 60 40 59 40 51 30 39
61 5 76 9 84 9 93 6 93 24 88 24 79 30 72 21 66 22 52 25 43 27 32 30 19 24 21 22 17 25 15 23 20 8 26 4 21 9 31 8 38 4 44 5 54 8 61 5
31 15 44 2 34 0 49 0 40 9 28 19 20 29 8 39 24 23 31 15
100 41 100 46 0 46 0 41 2 45 15 44 23 44 31 42 40 42 52 45 58 34 73 24 78 9 86 17 95 31 97 37 100 41
0 41 0 20 2 30 1 41 0 41
76 36 76 66 75 66 73 63 73 62 75 51 74 44 73 32 75 29 76 36
47 65 39 78 30 88 15 100 10 100 10 84 25 74 31 69 45 59 50 50 59 36 64 30 70 15 83 6 84 0 87 0 82 13 71 18 66 31 60 40 55 54 47 65
57 58 66 57 76 69 86 84 52 84 40 70 29 69 19 63 8 63 2 68 2 52 3 59 9 50 18 55 31 51 46 55 51 53 57 58
30 70 29 70 26 72 26 73 14 73 15 67 28 58 34 43 39 37 48 23 53 14 67 4 61 9 62 18 57 24 59 29 55 44 59 57 54 66 60 70 48 71 41 72 30 70
17 51 22 51 27 56 36 55 45 56 54 53 58 51 67 51 67 67 61 72 50 72 40 66 29 65 17 51
40 72 40 80 37 81 42 82 28 85 14 70 8 61 4 53 1 46 3 36 16 49 24 56 40 72
68 0 61 3 65 1 61 2 63 0 68 0
23 37 20 47 19 53 23 60 24 70 19 65 13 56 2 50 5 38 5 29 3 21 8 9 23 4 24 7 24 15 20 30 23 37
29 75 40 70 45 57 63 57 59 60 53 62 39 71 28 82 24 88 29 75
8 12 3 24 3 16 2 3 6 1 21 1 23 7 8 12
4 31 5 40 0 45 0 9 2 13 5 22 4 31 28 99 32 98 30 100 25 100 32 97 28 99 25 1 32 0 62 0 62 1 59 3 58 3 47 1 40 2 28 3 25 1 64 28 62 26 56 39 59 50 61 59 60 64 59 61 51 61 39 71 31 81 19 91 10 100 5 100 20 88 29 78 37 65 45 54 50 40 60 25 61 24 64 28 91 3 85 5 71 14 60 25 56 31 61 18 72 13 77 0 95 0 91 3 49 87 64 73 65 79 56 86 62 95 62 99 51 98 41 100 30 100 32 98 28 99 40 93 49 87 5 100 0 100 0 84 15 74 21 69 35 59 40 50 49 36 54 30 60 15 73 6 74 0 77 0 72 13 61 18 56 31 50 40 45 54 37 65 29 78 20 88 5 100 62 100 41 100 51 98 62 99 62 100 93 89 78 94 77 91 77 83 81 68 78 61 81 51 82 45 78 38 77 28 82 33 88 42 99 48 96 60 96 69 98 77 93 89 15 27 21 17 21 6 16 0 32 0 25 1 34 7 29 16 33 29 29 44 31 49 26 55 27 64 15 74 0 84 0 50 14 38 15 27 51 61 59 61 60 64 61 59 64 73 49 87 40 93 32 97 25 100 15 98 28 85 35 77 51 61 98 77 98 85 99 98 95 100 80 100 78 94 93 89 98 77 88 42 78 27 63 22 71 14 85 5 91 3 95 0 100 0 100 100 95 100 99 98 98 85 98 77 96 69 96 60 99 48 88 42 5 22 2 13 0 9 0 0 16 0 21 6 21 17 15 27 14 38 0 50 0 45 5 40 4 31 5 22 28 3 40 2 47 1 58 3 59 3 62 1 62 0 74 0 73 6 60 15 54 30 49 36 40 50 35 59 21 69 27 64 26 55 31 49 29 44 33 29 29 16 34 7 28 3 65 79 64 73 61 59 59 50 56 39 62 26 64 28 61 24 63 22 78 27 82 33 77 28 78 38 82 45 81 51 78 61 81 68 77 83 77 91 80 100 62 100 62 95 56 86 65 79 51 61 35 77 28 85 15 98 25 100 10 100 19 91 31 81 39 71 51 61

18
1 38 3 38 8 45 17 56 30 64 38 72 37 72 28 70 18 68 12 69 1 59 1 38
52 4 60 10 67 23 79 33 81 37 79 51 72 54 68 50 58 44 47 32 32 18 24 6 32 1 49 1 53 3 48 3 51 4 52 4
0 38 0 28 5 36 2 38 0 38
85 53 94 64 99 71 94 71 80 61 66 50 55 35 42 27 30 23 17 18 12 16 1 13 1 4 6 5 10 2 21 5 33 12 44 20 55 31 65 38 72 45 85 53
35 57 24 49 16 42 25 42 39 50 50 62 64 71 79 78 87 88 89 100 78 97 63 91 51 87 55 82 48 84 41 71 35 57
37 34 42 33 53 34 65 25 72 15 83 7 83 11 80 17 75 22 65 29 50 36 25 36 37 34
75 41 78 32 78 59 55 59 67 51 75 41
80 51 69 59 62 69 50 78 39 77 34 78 44 70 51 55 60 41 72 30 80 16 80 23 79 38 80 51
71 31 66 44 67 41 71 31
22 31 22 0 32 15 47 29 58 41 68 47 86 65 76 58 65 47 54 39 42 32 31 29 27 32 22 31
16 60 18 67 13 63 14 60 22 47 37 36 48 22 58 8 58 28 51 36 43 47 29 53 16 60
40 42 54 48 69 60 78 72 78 79 67 69 61 70 51 68 42 66 41 66 28 53 35 50 37 36 40 42
85 10 80 5 84 7 99 22 99 35 92 20 85 10
66 28 76 33 51 33 51 13 66 28
93 11 95 7 95 6 96 3 96 8 98 4 98 50 95 59 87 69 75 77 63 77 78 69 91 62 93 49 97 41 96 29 97 18 93 11
51 76 23 76 36 75 51 76
18 38 19 25 16 20 13 13 21 28 21 58 16 49 18 38
42 38 32 43 22 55 9 62 3 70 5 66 1 59 2 48 1 36 5 28 7 15 20 8 27 5 32 2 45 3 56 5 65 0 72 0 60 9 48 24 42 38
45 38 44 41 36 54 21 65 10 79 0 93 0 73 7 65 15 54 29 48 42 41 40 34 45 38 11 21 18 11 30 2 41 3 46 2 36 10 29 25 20 39 8 50 0 64 0 57 1 42 0 29 11 21 8 14 18 7 33 0 58 0 46 2 41 3 30 2 18 11 11 21 0 29 0 25 3 19 8 14 99 41 95 34 97 30 97 29 98 26 98 31 100 27 100 73 97 82 89 92 77 100 65 100 80 92 93 85 95 72 99 64 98 52 99 41 48 29 49 26 53 16 48 29 98 0 83 10 69 25 57 36 51 46 33 64 40 54 51 43 59 32 66 20 69 9 66 5 67 0 98 0 0 98 7 93 18 84 26 71 34 63 34 64 32 73 30 83 31 89 21 100 0 100 0 98 18 7 8 14 3 19 5 15 20 0 33 0 18 7 97 82 100 73 100 100 77 100 89 92 97 82 40 54 33 64 26 71 18 84 7 93 0 98 0 93 10 79 21 65 36 54 44 41 48 29 53 16 55 11 58 0 67 0 66 5 69 9 66 20 59 32 51 43 40 54 80 92 65 100 35 100 44 95 55 97 68 98 73 95 80 92 34 63 47 50 50 57 64 59 58 62 52 76 40 91 28 100 21 100 31 89 30 83 32 73 34 64 34 63 100 10 95 2 98 0 100 0 100 10 20 0 5 15 0 25 0 0 20 0 68 57 78 45 91 38 97 30 95 34 99 41 98 52 99 64 95 72 93 85 80 92 73 95 68 98 55 97 44 95 35 100 28 100 40 91 52 76 58 62 68 57 97 29 97 30 91 38 78 45 68 57 64 59 50 57 47 50 51 46 57 36 69 25 83 10 95 2 100 10 100 27 98 31 98 26 97 29 0 57 0 29 1 42 0 57 15 54 7 65 0 73 0 64 8 50 20 39 29 25 36 10 46 2 58 0 55 11 49 26 45 38 40 34 42 41 29 48 15 54

18
5 23 5 33 13 43 4 49 6 58 3 68 1 68 1 4 3 5 4 12 5 23
6 51 15 48 25 44 10 55 0 55 0 52 6 51
28 5 34 5 33 3 31 0 47 0 42 9 27 18 24 23 27 9 28 5
44 36 1 36 16 25 21 23 27 17 34 24 44 36
64 0 67 4 64 3 61 10 48 19 42 28 36 43 32 39 41 28 42 17 32 6 38 2 39 3 40 3 39 0 64 0
11 12 15 7 37 7 43 9 51 11 64 11 54 20 41 32 32 39 26 38 12 32 15 17 11 12
17 94 25 96 31 98 4 98 4 94 17 94
57 63 58 57 54 49 54 41 58 31 55 35 61 24 67 18 73 10 88 1 88 30 86 35 88 44 88 52 83 48 78 52 63 49 57 63
45 71 34 81 23 80 12 71 21 62 36 56 45 53 51 52 51 78 48 79 48 78 49 77 45 71
57 15 57 36 42 50 32 51 19 47 14 49 5 45 13 41 25 43 34 36 47 24 57 15
15 58 17 67 15 72 15 58
33 6 36 4 44 14 44 19 33 6
62 18 56 24 50 35 45 45 39 53 33 45 28 35 35 34 33 38 38 34 47 19 62 10 67 1 83 1 68 10 62 18
22 60 29 59 30 61 45 75 47 78 34 89 29 89 18 90 11 91 10 93 6 93 4 90 3 88 9 88 10 84 13 70 19 60 24 56 22 60
25 27 21 23 27 23 37 35 44 42 33 53 27 67 18 79 13 89 10 93 14 83 14 75 18 66 16 61 20 48 20 36 25 27
28 68 12 68 8 64 13 55 13 43 14 53 28 68
1 2 5 14 1 26 1 2
47 67 31 67 19 63 7 67 3 67 6 57 4 48 19 38 33 23 45 17 53 11 57 14 71 20 75 24 69 39 63 48 50 57 47 64 44 63 47 67
100 70 100 94 96 82 100 70 25 0 41 0 45 4 40 13 40 25 39 15 25 0 90 95 100 98 100 100 36 100 37 98 44 97 55 96 65 96 75 88 81 97 90 95 0 71 0 57 2 66 0 71 100 29 97 30 97 29 98 28 94 22 83 32 72 31 61 22 70 13 85 7 94 4 100 3 100 29 72 32 81 38 90 51 97 54 96 57 100 54 100 70 96 82 100 94 100 98 90 95 81 97 71 82 56 68 50 56 44 48 47 44 53 30 57 26 72 32 75 11 70 13 64 19 57 12 47 0 90 0 75 11 30 44 32 32 25 23 13 10 4 0 25 0 39 15 40 25 36 38 38 43 34 52 30 44 30 70 33 66 27 77 21 83 15 91 0 100 0 71 2 66 0 57 0 49 5 53 10 49 25 52 31 38 30 44 34 52 34 60 30 70 33 66 38 56 44 48 50 56 55 66 48 67 50 63 45 67 36 82 21 91 16 100 0 100 15 91 21 83 27 77 33 66 90 0 100 0 100 3 94 4 85 7 75 11 90 0 64 19 53 30 47 44 38 56 33 66 30 70 34 60 34 52 38 43 36 38 40 25 40 13 45 4 41 0 47 0 57 12 64 19 75 88 65 96 60 96 73 85 75 88 37 98 36 100 32 100 30 97 29 95 35 95 36 91 39 77 45 67 50 63 48 67 55 66 56 68 71 82 73 85 60 96 55 96 44 97 37 98 32 32 31 38 25 52 10 49 5 53 0 49 0 27 2 21 4 13 4 0 13 10 25 23 32 32 16 100 21 91 36 82 39 77 36 91 35 95 29 95 30 97 32 100 16 100 0 27 0 0 4 0 4 13 2 21 0 27 57 26 61 22 72 31 83 32 94 22 98 28 97 29 97 30 100 29 100 54 96 57 97 54 90 51 81 38 72 32 57 26

12
66 47 70 33 88 33 75 42 66 52 66 47
40 61 41 56 43 45 31 40 24 30 10 22 12 20 25 8 40 0 42 0 51 9 49 18 49 24 44 30 50 37 44 49 44 56 40 61
30 22 42 25 65 25 76 30 21 30 21 12 30 22
3 92 13 80 19 89 25 93 34 93 42 95 6 95 1 94 11 91 3 92
40 0 31 6 16 15 4 5 5 13 2 3 1 8 1 0 40 0
29 81 27 81 21 77 15 68 6 53 0 44 0 8 8 23 20 36 27 43 34 54 40 61 53 57 67 54 79 59 81 59 91 68 100 81 100 83 97 83 97 80 82 81 70 76 55 82 47 81 40 76 29 81
56 69 60 81 57 87 60 94 60 98 49 84 35 71 22 59 2 39 7 39 18 44 32 44 41 54 56 69
2 28 8 43 3 55 4 70 1 70 1 17 3 9 3 2 8 13 3 20 2 28
1 45 16 31 21 23 41 23 59 41 64 47 60 43 60 44 50 44 38 38 31 44 25 39 19 39 10 37 1 46 1 45
54 65 57 59 53 47 38 32 29 22 38 22 50 25 59 35 59 95 57 85 57 72 54 65
56 32 59 32 59 31 63 35 58 29 60 31 73 43 87 56 98 70 98 79 100 89 100 91 86 87 79 87 67 82 53 85 40 89 34 82 27 71 22 66 30 52 40 45 45 33 56 35 61 36 56 32
15 27 0 41 0 19 20 19 15 27
22 100 0 100 0 80 8 85 22 100 5 44 0 55 0 0 18 0 8 9 5 21 5 44 97 95 85 85 94 79 98 73 98 64 100 56 100 92 99 97 96 87 97 95 59 2 68 2 78 0 80 0 76 14 76 21 71 33 74 47 78 60 71 66 60 73 55 78 41 70 34 60 22 55 24 44 25 39 21 44 21 41 20 41 24 37 18 42 20 40 32 27 45 13 59 2 100 3 97 3 98 18 93 30 99 45 98 53 93 60 98 71 98 73 94 79 85 85 70 94 61 100 25 100 40 92 53 80 60 73 71 66 78 60 74 47 71 33 76 21 76 19 85 9 98 0 100 0 100 3 32 27 20 40 0 60 0 55 5 44 5 30 15 21 30 6 42 2 48 5 55 2 59 2 45 13 32 27 100 3 100 56 98 64 98 71 93 60 98 53 99 45 93 30 98 18 97 3 100 3 21 70 16 76 16 82 14 91 23 100 22 100 8 85 0 80 0 60 18 42 24 37 20 41 21 41 21 51 15 63 21 70 85 85 97 95 96 87 99 97 100 92 100 100 61 100 70 94 85 85 78 0 68 2 55 2 48 5 42 2 30 6 15 21 5 30 5 21 8 9 18 0 78 0 76 19 76 14 80 0 98 0 85 9 76 19 53 80 40 92 25 100 23 100 14 91 16 82 16 76 21 70 15 63 21 51 21 44 25 39 24 44 22 55 34 60 41 70 55 78 53 80

16
44 68 38 66 57 66 44 68
90 23 90 24 79 37 69 42 54 52 46 57 31 70 16 71 9 71 2 69 3 67 15 68 26 64 36 57 50 51 60 41 68 34 75 19 82 24 86 20 85 22 90 23
29 2 18 2 7 17 1 25 1 1 29 1 29 2
5 94 9 84 15 77 28 70 34 65 42 53 53 44 64 29 72 16 81 9 75 13 82 8 100 8 100 20 95 20 93 16 82 16 75 14 70 24 61 37 50 51 43 59 35 67 26 72 15 82 5 94
44 35 44 40 35 40 24 38 14 38 18 34 31 38 37 39 48 25 48 33 44 35
26 85 24 83 13 68 0 56 0 27 2 24 6 29 7 35 7 47 8 62 21 77 26 85
52 50 38 39 25 30 15 25 17 18 17 15 28 1 34 2 47 6 51 2 54 2 53 7 51 6 55 10 50 17 48 26 47 35 48 43 53 49 67 64 60 57 52 50
38 38 42 49 37 54 36 62 34 68 38 82 39 95 44 94 42 98 30 98 22 93 30 94 22 83 22 78 27 65 25 57 28 48 34 41 43 27 49 12 54 7 54 14 53 19 45 28 38 38
77 53 83 55 96 53 97 53 91 60 86 69 73 76 63 70 58 70 58 68 50 57 58 58 50 53 77 53
44 54 49 55 59 52 73 54 81 53 96 56 29 56 44 54
22 54 15 44 11 33 12 21 10 20 8 27 8 22 7 16 3 11 1 14 1 10 10 10 15 15 27 25 37 36 42 45 43 46 57 61 62 67 63 75 62 84 60 93 45 86 38 78 28 68 22 54
53 78 56 78 50 79 37 80 24 80 16 74 1 63 1 52 0 52 0 38 8 46 18 54 27 62 42 70 53 78
40 38 47 28 55 19 53 29 54 37 52 51 55 61 54 66 56 81 56 98 44 98 46 94 41 95 40 82 36 68 38 62 39 54 44 49 40 38
27 74 18 66 8 58 0 50 0 25 13 37 24 52 26 54 36 69 41 79 54 90 53 90 42 82 27 74
32 48 20 40 15 34 8 21 1 15 6 17 20 26 27 32 36 35 44 33 57 38 60 38 60 43 54 53 61 66 70 71 77 77 77 88 72 81 76 87 69 78 56 70 41 59 32 48
6 78 5 72 5 60 7 49 7 91 6 78
94 38 98 42 98 45 93 44 94 42 90 46 83 41 74 39 65 38 57 39 51 44 36 58 43 51 50 43 61 29 70 16 75 6 82 8 85 8 99 19 98 25 94 38 87 59 98 46 98 47 90 58 82 73 74 82 66 92 58 100 33 100 45 87 60 76 62 74 77 64 87 59 77 64 62 74 54 79 39 92 24 93 17 93 10 91 11 89 23 90 34 86 44 79 58 73 68 63 76 56 83 41 90 46 94 42 93 44 98 45 98 46 87 59 77 64 98 32 100 21 100 63 99 50 98 44 98 32 18 36 20 30 16 16 15 3 10 4 12 0 24 0 32 5 24 4 32 15 32 20 27 33 29 41 26 50 20 57 11 71 5 86 0 91 0 84 1 79 9 70 16 60 12 49 17 44 18 36 57 2 70 0 71 0 65 7 60 16 47 23 37 17 32 17 32 15 24 4 32 5 24 0 51 0 57 2 51 0 70 0 57 2 51 0 4 100 1 98 6 94 12 93 24 93 39 92 54 79 62 74 60 76 45 87 33 100 4 100 98 32 98 42 94 38 98 25 99 19 85 8 93 8 95 12 100 12 100 21 98 32 34 57 42 45 53 36 64 21 72 8 81 1 75 5 82 0 100 0 100 12 95 12 93 8 82 8 75 6 70 16 61 29 50 43 43 51 35 59 26 64 15 74 5 86 9 76 15 69 28 62 34 57 35 59 36 58 51 44 57 39 65 38 74 39 83 41 76 56 68 63 58 73 44 79 34 86 23 90 11 89 10 91 17 93 12 93 6 94 1 98 4 100 0 100 0 91 5 86 15 74 26 64 35 59 94 84 100 76 100 100 72 100 72 99 83 99 94 84 27 33 32 20 32 17 37 17 47 23 60 16 65 7 71 0 82 0 75 5 81 1 72 8 64 21 53 36 42 45 34 57 28 62 15 69 9 76 11 71 20 57 26 50 29 41 27 33 4 47 2 61 3 69 0 84 0 17 2 32 1 37 4 47 1 37 2 32 0 17 0 0 12 0 10 4 15 3 16 16 20 30 18 36 17 44 12 49 16 60 9 70 1 79 3 69 2 61 4 47 1 37 98 47 98 44 99 50 100 63 100 76 94 84 83 99 72 99 72 100 58 100 66 92 74 82 82 73 90 58 98 47

19
49 13 47 16 45 23 30 38 24 45 19 58 0 58 0 52 14 37 17 35 29 29 41 20 48 6 50 4 49 13
72 54 75 50 75 67 66 73 62 63 52 52 47 43 50 34 56 43 69 56 72 54
92 71 77 58 69 48 54 34 44 22 47 22 60 26 75 22 89 22 88 24 83 25 86 30 84 35 83 44 83 50 82 60 92 71
61 39 61 35 66 44 61 39
46 60 38 60 41 50 36 36 41 29 38 24 37 14 46 19 56 28 61 43 50 51 50 57 46 56 47 59 46 60
59 27 45 25 36 36 29 44 26 44 22 41 20 38 33 25 42 19 48 21 58 20 71 13 76 14 76 18 74 20 74 24 68 28 59 27
33 23 25 18 26 15 35 1 51 1 46 14 40 21 27 34 33 23
93 7 83 13 68 18 59 28 54 37 47 43 38 54 29 68 23 79 14 85 0 100 0 73 14 64 23 53 31 40 37 32 43 34 52 29 63 19 78 13 80 11 89 6 100 6 100 11 97 7 93 7
30 21 21 20 16 18 11 21 10 16 8 15 8 7 21 5 32 9 43 0 66 0 57 12 46 22 36 21 30 21
88 95 41 95 48 87 57 76 71 78 80 79 86 75 86 71 88 69 88 95
54 44 39 48 26 44 54 44
8 37 11 44 16 58 29 67 40 81 52 85 47 93 36 87 34 85 27 83 24 81 15 80 8 73 5 62 12 49 8 37
0 72 2 77 1 87 4 96 0 98 0 72
80 22 94 13 94 50 89 49 76 56 66 57 57 54 63 46 71 33 80 22
68 53 71 62 70 72 72 77 72 85 63 74 67 63 65 50 72 50 72 51 68 53
67 19 74 26 76 31 67 37 67 19
48 45 57 54 71 61 80 73 86 85 82 79 71 73 57 64 46 55 40 48 39 38 36 33 41 26 36 12 39 2 45 2 48 9 52 21 45 34 48 45
50 57 35 43 27 33 12 20 0 11 0 4 14 13 29 18 40 32 53 41 58 55 64 69 60 69 50 57
10 74 11 73 10 70 14 71 14 65 25 57 31 67 31 71 27 74 10 74
99 12 96 3 100 1 100 27 98 22 99 12 43 0 71 0 56 4 43 0 18 3 18 9 7 17 1 7 1 3 5 0 22 0 21 1 22 4 18 3 5 20 0 15 0 11 5 20 93 0 95 13 91 24 100 35 100 58 88 49 78 38 79 28 79 22 80 13 82 8 79 3 84 2 85 0 93 0 20 98 16 92 17 83 19 69 8 60 0 53 0 50 3 46 6 44 19 57 25 66 23 72 24 82 31 95 30 100 26 100 24 98 20 98 30 100 31 95 24 82 23 72 26 63 34 69 47 77 58 86 67 100 30 100 50 12 65 26 73 36 88 49 100 58 100 65 86 56 71 51 60 37 47 28 42 14 36 0 40 0 50 12 22 0 30 0 27 10 32 24 27 31 30 36 31 46 22 41 12 32 7 17 18 9 18 3 22 4 21 1 22 0 0 33 0 15 7 22 9 27 0 33 80 70 87 76 100 81 100 100 94 100 79 86 77 83 71 71 62 59 48 52 46 50 55 51 58 53 65 55 80 70 26 100 0 100 0 53 8 60 19 69 17 83 16 92 20 98 24 98 26 100 100 65 100 81 87 76 80 70 67 57 78 63 83 55 86 56 100 65 36 32 43 19 39 7 42 14 47 28 60 37 71 51 83 55 78 63 67 57 65 55 58 53 55 51 46 50 39 43 36 32 9 27 13 37 23 48 28 57 25 66 19 57 6 44 3 46 0 50 0 33 9 27 43 19 36 32 39 43 48 52 62 59 71 71 77 83 73 77 62 71 48 62 37 53 31 46 30 36 27 31 32 24 27 10 30 0 36 0 39 7 43 19 34 69 26 63 28 57 23 48 13 37 7 22 5 20 0 11 0 0 5 0 1 3 1 7 7 17 12 32 22 41 31 46 37 53 48 62 62 71 73 77 79 86 94 100 67 100 58 86 47 77 34 69 43 0 56 4 71 0 85 0 84 2 79 3 82 8 80 13 79 22 79 28 78 38 88 49 73 36 65 26 50 12 40 0 43 0 91 24 95 13 93 0 100 0 100 1 96 3 99 12 98 22 100 27 100 35 91 24

18
13 20 4 11 9 14 21 16 29 16 35 18 47 27 52 38 52 63 45 54 38 49 30 44 25 30 13 20
50 50 50 55 45 55 36 47 22 40 11 28 8 23 20 31 33 41 38 31 44 31 49 32 50 36 50 38 59 44 58 51 55 53 56 52 50 50
75 45 84 33 86 27 86 19 88 7 91 2 91 4 89 19 89 34 91 36 91 38 80 44 67 50 64 50 75 45
24 50 26 41 26 64 24 50
50 74 47 74 51 73 52 68 52 62 42 57 52 44 60 32 70 26 77 19 80 17 76 26 76 21 71 32 76 47 66 60 60 68 50 74
37 18 37 13 51 18 37 18
11 6 14 1 30 1 36 4 44 12 55 20 55 39 43 24 28 16 22 9 11 6
77 42 63 49 63 58 57 48 49 42 36 32 21 37 10 32 15 32 6 28 8 31 3 26 10 22 18 25 32 19 44 21 56 20 66 23 73 24 84 20 84 27 77 42
60 9 60 33 54 20 48 9 60 9
80 44 90 56 94 63 83 74 77 72 67 71 62 66 65 56 76 44 80 44
64 48 54 47 48 45 49 44 64 35 76 24 83 10 91 1 90 9 90 17 87 31 89 40 88 46 88 50 79 44 64 48
73 5 75 7 75 22 73 37 73 5
29 8 36 21 46 34 46 41 34 30 24 27 19 32 15 17 21 8 29 8
40 1 79 1 93 6 93 22 88 22 90 16 91 17 89 14 82 13 76 22 62 22 55 8 40 1
66 70 66 75 58 68 51 58 37 49 32 39 25 29 12 18 18 18 27 27 39 37 44 51 52 56 59 61 66 70
1 1 20 1 12 12 4 20 1 26 1 1
88 23 100 38 100 40 89 44 82 43 72 40 60 41 48 39 34 45 26 42 12 50 0 60 0 54 11 41 21 34 31 29 40 15 50 8 57 0 59 0 56 5 67 8 73 15 88 23
81 45 79 36 82 22 82 14 83 6 83 47 81 56 83 70 83 80 54 80 67 70 80 63 80 51 81 45
78 33 73 19 61 9 52 0 57 3 69 5 77 5 83 7 95 16 100 27 100 52 93 43 86 38 78 33 86 0 88 0 94 11 100 24 100 27 95 16 83 7 77 5 69 5 57 3 52 0 54 0 69 2 84 2 86 0 69 2 54 0 86 0 84 2 69 2 3 25 12 31 27 27 37 28 43 30 42 31 27 40 15 51 8 65 0 74 1 66 1 58 4 44 2 35 3 29 3 25 46 0 59 11 66 21 71 31 85 40 92 50 100 57 100 59 95 56 92 67 85 73 77 88 62 100 60 100 56 89 57 82 60 72 59 60 61 48 55 34 58 26 50 12 40 0 46 0 88 0 100 0 100 24 94 11 88 0 0 10 2 24 0 33 0 10 2 84 4 87 11 88 17 79 31 79 38 93 53 100 14 100 0 95 0 79 5 79 3 85 2 84 81 100 62 100 77 88 85 73 92 67 95 56 100 59 100 75 97 81 89 89 81 100 32 37 24 49 14 62 24 67 24 73 23 78 19 79 17 79 11 88 4 87 2 84 3 85 5 79 0 79 0 74 8 65 15 51 27 40 32 37 25 12 22 22 27 27 12 31 3 25 3 17 16 10 29 0 36 0 25 12 97 81 100 75 100 100 81 100 89 89 97 81 0 95 14 100 0 100 0 95 55 34 61 48 59 60 60 72 57 82 56 89 60 100 53 100 38 93 31 79 22 79 32 73 38 65 48 52 43 37 48 26 48 31 52 22 49 24 54 19 58 26 55 34 54 19 43 30 37 28 27 27 22 22 25 12 36 0 40 0 50 12 54 19 1 58 1 66 0 74 0 33 2 24 0 10 0 0 29 0 16 10 3 17 3 29 2 35 4 44 1 58 71 31 66 21 59 11 46 0 52 0 61 9 73 19 78 33 86 38 93 43 100 52 100 57 92 50 85 40 71 31 48 26 43 37 48 52 38 65 32 73 22 79 19 79 23 78 24 73 24 67 14 62 24 49 32 37 42 31 49 24 52 22 48 31 48 26

5
93 0 93 2 91 2 90 3 84 4 71 6 61 8 49 17 41 27 35 35 24 42 34 32 36 25 39 20 46 15 36 8 42 1 38 0 93 0
11 83 0 72 0 69 12 64 20 58 25 48 32 33 41 28 53 16 60 10 69 6 82 9 88 5 95 12 100 8 100 88 41 88 28 86 19 82 11 83
37 41 78 41 78 57 67 46 59 47 50 43 37 41
0 81 0 36 1 32 8 38 15 28 20 35 25 38 32 40 45 53 55 59 64 72 70 81 0 81
48 25 56 15 68 6 78 4 91 2 97 1 98 0 100 0 100 18 95 22 88 15 82 19 69 16 60 20 53 26 41 38 32 43 25 58 20 68 12 74 0 79 0 68 9 62 22 53 28 43 31 40 42 33 48 25
22 94 9 96 3 97 2 98 0 98 0 80 5 76 12 83 18 79 31 82 40 78 47 72 59 60 68 55 75 40 80 30 88 24 100 19 100 30 91 36 78 45 72 55 69 58 58 65 52 73 44 83 32 92 22 94 91 36 100 30 100 100 55 100 51 99 57 92 47 85 54 80 57 75 59 68 72 55 78 45 91 36 89 5 100 16 100 19 88 24 80 30 75 40 68 55 59 60 47 72 40 78 31 82 18 79 12 83 5 76 0 80 0 0 59 0 72 2 81 6 89 5 2 98 3 97 9 96 22 94 32 92 44 83 52 73 58 65 69 58 59 68 57 75 54 80 47 85 57 92 51 99 55 100 0 100 0 98 2 98 59 0 100 0 100 16 89 5 81 6 72 2 59 0

2
100 4 100 99 0 99 0 97 14 87 24 75 34 65 48 55 55 49 63 43 78 31 84 21 92 15 100 4
84 23 78 33 63 45 55 51 48 57 34 67 24 77 14 89 0 99 0 1 100 1 100 6 92 17 84 23
76 24 66 34 52 44 45 50 37 56 22 68 16 78 8 84 0 95 0 0 100 0 100 2 86 12 76 24 52 44 66 34 76 24 86 12 100 2 100 100 0 100 0 95 8 84 16 78 22 68 37 56 45 50 52 44

18
47 34 46 34 38 29 31 34 36 27 47 21 47 34
27 60 12 60 19 55 27 60
16 55 18 68 4 62 0 49 0 42 11 31 17 20 19 12 26 12 36 11 31 15 32 15 31 17 30 18 23 30 21 45 16 55
65 44 55 47 43 43 70 43 73 47 69 47 83 57 93 72 80 61 71 51 65 44
26 92 27 92 26 93 21 96 17 96 14 92 12 79 17 69 19 54 26 42 31 37 41 32 50 26 64 18 56 25 44 39 36 44 25 55 22 60 27 67 25 77 26 92
33 12 24 24 24 5 28 14 28 11 33 12
90 22 67 22 80 18 86 4 90 1 90 22
6 1 29 1 34 11 36 19 36 20 28 18 17 12 6 1
52 65 64 74 64 91 49 82 44 76 34 61 20 51 24 51 21 47 29 47 41 56 52 65
48 6 52 15 52 17 40 22 32 31 25 31 34 19 43 8 48 9 48 6
12 93 22 82 23 73 23 68 21 55 26 47 20 33 25 21 39 21 44 18 49 24 54 20 53 22 56 23 56 29 52 41 55 51 48 57 38 66 27 79 21 84 12 99 0 99 12 93
44 30 50 44 45 52 47 65 47 70 46 79 36 90 24 96 5 96 10 93 11 92 10 92 9 77 11 67 6 60 9 55 20 44 28 39 40 25 48 18 49 18 44 30
50 28 46 17 44 9 48 13 46 7 43 8 53 1 73 1 73 45 62 37 50 28
49 28 50 28 56 39 63 44 63 48 54 40 49 28
25 34 25 49 33 63 39 72 44 82 35 73 29 61 20 54 11 43 3 35 3 17 27 17 26 20 24 19 28 24 22 29 25 34
16 30 11 33 12 32 7 32 7 30 14 30 22 28 32 23 32 47 24 36 15 34 10 35 16 30
27 90 26 90 26 88 21 88 22 87 17 90 23 85 18 86 9 84 1 73 1 70 8 80 20 85 30 81 43 80 43 84 32 95 33 93 32 93 37 89 27 90
5 43 3 41 7 41 6 28 2 18 7 6 10 5 12 11 8 7 10 15 14 26 26 35 37 43 37 81 29 73 20 62 11 55 5 43
70 100 47 100 42 90 40 82 40 81 48 83 59 89 70 100 34 36 22 31 22 17 19 12 25 7 21 2 23 3 24 0 30 0 42 4 52 1 58 8 67 18 80 29 85 35 100 44 100 56 94 44 83 34 74 33 69 33 56 35 48 30 34 36 56 4 70 14 80 29 67 18 58 8 52 1 42 4 30 0 57 0 60 4 56 4 57 0 65 0 77 9 88 18 100 27 100 44 85 35 80 29 70 14 56 4 60 4 57 0 95 9 100 1 100 16 95 9 93 11 87 0 100 0 100 1 95 9 100 16 93 11 34 58 30 58 31 71 35 81 30 93 27 94 25 88 29 92 27 84 23 73 11 64 0 56 0 18 8 26 17 37 26 44 32 56 34 58 17 37 8 26 0 18 0 0 24 0 23 3 21 2 25 7 19 12 22 17 22 32 30 46 36 55 41 65 32 56 26 44 17 37 100 20 100 27 88 18 77 9 78 4 75 4 84 0 86 0 91 12 100 20 20 100 0 100 0 56 11 64 23 73 27 84 29 92 25 88 27 94 30 93 20 100 20 100 30 93 35 81 31 71 30 58 34 58 45 69 43 68 43 69 39 64 40 74 40 75 38 75 38 80 37 79 40 84 35 78 36 83 34 92 23 100 20 100 59 89 48 83 40 81 40 74 39 64 43 69 43 68 45 69 46 70 58 77 73 79 83 84 96 82 90 96 77 100 70 100 59 89 86 0 87 0 93 11 100 16 100 20 91 12 86 0 97 70 96 69 96 70 81 71 71 69 64 74 59 71 48 60 43 52 29 40 22 32 22 31 34 36 48 30 56 35 69 33 74 33 83 34 94 44 100 56 100 75 97 70 65 0 84 0 75 4 78 4 77 9 65 0 38 75 40 75 40 82 42 90 47 100 23 100 34 92 36 83 35 78 40 84 37 79 38 80 38 75 73 79 58 77 46 70 41 65 36 55 30 46 22 32 29 40 43 52 48 60 59 71 64 74 71 69 81 71 96 70 96 69 97 70 100 75 100 79 96 82 83 84 73 79 96 82 100 79 100 100 77 100 90 96 96 82

9
92 15 93 9 95 18 95 53 82 41 76 28 64 19 50 12 65 8 72 11 80 13 89 9 92 15
56 56 61 59 67 56 74 54 85 54 93 57 95 57 96 52 96 62 53 62 38 61 43 59 56 56
88 57 87 48 84 49 80 47 66 55 60 40 45 30 45 27 46 13 31 1 88 1 88 57
15 25 15 21 30 31 36 46 50 38 54 40 57 39 58 48 58 52 44 61 34 76 34 81 39 88 37 92 10 92 19 90 13 89 19 86 15 77 17 69 20 62 16 47 19 39 12 34 15 25
92 86 85 85 77 86 62 81 54 88 47 85 39 91 33 79 21 71 14 62 0 52 0 51 12 36 26 37 27 37 38 48 44 56 57 71 70 77 84 79 98 79 100 82 100 83 98 81 97 83 92 86
46 86 55 79 63 67 75 61 69 53 72 46 65 38 70 23 69 15 70 8 67 3 65 2 67 0 68 0 73 1 73 3 70 11 70 22 72 29 75 35 72 40 75 53 77 58 76 66 66 79 59 88 52 100 36 100 46 86
0 0 26 0 19 12 12 21 2 34 1 42 0 57 0 0
17 64 5 77 0 77 3 75 3 61 5 47 11 34 26 21 34 15 45 4 45 10 42 19 49 24 46 32 39 46 30 58 17 64
96 48 96 69 92 67 85 72 80 72 65 62 56 48 96 48
83 30 77 43 62 56 54 62 43 73 43 67 46 58 39 53 42 45 49 31 58 19 71 13 83 0 88 0 85 2 85 16 83 30 21 0 19 4 24 11 24 16 14 31 0 40 0 0 21 0 68 86 58 100 57 100 42 88 43 74 43 73 54 62 62 56 77 43 83 30 85 16 85 2 88 0 89 0 87 2 89 3 92 8 91 15 92 23 87 38 94 46 91 53 97 61 85 67 77 79 68 86 39 6 43 15 41 23 38 30 42 45 39 53 46 58 43 67 43 71 28 61 22 46 8 54 4 52 1 53 0 44 0 40 14 31 24 16 24 11 19 4 21 0 48 0 39 2 45 3 39 6 100 43 99 58 97 53 94 40 97 35 94 29 92 22 92 11 95 3 95 1 90 0 100 0 100 43 90 0 95 1 95 3 92 11 92 22 94 29 97 35 94 40 97 53 99 58 98 66 88 79 81 88 74 100 58 100 68 86 77 79 85 67 97 61 91 53 94 46 87 38 92 23 91 15 92 8 89 3 87 2 89 0 90 0 88 79 98 66 99 58 100 43 100 100 74 100 81 88 88 79 39 2 48 0 83 0 71 13 58 19 49 31 42 45 38 30 41 23 43 15 39 6 45 3 39 2 42 88 57 100 0 100 0 44 1 53 4 52 8 54 22 46 28 61 43 71 43 74 42 88

15
0 77 2 78 5 78 11 75 18 64 19 62 21 75 22 84 17 84 9 86 0 85 0 77
87 7 91 14 94 26 94 36 85 35 81 36 80 36 74 35 64 33 56 27 43 16 31 7 20 0 34 0 43 1 49 5 55 4 60 0 74 0 87 7
48 62 42 69 42 79 29 79 44 66 55 52 69 39 78 33 78 28 80 31 75 40 67 51 56 56 48 62
3 75 7 82 20 89 0 89 0 63 3 75
46 91 40 96 40 91 46 91
36 65 23 74 12 88 9 88 9 78 15 71 23 65 34 60 42 49 47 40 43 51 41 60 36 65
55 52 47 61 37 61 48 47 61 38 55 52
6 41 2 47 1 56 1 30 5 35 6 41
30 66 39 58 37 60 35 69 31 80 33 83 33 86 28 95 25 95 26 93 23 90 27 90 25 80 30 66
73 15 64 8 49 1 73 1 73 15
70 71 67 81 67 82 58 77 55 77 48 71 35 58 30 51 17 38 17 30 15 25 21 13 19 9 41 9 51 15 62 25 71 33 69 43 71 52 68 66 70 71
26 12 23 6 23 3 24 1 56 1 71 8 80 15 80 56 71 48 60 39 51 26 37 19 26 12
59 92 54 92 48 83 35 69 21 58 8 43 8 29 14 24 23 24 25 28 19 40 21 45 21 53 34 66 39 73 52 86 59 92
66 39 53 41 41 35 32 22 21 13 35 19 38 22 46 31 60 36 70 34 70 38 73 35 75 36 75 38 66 39
36 60 34 70 43 78 54 88 64 94 1 94 1 68 8 57 17 45 28 32 34 24 36 14 37 8 37 7 38 11 38 22 35 32 37 37 34 51 36 60
99 49 100 40 100 66 96 61 95 55 99 49 64 86 64 87 63 83 63 72 66 62 64 57 67 43 65 34 67 24 58 16 47 6 37 0 100 0 100 26 93 37 84 49 73 62 67 70 65 80 64 86 41 81 29 75 20 62 9 53 23 59 26 62 34 71 48 76 58 74 58 78 61 75 63 76 63 78 54 79 41 81 86 97 93 93 100 80 100 100 74 100 86 97 48 76 34 71 26 62 28 64 37 66 48 70 51 68 54 68 63 73 63 76 61 75 58 78 58 74 48 76 6 0 0 5 0 0 6 0 99 49 95 55 96 61 100 66 100 80 93 93 86 97 74 100 64 100 65 91 64 87 64 86 65 80 67 70 73 62 84 49 93 37 100 26 100 40 99 49 46 68 40 59 27 45 13 34 0 19 0 5 6 0 15 0 17 4 11 16 13 21 13 29 26 42 31 49 44 62 51 68 46 68 14 46 23 59 9 53 0 45 0 35 14 46 57 98 56 100 24 100 9 93 0 86 0 45 9 53 20 62 29 75 43 82 54 89 57 95 57 98 65 91 64 100 56 100 57 98 57 95 54 89 43 82 41 81 54 79 63 78 63 83 65 91 10 32 17 38 23 46 28 57 39 65 48 70 37 66 28 64 23 59 14 46 0 35 0 32 10 32 11 16 17 4 15 0 37 0 47 6 58 16 67 24 65 34 67 43 64 57 66 62 63 72 63 73 54 68 51 68 44 62 31 49 26 42 13 29 13 21 11 16 0 100 0 86 9 93 24 100 0 100 0 19 13 34 27 45 40 59 46 68 51 68 48 70 39 65 28 57 23 46 17 38 10 32 0 32 0 19

18
1 67 3 64 3 65 5 80 1 87 1 67
41 7 43 11 37 14 24 15 15 2 21 2 26 4 37 6 44 6 44 9 41 7
0 93 4 86 9 91 3 94 0 99 0 93
34 17 44 7 53 10 42 10 34 17
37 4 32 13 30 7 33 5 35 5 36 3 34 2 30 1 42 1 45 4 37 4
68 24 64 17 64 10 77 18 82 23 91 37 71 37 68 24
40 14 48 19 61 31 72 39 75 38 84 43 83 50 79 53 64 49 52 53 38 48 27 51 16 53 5 38 5 32 18 23 17 10 22 5 29 9 40 14
99 70 99 93 92 83 86 76 81 66 70 51 59 53 48 56 34 51 22 55 7 51 3 54 2 61 2 53 0 55 4 50 18 50 33 45 44 34 55 38 65 36 80 43 92 57 99 70
59 18 59 25 39 25 46 21 59 18
21 0 13 8 1 3 1 0 21 0
68 35 59 27 50 24 51 23 66 18 70 18 85 22 85 30 83 36 81 37 68 35
3 78 2 79 2 69 17 73 7 73 3 78
23 19 23 1 71 1 56 16 43 16 30 22 23 19
43 55 50 63 50 74 42 83 40 96 41 98 47 100 12 100 12 63 18 48 28 37 38 31 49 20 58 6 63 0 79 0 66 7 52 19 45 34 47 44 43 55
9 5 20 7 25 9 37 9 27 14 20 20 10 27 3 27 8 15 0 7 0 5 3 0 5 4 2 2 2 5 9 5
24 38 19 33 6 25 6 17 7 13 8 11 10 12 10 14 12 17 21 14 32 22 45 34 43 45 43 52 33 52 24 38
74 7 65 21 54 32 44 38 34 49 28 64 28 19 35 22 48 16 61 16 76 1 79 1 74 7
30 76 38 81 49 86 56 90 41 92 40 92 43 94 28 94 28 87 30 76
17 30 26 38 35 41 34 42 19 47 15 47 0 43 0 35 2 29 4 28 17 30 45 31 56 35 66 33 81 40 93 54 100 67 100 90 93 80 87 73 82 63 71 48 60 50 49 53 35 48 23 52 8 48 4 51 3 58 3 50 1 52 5 47 19 47 34 42 45 31 1 52 0 53 0 43 15 47 5 47 1 52 85 20 79 7 82 0 100 0 100 48 85 33 85 20 82 69 69 78 70 91 65 96 58 92 47 87 39 82 26 70 15 62 12 63 3 58 4 51 8 48 23 52 35 48 49 53 60 50 71 48 82 63 82 69 0 53 3 50 3 58 12 63 6 65 4 62 4 60 2 59 1 61 0 65 0 53 35 41 26 38 37 38 45 31 35 41 82 63 87 73 93 80 100 90 100 97 88 92 80 100 78 100 73 97 77 95 75 98 78 98 78 91 80 80 82 75 82 63 73 97 78 100 72 100 65 96 70 91 73 97 50 98 65 96 72 100 52 100 49 98 50 98 69 78 82 69 82 75 80 80 78 91 78 98 75 98 77 95 73 97 70 91 69 78 82 0 79 7 85 20 85 33 100 48 100 51 94 46 80 37 69 26 63 16 52 6 37 0 82 0 47 87 58 92 65 96 50 98 49 98 52 100 37 100 37 93 39 82 47 87 4 28 2 29 0 35 0 0 37 0 52 6 63 16 69 26 80 37 94 46 100 51 100 67 93 54 81 40 66 33 56 35 45 31 37 38 26 38 17 30 4 28 26 70 39 82 37 93 37 100 27 100 18 86 13 81 0 73 0 65 1 61 2 59 4 60 4 62 6 65 15 62 26 70 0 100 0 80 4 87 7 100 0 100 100 97 100 100 80 100 88 92 100 97 4 87 0 80 0 73 13 81 18 86 27 100 7 100 4 87

20
61 38 63 32 63 48 61 38
43 59 52 51 67 40 76 29 73 22 76 15 74 1 86 1 86 30 83 36 71 41 60 52 45 60 32 69 18 78 4 86 16 78 27 72 37 65 43 59
0 16 0 10 10 15 24 11 33 15 42 16 0 16
83 69 85 76 84 84 83 89 83 69
62 86 53 72 50 65 48 53 49 41 43 28 34 18 24 10 24 5 39 14 47 28 56 42 65 55 73 70 84 81 89 93 95 96 77 96 62 86
16 49 27 59 31 60 32 60 26 61 14 61 14 56 11 55 16 49
16 8 17 6 31 6 27 9 29 7 26 9 31 13 26 26 39 39 46 54 61 62 74 76 81 82 81 88 67 76 54 69 46 63 38 56 25 44 12 29 19 21 19 12 16 8
74 35 74 44 73 40 72 46 64 42 57 56 55 53 53 49 55 50 52 47 62 41 71 31 74 35
16 33 31 43 16 43 22 42 21 42 17 41 6 31 7 19 16 33
75 32 64 38 58 46 49 61 46 64 36 71 25 77 22 79 8 72 12 64 6 63 10 62 18 69 33 56 45 43 52 35 58 27 65 14 77 0 83 0 85 14 82 21 75 32
24 15 35 30 43 39 46 42 31 33 23 27 17 16 6 9 13 6 24 15
10 67 7 65 6 68 1 68 8 63 10 48 20 42 36 42 39 43 32 56 26 61 20 64 15 68 11 61 10 67
71 65 71 91 52 91 62 85 64 70 71 65
22 53 21 46 27 39 20 25 20 23 22 24 32 33 38 43 41 40 40 42 44 40 38 44 29 59 24 59 22 53
77 41 89 42 95 47 92 45 91 51 87 44 82 48 76 51 70 56 63 69 57 67 52 65 41 67 27 70 15 70 23 60 33 51 46 45 58 46 70 44 77 41
59 77 54 74 46 76 39 74 25 64 22 61 27 48 22 44 25 42 23 44 27 41 35 41 44 42 53 46 67 42 77 47 77 56 74 71 74 78 72 70 73 75 59 77
14 52 9 50 0 47 1 47 6 48 14 49 21 47 39 47 25 50 14 52
15 26 30 27 42 27 57 30 36 30 30 28 20 30 7 30 15 26
19 13 12 14 6 16 6 12 40 12 26 19 19 13
50 21 42 36 27 43 17 53 27 39 29 32 27 24 30 19 28 5 23 6 31 4 36 4 51 5 59 1 70 1 64 8 50 21
22 81 19 75 14 69 1 62 3 56 5 51 3 40 0 26 0 14 10 22 19 32 25 45 24 57 26 69 29 76 28 88 23 94 25 91 19 90 26 86 22 81 6 91 21 93 26 100 0 100 0 81 6 91 24 57 25 45 19 32 10 22 0 14 0 9 15 18 23 32 32 46 41 59 49 74 60 85 65 97 71 100 53 100 38 90 29 76 26 69 24 57 5 51 3 56 0 65 0 64 1 59 2 51 0 44 0 26 3 40 5 51 100 36 98 42 100 52 100 65 96 57 97 42 97 30 100 15 100 36 26 95 23 94 28 88 39 98 43 99 44 99 38 100 26 100 26 95 34 0 20 7 13 1 6 2 0 4 0 0 34 0 23 32 15 18 23 30 29 41 36 51 42 57 50 66 61 81 72 90 79 87 86 90 100 88 100 100 71 100 65 97 60 85 49 74 41 59 32 46 23 32 48 23 62 33 69 35 77 33 82 36 96 34 95 29 97 37 97 42 96 57 100 65 100 76 93 70 80 56 65 48 58 33 48 23 38 90 53 100 38 100 44 99 43 99 39 98 28 88 29 76 38 90 86 70 73 63 65 57 57 50 44 38 31 23 38 15 38 6 35 2 36 0 50 0 46 3 48 1 45 3 50 7 45 20 58 33 65 48 80 56 93 70 100 76 100 82 86 70 100 36 100 52 98 42 100 36 57 50 65 57 73 63 86 70 100 82 100 88 86 90 79 87 68 80 62 69 54 63 39 54 36 51 29 41 23 30 21 27 28 13 36 17 37 11 38 15 31 23 44 38 57 50 1 59 0 64 0 44 2 51 1 59 58 0 100 0 100 6 90 1 76 5 67 1 58 0 97 37 95 29 96 34 82 36 77 33 69 35 62 33 48 23 45 20 50 7 45 3 48 1 46 3 50 0 58 0 67 1 76 5 90 1 100 6 100 15 97 30 97 37 17 20 19 21 16 18 26 12 35 2 38 6 38 15 37 11 36 17 28 13 21 27 19 24 17 20 0 9 0 4 6 2 13 1 20 7 34 0 36 0 35 2 26 12 16 18 19 21 17 20 19 24 15 18 0 9 61 81 50 66 42 57 39 54 54 63 62 69 68 80 79 87 72 90 61 81 21 93 6 91 0 81 0 65 1 62 14 69 19 75 22 81 26 86 19 90 25 91 23 94 26 95 26 100 21 93

18
44 81 37 88 25 95 20 100 14 100 27 91 32 85 38 71 48 60 63 45 68 37 75 24 75 31 73 37 71 47 68 54 63 67 52 72 44 81
32 41 26 50 29 41 32 41
3 64 9 54 21 44 30 39 45 25 53 19 65 13 74 4 75 2 75 1 74 1 75 0 76 0 82 2 76 10 80 20 76 32 71 39 57 45 43 50 29 60 20 57 13 63 7 64 3 64
54 62 61 68 68 73 80 77 85 75 100 80 100 99 85 99 75 96 70 91 58 77 48 64 36 55 22 45 8 32 0 25 0 22 14 34 27 45 42 51 54 62
40 61 34 54 37 45 27 31 22 17 16 3 23 9 35 20 50 26 63 37 77 49 77 52 71 52 65 54 56 50 51 57 49 63 43 72 41 72 41 67 40 61
39 76 48 80 54 78 60 78 60 98 29 98 34 83 39 76
66 33 62 19 66 8 66 33
37 25 37 28 33 39 37 53 37 69 25 55 13 48 7 35 2 23 1 22 12 22 26 29 37 25
56 65 66 68 57 68 44 61 36 56 27 47 35 54 27 45 19 34 10 23 3 14 17 24 29 33 39 46 51 60 56 65
48 24 43 13 30 8 23 5 13 3 7 1 10 1 19 2 26 5 38 4 43 10 56 15 67 29 76 40 76 56 71 51 64 39 57 32 48 24
69 70 63 58 57 50 43 35 38 26 28 14 18 8 18 7 25 7 34 15 42 29 57 47 65 60 75 66 82 71 82 80 81 79 81 80 80 80 78 79 69 70
20 37 31 51 44 56 49 62 61 61 68 64 77 65 67 65 59 63 48 63 34 60 19 64 15 64 15 65 11 65 11 26 20 37
0 55 11 51 25 58 0 58 0 55
40 76 25 58 17 44 8 36 11 36 22 44 27 55 41 63 49 69 62 81 60 85 62 90 61 87 65 87 65 100 58 95 48 89 40 76
51 2 40 2 32 0 84 0 84 1 80 1 65 5 51 2
6 21 4 25 17 37 25 43 39 51 44 62 55 70 37 70 36 69 31 57 25 44 13 37 1 23 1 19 5 19 4 16 6 21
15 21 10 23 2 17 0 23 0 16 15 21
100 19 93 27 87 33 77 44 71 58 66 64 53 73 40 73 47 65 60 51 69 44 80 35 91 27 100 19
96 17 100 6 100 31 96 17 87 63 96 72 98 73 99 73 99 72 100 73 100 74 98 80 90 74 80 78 68 74 61 69 55 55 50 41 40 27 43 18 37 11 36 5 36 1 46 7 56 19 61 28 75 43 81 51 87 63 100 73 99 72 99 73 98 73 96 72 87 63 81 51 75 43 61 28 56 19 46 7 36 1 36 0 43 0 52 8 60 22 75 40 83 53 93 59 100 64 100 73 89 7 75 0 100 0 100 3 89 7 34 0 28 9 31 0 34 0 12 18 6 20 0 20 0 0 31 0 26 15 21 22 12 18 90 74 98 80 100 74 100 81 85 76 90 74 38 66 29 55 22 46 36 56 48 65 58 78 70 92 75 97 85 100 76 100 63 93 55 88 46 79 54 86 46 77 38 66 0 26 8 33 22 46 29 55 38 66 46 77 54 86 46 79 40 73 29 63 15 57 9 52 0 39 0 26 5 50 12 62 19 69 28 77 33 88 46 93 53 96 63 98 69 100 66 100 57 99 50 96 38 97 33 91 20 86 9 72 0 61 0 45 5 50 100 81 100 100 85 100 75 97 70 92 58 78 48 65 36 56 22 46 8 33 0 26 0 23 14 35 27 46 42 52 54 63 61 69 68 74 80 78 85 76 100 81 57 8 46 0 64 0 65 1 70 13 76 26 88 33 100 47 100 51 96 51 97 54 95 49 97 45 84 33 76 27 62 19 57 8 12 62 5 50 0 45 0 39 9 52 15 57 29 63 40 73 55 88 63 93 76 100 69 100 63 98 53 96 46 93 33 88 28 77 19 69 12 62 37 98 48 98 56 100 4 100 4 99 8 99 23 95 37 98 70 13 65 1 64 0 75 0 89 7 100 3 100 6 96 17 100 31 100 47 88 33 76 26 70 13 23 95 8 99 4 99 4 100 0 100 0 61 9 72 20 86 33 91 38 97 50 96 57 99 66 100 56 100 48 98 37 98 23 95 34 0 36 0 36 5 37 11 43 18 40 27 50 41 55 55 61 69 54 63 42 52 27 46 14 35 0 23 0 20 6 20 12 18 21 22 26 15 28 9 34 0 93 59 83 53 75 40 60 22 52 8 43 0 46 0 57 8 62 19 76 27 84 33 97 45 95 49 97 54 96 51 100 51 100 64 93 59

1
0 100 0 0 100 0 100 100 0 100
100 0 100 100 0 100 0 0 100 0

12
0 41 4 40 3 36 1 37 5 29 17 22 29 16 39 1 55 1 40 7 35 20 29 25 19 37 4 35 5 40 0 41
28 8 22 8 20 7 26 3 56 3 56 89 42 79 33 71 27 56 23 51 28 44 28 32 24 21 28 8
83 99 56 99 69 90 81 81 83 75 83 99
0 13 9 21 16 27 26 41 40 53 39 61 34 76 36 61 24 51 19 45 6 40 0 25 0 13
57 17 61 17 61 50 52 42 49 30 54 19 57 17
75 20 88 35 85 41 83 42 82 38 86 37 81 38 82 43 67 38 59 37 47 51 33 61 27 68 19 77 18 77 16 72 21 74 15 68 17 55 23 43 22 36 32 26 45 18 51 12 46 19 49 15 51 17 54 15 62 21 75 20
24 35 39 38 42 37 35 42 25 42 19 40 10 28 1 15 1 0 6 12 17 26 24 35
43 91 55 95 43 95 34 84 23 72 11 57 7 49 8 46 11 48 17 60 24 72 38 79 43 91
63 30 64 43 58 51 60 54 58 56 62 59 55 54 49 48 43 33 34 25 20 15 20 5 22 8 33 13 45 10 53 1 61 1 73 5 78 17 63 30
22 44 37 32 49 21 36 34 22 46 13 59 3 59 11 47 14 48 22 44
45 29 42 44 33 51 19 62 7 67 2 67 11 54 25 42 38 29 49 20 49 33 44 26 45 29
70 23 72 10 66 4 71 6 69 1 83 1 83 71 79 65 78 67 78 73 65 69 54 73 42 73 35 68 30 72 42 60 55 52 65 42 64 35 70 23
58 100 70 95 84 84 93 77 96 62 95 59 100 66 100 76 98 82 86 91 73 100 58 100 86 91 98 82 100 76 100 100 73 100 86 91 27 100 15 100 23 91 29 84 43 74 55 60 63 61 78 66 63 64 53 76 47 81 42 94 27 100 28 49 41 41 47 35 42 42 45 38 47 40 50 38 58 44 71 43 84 58 81 64 79 65 78 61 82 60 77 61 78 66 63 61 55 60 43 74 29 84 23 91 15 100 14 100 12 95 17 97 11 91 13 78 19 66 18 59 28 49 81 64 77 72 65 79 53 85 43 100 27 100 42 94 47 81 53 76 63 64 78 66 77 61 82 60 78 61 79 65 81 64 62 87 76 75 89 62 100 53 100 66 95 59 96 62 93 77 84 84 70 95 58 100 53 100 62 87 77 73 62 85 54 89 51 88 53 85 65 79 77 72 84 58 96 53 100 41 100 53 89 62 77 73 5 28 5 34 4 36 0 30 0 0 86 0 76 14 68 23 53 29 48 33 41 28 29 28 18 32 5 28 62 85 77 73 89 62 76 75 62 87 53 100 43 100 51 88 54 89 62 85 91 25 88 13 93 2 96 0 100 0 100 33 91 25 41 41 28 49 18 59 19 66 13 78 11 91 17 97 12 95 14 100 0 100 0 30 4 36 5 34 5 28 18 32 29 28 41 28 48 33 53 29 41 41 47 40 45 38 42 42 47 35 53 29 68 23 76 14 86 0 96 0 93 2 88 13 91 25 100 33 100 41 96 53 84 58 71 43 58 44 50 38 47 40

0
