1 0 0 2 2
0 1 1 1
2 0 0 2 2
1 2 1 0
0 1 2 1
0 0 0 1 1
1 0 0 2 2
1 2 1 0
1 0 0 2 2
1 2 1 1
0 -1000000 -1000000 1000000 1000000
1 -1000000 -1000000 1000000 1000000
-1000000 0 1000000 0
1 -1000000 -1000000 1000000 1000000
0 1000000 0 -1000000
1 -1000000000 -1 1000000000 1
0 -1 0 1
4 0 0 3 3
1 1 1 2
2 1 1 1
2 2 2 1
2 1 2 2
3 0 0 4 4
0 1 3 1
4 2 1 2
0 3 3 3
4 0 0 8 8
0 2 6 2
8 4 2 4
0 6 6 6
4 7 4 3
9 0 0 8 8
0 2 6 2
8 4 2 4
0 6 6 6
3 3 3 1
1 1 1 3
3 3 3 5
5 3 5 5
4 5 4 7
2 7 2 5
9 0 0 8 8
0 2 6 2
8 4 2 4
0 6 6 6
4 3 4 1
2 1 2 3
3 3 3 5
5 3 5 5
4 5 4 7
2 7 2 5
1000 -250 -250 250 250
249 249 249 250
249 249 250 249
-249 -249 249 -249
-249 -248 249 -248
-249 -247 249 -247
-249 -246 249 -246
-249 -245 249 -245
-249 -244 249 -244
-249 -243 249 -243
-249 -242 249 -242
-249 -241 249 -241
-249 -240 249 -240
-249 -239 249 -239
-249 -238 249 -238
-249 -237 249 -237
-249 -236 249 -236
-249 -235 249 -235
-249 -234 249 -234
-249 -233 249 -233
-249 -232 249 -232
-249 -231 249 -231
-249 -230 249 -230
-249 -229 249 -229
-249 -228 249 -228
-249 -227 249 -227
-249 -226 249 -226
-249 -225 249 -225
-249 -224 249 -224
-249 -223 249 -223
-249 -222 249 -222
-249 -221 249 -221
-249 -220 249 -220
-249 -219 249 -219
-249 -218 249 -218
-249 -217 249 -217
-249 -216 249 -216
-249 -215 249 -215
-249 -214 249 -214
-249 -213 249 -213
-249 -212 249 -212
-249 -211 249 -211
-249 -210 249 -210
-249 -209 249 -209
-249 -208 249 -208
-249 -207 249 -207
-249 -206 249 -206
-249 -205 249 -205
-249 -204 249 -204
-249 -203 249 -203
-249 -202 249 -202
-249 -201 249 -201
-249 -200 249 -200
-249 -199 249 -199
-249 -198 249 -198
-249 -197 249 -197
-249 -196 249 -196
-249 -195 249 -195
-249 -194 249 -194
-249 -193 249 -193
-249 -192 249 -192
-249 -191 249 -191
-249 -190 249 -190
-249 -189 249 -189
-249 -188 249 -188
-249 -187 249 -187
-249 -186 249 -186
-249 -185 249 -185
-249 -184 249 -184
-249 -183 249 -183
-249 -182 249 -182
-249 -181 249 -181
-249 -180 249 -180
-249 -179 249 -179
-249 -178 249 -178
-249 -177 249 -177
-249 -176 249 -176
-249 -175 249 -175
-249 -174 249 -174
-249 -173 249 -173
-249 -172 249 -172
-249 -171 249 -171
-249 -170 249 -170
-249 -169 249 -169
-249 -168 249 -168
-249 -167 249 -167
-249 -166 249 -166
-249 -165 249 -165
-249 -164 249 -164
-249 -163 249 -163
-249 -162 249 -162
-249 -161 249 -161
-249 -160 249 -160
-249 -159 249 -159
-249 -158 249 -158
-249 -157 249 -157
-249 -156 249 -156
-249 -155 249 -155
-249 -154 249 -154
-249 -153 249 -153
-249 -152 249 -152
-249 -151 249 -151
-249 -150 249 -150
-249 -149 249 -149
-249 -148 249 -148
-249 -147 249 -147
-249 -146 249 -146
-249 -145 249 -145
-249 -144 249 -144
-249 -143 249 -143
-249 -142 249 -142
-249 -141 249 -141
-249 -140 249 -140
-249 -139 249 -139
-249 -138 249 -138
-249 -137 249 -137
-249 -136 249 -136
-249 -135 249 -135
-249 -134 249 -134
-249 -133 249 -133
-249 -132 249 -132
-249 -131 249 -131
-249 -130 249 -130
-249 -129 249 -129
-249 -128 249 -128
-249 -127 249 -127
-249 -126 249 -126
-249 -125 249 -125
-249 -124 249 -124
-249 -123 249 -123
-249 -122 249 -122
-249 -121 249 -121
-249 -120 249 -120
-249 -119 249 -119
-249 -118 249 -118
-249 -117 249 -117
-249 -116 249 -116
-249 -115 249 -115
-249 -114 249 -114
-249 -113 249 -113
-249 -112 249 -112
-249 -111 249 -111
-249 -110 249 -110
-249 -109 249 -109
-249 -108 249 -108
-249 -107 249 -107
-249 -106 249 -106
-249 -105 249 -105
-249 -104 249 -104
-249 -103 249 -103
-249 -102 249 -102
-249 -101 249 -101
-249 -100 249 -100
-249 -99 249 -99
-249 -98 249 -98
-249 -97 249 -97
-249 -96 249 -96
-249 -95 249 -95
-249 -94 249 -94
-249 -93 249 -93
-249 -92 249 -92
-249 -91 249 -91
-249 -90 249 -90
-249 -89 249 -89
-249 -88 249 -88
-249 -87 249 -87
-249 -86 249 -86
-249 -85 249 -85
-249 -84 249 -84
-249 -83 249 -83
-249 -82 249 -82
-249 -81 249 -81
-249 -80 249 -80
-249 -79 249 -79
-249 -78 249 -78
-249 -77 249 -77
-249 -76 249 -76
-249 -75 249 -75
-249 -74 249 -74
-249 -73 249 -73
-249 -72 249 -72
-249 -71 249 -71
-249 -70 249 -70
-249 -69 249 -69
-249 -68 249 -68
-249 -67 249 -67
-249 -66 249 -66
-249 -65 249 -65
-249 -64 249 -64
-249 -63 249 -63
-249 -62 249 -62
-249 -61 249 -61
-249 -60 249 -60
-249 -59 249 -59
-249 -58 249 -58
-249 -57 249 -57
-249 -56 249 -56
-249 -55 249 -55
-249 -54 249 -54
-249 -53 249 -53
-249 -52 249 -52
-249 -51 249 -51
-249 -50 249 -50
-249 -49 249 -49
-249 -48 249 -48
-249 -47 249 -47
-249 -46 249 -46
-249 -45 249 -45
-249 -44 249 -44
-249 -43 249 -43
-249 -42 249 -42
-249 -41 249 -41
-249 -40 249 -40
-249 -39 249 -39
-249 -38 249 -38
-249 -37 249 -37
-249 -36 249 -36
-249 -35 249 -35
-249 -34 249 -34
-249 -33 249 -33
-249 -32 249 -32
-249 -31 249 -31
-249 -30 249 -30
-249 -29 249 -29
-249 -28 249 -28
-249 -27 249 -27
-249 -26 249 -26
-249 -25 249 -25
-249 -24 249 -24
-249 -23 249 -23
-249 -22 249 -22
-249 -21 249 -21
-249 -20 249 -20
-249 -19 249 -19
-249 -18 249 -18
-249 -17 249 -17
-249 -16 249 -16
-249 -15 249 -15
-249 -14 249 -14
-249 -13 249 -13
-249 -12 249 -12
-249 -11 249 -11
-249 -10 249 -10
-249 -9 249 -9
-249 -8 249 -8
-249 -7 249 -7
-249 -6 249 -6
-249 -5 249 -5
-249 -4 249 -4
-249 -3 249 -3
-249 -2 249 -2
-249 -1 249 -1
-249 0 249 0
-249 1 249 1
-249 2 249 2
-249 3 249 3
-249 4 249 4
-249 5 249 5
-249 6 249 6
-249 7 249 7
-249 8 249 8
-249 9 249 9
-249 10 249 10
-249 11 249 11
-249 12 249 12
-249 13 249 13
-249 14 249 14
-249 15 249 15
-249 16 249 16
-249 17 249 17
-249 18 249 18
-249 19 249 19
-249 20 249 20
-249 21 249 21
-249 22 249 22
-249 23 249 23
-249 24 249 24
-249 25 249 25
-249 26 249 26
-249 27 249 27
-249 28 249 28
-249 29 249 29
-249 30 249 30
-249 31 249 31
-249 32 249 32
-249 33 249 33
-249 34 249 34
-249 35 249 35
-249 36 249 36
-249 37 249 37
-249 38 249 38
-249 39 249 39
-249 40 249 40
-249 41 249 41
-249 42 249 42
-249 43 249 43
-249 44 249 44
-249 45 249 45
-249 46 249 46
-249 47 249 47
-249 48 249 48
-249 49 249 49
-249 50 249 50
-249 51 249 51
-249 52 249 52
-249 53 249 53
-249 54 249 54
-249 55 249 55
-249 56 249 56
-249 57 249 57
-249 58 249 58
-249 59 249 59
-249 60 249 60
-249 61 249 61
-249 62 249 62
-249 63 249 63
-249 64 249 64
-249 65 249 65
-249 66 249 66
-249 67 249 67
-249 68 249 68
-249 69 249 69
-249 70 249 70
-249 71 249 71
-249 72 249 72
-249 73 249 73
-249 74 249 74
-249 75 249 75
-249 76 249 76
-249 77 249 77
-249 78 249 78
-249 79 249 79
-249 80 249 80
-249 81 249 81
-249 82 249 82
-249 83 249 83
-249 84 249 84
-249 85 249 85
-249 86 249 86
-249 87 249 87
-249 88 249 88
-249 89 249 89
-249 90 249 90
-249 91 249 91
-249 92 249 92
-249 93 249 93
-249 94 249 94
-249 95 249 95
-249 96 249 96
-249 97 249 97
-249 98 249 98
-249 99 249 99
-249 100 249 100
-249 101 249 101
-249 102 249 102
-249 103 249 103
-249 104 249 104
-249 105 249 105
-249 106 249 106
-249 107 249 107
-249 108 249 108
-249 109 249 109
-249 110 249 110
-249 111 249 111
-249 112 249 112
-249 113 249 113
-249 114 249 114
-249 115 249 115
-249 116 249 116
-249 117 249 117
-249 118 249 118
-249 119 249 119
-249 120 249 120
-249 121 249 121
-249 122 249 122
-249 123 249 123
-249 124 249 124
-249 125 249 125
-249 126 249 126
-249 127 249 127
-249 128 249 128
-249 129 249 129
-249 130 249 130
-249 131 249 131
-249 132 249 132
-249 133 249 133
-249 134 249 134
-249 135 249 135
-249 136 249 136
-249 137 249 137
-249 138 249 138
-249 139 249 139
-249 140 249 140
-249 141 249 141
-249 142 249 142
-249 143 249 143
-249 144 249 144
-249 145 249 145
-249 146 249 146
-249 147 249 147
-249 148 249 148
-249 149 249 149
-249 150 249 150
-249 151 249 151
-249 152 249 152
-249 153 249 153
-249 154 249 154
-249 155 249 155
-249 156 249 156
-249 157 249 157
-249 158 249 158
-249 159 249 159
-249 160 249 160
-249 161 249 161
-249 162 249 162
-249 163 249 163
-249 164 249 164
-249 165 249 165
-249 166 249 166
-249 167 249 167
-249 168 249 168
-249 169 249 169
-249 170 249 170
-249 171 249 171
-249 172 249 172
-249 173 249 173
-249 174 249 174
-249 175 249 175
-249 176 249 176
-249 177 249 177
-249 178 249 178
-249 179 249 179
-249 180 249 180
-249 181 249 181
-249 182 249 182
-249 183 249 183
-249 184 249 184
-249 185 249 185
-249 186 249 186
-249 187 249 187
-249 188 249 188
-249 189 249 189
-249 190 249 190
-249 191 249 191
-249 192 249 192
-249 193 249 193
-249 194 249 194
-249 195 249 195
-249 196 249 196
-249 197 249 197
-249 198 249 198
-249 199 249 199
-249 200 249 200
-249 201 249 201
-249 202 249 202
-249 203 249 203
-249 204 249 204
-249 205 249 205
-249 206 249 206
-249 207 249 207
-249 208 249 208
-249 209 249 209
-249 210 249 210
-249 211 249 211
-249 212 249 212
-249 213 249 213
-249 214 249 214
-249 215 249 215
-249 216 249 216
-249 217 249 217
-249 218 249 218
-249 219 249 219
-249 220 249 220
-249 221 249 221
-249 222 249 222
-249 223 249 223
-249 224 249 224
-249 225 249 225
-249 226 249 226
-249 227 249 227
-249 228 249 228
-249 229 249 229
-249 230 249 230
-249 231 249 231
-249 232 249 232
-249 233 249 233
-249 234 249 234
-249 235 249 235
-249 236 249 236
-249 237 249 237
-249 238 249 238
-249 239 249 239
-249 240 249 240
-249 241 249 241
-249 242 249 242
-249 243 249 243
-249 244 249 244
-249 245 249 245
-249 246 249 246
-249 247 249 247
-249 248 249 248
-249 249 249 249
-249 -249 -249 249
-248 -249 -248 249
-247 -249 -247 249
-246 -249 -246 249
-245 -249 -245 249
-244 -249 -244 249
-243 -249 -243 249
-242 -249 -242 249
-241 -249 -241 249
-240 -249 -240 249
-239 -249 -239 249
-238 -249 -238 249
-237 -249 -237 249
-236 -249 -236 249
-235 -249 -235 249
-234 -249 -234 249
-233 -249 -233 249
-232 -249 -232 249
-231 -249 -231 249
-230 -249 -230 249
-229 -249 -229 249
-228 -249 -228 249
-227 -249 -227 249
-226 -249 -226 249
-225 -249 -225 249
-224 -249 -224 249
-223 -249 -223 249
-222 -249 -222 249
-221 -249 -221 249
-220 -249 -220 249
-219 -249 -219 249
-218 -249 -218 249
-217 -249 -217 249
-216 -249 -216 249
-215 -249 -215 249
-214 -249 -214 249
-213 -249 -213 249
-212 -249 -212 249
-211 -249 -211 249
-210 -249 -210 249
-209 -249 -209 249
-208 -249 -208 249
-207 -249 -207 249
-206 -249 -206 249
-205 -249 -205 249
-204 -249 -204 249
-203 -249 -203 249
-202 -249 -202 249
-201 -249 -201 249
-200 -249 -200 249
-199 -249 -199 249
-198 -249 -198 249
-197 -249 -197 249
-196 -249 -196 249
-195 -249 -195 249
-194 -249 -194 249
-193 -249 -193 249
-192 -249 -192 249
-191 -249 -191 249
-190 -249 -190 249
-189 -249 -189 249
-188 -249 -188 249
-187 -249 -187 249
-186 -249 -186 249
-185 -249 -185 249
-184 -249 -184 249
-183 -249 -183 249
-182 -249 -182 249
-181 -249 -181 249
-180 -249 -180 249
-179 -249 -179 249
-178 -249 -178 249
-177 -249 -177 249
-176 -249 -176 249
-175 -249 -175 249
-174 -249 -174 249
-173 -249 -173 249
-172 -249 -172 249
-171 -249 -171 249
-170 -249 -170 249
-169 -249 -169 249
-168 -249 -168 249
-167 -249 -167 249
-166 -249 -166 249
-165 -249 -165 249
-164 -249 -164 249
-163 -249 -163 249
-162 -249 -162 249
-161 -249 -161 249
-160 -249 -160 249
-159 -249 -159 249
-158 -249 -158 249
-157 -249 -157 249
-156 -249 -156 249
-155 -249 -155 249
-154 -249 -154 249
-153 -249 -153 249
-152 -249 -152 249
-151 -249 -151 249
-150 -249 -150 249
-149 -249 -149 249
-148 -249 -148 249
-147 -249 -147 249
-146 -249 -146 249
-145 -249 -145 249
-144 -249 -144 249
-143 -249 -143 249
-142 -249 -142 249
-141 -249 -141 249
-140 -249 -140 249
-139 -249 -139 249
-138 -249 -138 249
-137 -249 -137 249
-136 -249 -136 249
-135 -249 -135 249
-134 -249 -134 249
-133 -249 -133 249
-132 -249 -132 249
-131 -249 -131 249
-130 -249 -130 249
-129 -249 -129 249
-128 -249 -128 249
-127 -249 -127 249
-126 -249 -126 249
-125 -249 -125 249
-124 -249 -124 249
-123 -249 -123 249
-122 -249 -122 249
-121 -249 -121 249
-120 -249 -120 249
-119 -249 -119 249
-118 -249 -118 249
-117 -249 -117 249
-116 -249 -116 249
-115 -249 -115 249
-114 -249 -114 249
-113 -249 -113 249
-112 -249 -112 249
-111 -249 -111 249
-110 -249 -110 249
-109 -249 -109 249
-108 -249 -108 249
-107 -249 -107 249
-106 -249 -106 249
-105 -249 -105 249
-104 -249 -104 249
-103 -249 -103 249
-102 -249 -102 249
-101 -249 -101 249
-100 -249 -100 249
-99 -249 -99 249
-98 -249 -98 249
-97 -249 -97 249
-96 -249 -96 249
-95 -249 -95 249
-94 -249 -94 249
-93 -249 -93 249
-92 -249 -92 249
-91 -249 -91 249
-90 -249 -90 249
-89 -249 -89 249
-88 -249 -88 249
-87 -249 -87 249
-86 -249 -86 249
-85 -249 -85 249
-84 -249 -84 249
-83 -249 -83 249
-82 -249 -82 249
-81 -249 -81 249
-80 -249 -80 249
-79 -249 -79 249
-78 -249 -78 249
-77 -249 -77 249
-76 -249 -76 249
-75 -249 -75 249
-74 -249 -74 249
-73 -249 -73 249
-72 -249 -72 249
-71 -249 -71 249
-70 -249 -70 249
-69 -249 -69 249
-68 -249 -68 249
-67 -249 -67 249
-66 -249 -66 249
-65 -249 -65 249
-64 -249 -64 249
-63 -249 -63 249
-62 -249 -62 249
-61 -249 -61 249
-60 -249 -60 249
-59 -249 -59 249
-58 -249 -58 249
-57 -249 -57 249
-56 -249 -56 249
-55 -249 -55 249
-54 -249 -54 249
-53 -249 -53 249
-52 -249 -52 249
-51 -249 -51 249
-50 -249 -50 249
-49 -249 -49 249
-48 -249 -48 249
-47 -249 -47 249
-46 -249 -46 249
-45 -249 -45 249
-44 -249 -44 249
-43 -249 -43 249
-42 -249 -42 249
-41 -249 -41 249
-40 -249 -40 249
-39 -249 -39 249
-38 -249 -38 249
-37 -249 -37 249
-36 -249 -36 249
-35 -249 -35 249
-34 -249 -34 249
-33 -249 -33 249
-32 -249 -32 249
-31 -249 -31 249
-30 -249 -30 249
-29 -249 -29 249
-28 -249 -28 249
-27 -249 -27 249
-26 -249 -26 249
-25 -249 -25 249
-24 -249 -24 249
-23 -249 -23 249
-22 -249 -22 249
-21 -249 -21 249
-20 -249 -20 249
-19 -249 -19 249
-18 -249 -18 249
-17 -249 -17 249
-16 -249 -16 249
-15 -249 -15 249
-14 -249 -14 249
-13 -249 -13 249
-12 -249 -12 249
-11 -249 -11 249
-10 -249 -10 249
-9 -249 -9 249
-8 -249 -8 249
-7 -249 -7 249
-6 -249 -6 249
-5 -249 -5 249
-4 -249 -4 249
-3 -249 -3 249
-2 -249 -2 249
-1 -249 -1 249
0 -249 0 249
1 -249 1 249
2 -249 2 249
3 -249 3 249
4 -249 4 249
5 -249 5 249
6 -249 6 249
7 -249 7 249
8 -249 8 249
9 -249 9 249
10 -249 10 249
11 -249 11 249
12 -249 12 249
13 -249 13 249
14 -249 14 249
15 -249 15 249
16 -249 16 249
17 -249 17 249
18 -249 18 249
19 -249 19 249
20 -249 20 249
21 -249 21 249
22 -249 22 249
23 -249 23 249
24 -249 24 249
25 -249 25 249
26 -249 26 249
27 -249 27 249
28 -249 28 249
29 -249 29 249
30 -249 30 249
31 -249 31 249
32 -249 32 249
33 -249 33 249
34 -249 34 249
35 -249 35 249
36 -249 36 249
37 -249 37 249
38 -249 38 249
39 -249 39 249
40 -249 40 249
41 -249 41 249
42 -249 42 249
43 -249 43 249
44 -249 44 249
45 -249 45 249
46 -249 46 249
47 -249 47 249
48 -249 48 249
49 -249 49 249
50 -249 50 249
51 -249 51 249
52 -249 52 249
53 -249 53 249
54 -249 54 249
55 -249 55 249
56 -249 56 249
57 -249 57 249
58 -249 58 249
59 -249 59 249
60 -249 60 249
61 -249 61 249
62 -249 62 249
63 -249 63 249
64 -249 64 249
65 -249 65 249
66 -249 66 249
67 -249 67 249
68 -249 68 249
69 -249 69 249
70 -249 70 249
71 -249 71 249
72 -249 72 249
73 -249 73 249
74 -249 74 249
75 -249 75 249
76 -249 76 249
77 -249 77 249
78 -249 78 249
79 -249 79 249
80 -249 80 249
81 -249 81 249
82 -249 82 249
83 -249 83 249
84 -249 84 249
85 -249 85 249
86 -249 86 249
87 -249 87 249
88 -249 88 249
89 -249 89 249
90 -249 90 249
91 -249 91 249
92 -249 92 249
93 -249 93 249
94 -249 94 249
95 -249 95 249
96 -249 96 249
97 -249 97 249
98 -249 98 249
99 -249 99 249
100 -249 100 249
101 -249 101 249
102 -249 102 249
103 -249 103 249
104 -249 104 249
105 -249 105 249
106 -249 106 249
107 -249 107 249
108 -249 108 249
109 -249 109 249
110 -249 110 249
111 -249 111 249
112 -249 112 249
113 -249 113 249
114 -249 114 249
115 -249 115 249
116 -249 116 249
117 -249 117 249
118 -249 118 249
119 -249 119 249
120 -249 120 249
121 -249 121 249
122 -249 122 249
123 -249 123 249
124 -249 124 249
125 -249 125 249
126 -249 126 249
127 -249 127 249
128 -249 128 249
129 -249 129 249
130 -249 130 249
131 -249 131 249
132 -249 132 249
133 -249 133 249
134 -249 134 249
135 -249 135 249
136 -249 136 249
137 -249 137 249
138 -249 138 249
139 -249 139 249
140 -249 140 249
141 -249 141 249
142 -249 142 249
143 -249 143 249
144 -249 144 249
145 -249 145 249
146 -249 146 249
147 -249 147 249
148 -249 148 249
149 -249 149 249
150 -249 150 249
151 -249 151 249
152 -249 152 249
153 -249 153 249
154 -249 154 249
155 -249 155 249
156 -249 156 249
157 -249 157 249
158 -249 158 249
159 -249 159 249
160 -249 160 249
161 -249 161 249
162 -249 162 249
163 -249 163 249
164 -249 164 249
165 -249 165 249
166 -249 166 249
167 -249 167 249
168 -249 168 249
169 -249 169 249
170 -249 170 249
171 -249 171 249
172 -249 172 249
173 -249 173 249
174 -249 174 249
175 -249 175 249
176 -249 176 249
177 -249 177 249
178 -249 178 249
179 -249 179 249
180 -249 180 249
181 -249 181 249
182 -249 182 249
183 -249 183 249
184 -249 184 249
185 -249 185 249
186 -249 186 249
187 -249 187 249
188 -249 188 249
189 -249 189 249
190 -249 190 249
191 -249 191 249
192 -249 192 249
193 -249 193 249
194 -249 194 249
195 -249 195 249
196 -249 196 249
197 -249 197 249
198 -249 198 249
199 -249 199 249
200 -249 200 249
201 -249 201 249
202 -249 202 249
203 -249 203 249
204 -249 204 249
205 -249 205 249
206 -249 206 249
207 -249 207 249
208 -249 208 249
209 -249 209 249
210 -249 210 249
211 -249 211 249
212 -249 212 249
213 -249 213 249
214 -249 214 249
215 -249 215 249
216 -249 216 249
217 -249 217 249
218 -249 218 249
219 -249 219 249
220 -249 220 249
221 -249 221 249
222 -249 222 249
223 -249 223 249
224 -249 224 249
225 -249 225 249
226 -249 226 249
227 -249 227 249
228 -249 228 249
229 -249 229 249
230 -249 230 249
231 -249 231 249
232 -249 232 249
233 -249 233 249
234 -249 234 249
235 -249 235 249
236 -249 236 249
237 -249 237 249
238 -249 238 249
239 -249 239 249
240 -249 240 249
241 -249 241 249
242 -249 242 249
243 -249 243 249
244 -249 244 249
245 -249 245 249
246 -249 246 249
247 -249 247 249
248 -249 248 249
249 -249 249 249
1000 -251 -251 251 251
249 250 249 251
250 249 251 249
-250 -249 250 -249
-250 -248 250 -248
-250 -247 250 -247
-250 -246 250 -246
-250 -245 250 -245
-250 -244 250 -244
-250 -243 250 -243
-250 -242 250 -242
-250 -241 250 -241
-250 -240 250 -240
-250 -239 250 -239
-250 -238 250 -238
-250 -237 250 -237
-250 -236 250 -236
-250 -235 250 -235
-250 -234 250 -234
-250 -233 250 -233
-250 -232 250 -232
-250 -231 250 -231
-250 -230 250 -230
-250 -229 250 -229
-250 -228 250 -228
-250 -227 250 -227
-250 -226 250 -226
-250 -225 250 -225
-250 -224 250 -224
-250 -223 250 -223
-250 -222 250 -222
-250 -221 250 -221
-250 -220 250 -220
-250 -219 250 -219
-250 -218 250 -218
-250 -217 250 -217
-250 -216 250 -216
-250 -215 250 -215
-250 -214 250 -214
-250 -213 250 -213
-250 -212 250 -212
-250 -211 250 -211
-250 -210 250 -210
-250 -209 250 -209
-250 -208 250 -208
-250 -207 250 -207
-250 -206 250 -206
-250 -205 250 -205
-250 -204 250 -204
-250 -203 250 -203
-250 -202 250 -202
-250 -201 250 -201
-250 -200 250 -200
-250 -199 250 -199
-250 -198 250 -198
-250 -197 250 -197
-250 -196 250 -196
-250 -195 250 -195
-250 -194 250 -194
-250 -193 250 -193
-250 -192 250 -192
-250 -191 250 -191
-250 -190 250 -190
-250 -189 250 -189
-250 -188 250 -188
-250 -187 250 -187
-250 -186 250 -186
-250 -185 250 -185
-250 -184 250 -184
-250 -183 250 -183
-250 -182 250 -182
-250 -181 250 -181
-250 -180 250 -180
-250 -179 250 -179
-250 -178 250 -178
-250 -177 250 -177
-250 -176 250 -176
-250 -175 250 -175
-250 -174 250 -174
-250 -173 250 -173
-250 -172 250 -172
-250 -171 250 -171
-250 -170 250 -170
-250 -169 250 -169
-250 -168 250 -168
-250 -167 250 -167
-250 -166 250 -166
-250 -165 250 -165
-250 -164 250 -164
-250 -163 250 -163
-250 -162 250 -162
-250 -161 250 -161
-250 -160 250 -160
-250 -159 250 -159
-250 -158 250 -158
-250 -157 250 -157
-250 -156 250 -156
-250 -155 250 -155
-250 -154 250 -154
-250 -153 250 -153
-250 -152 250 -152
-250 -151 250 -151
-250 -150 250 -150
-250 -149 250 -149
-250 -148 250 -148
-250 -147 250 -147
-250 -146 250 -146
-250 -145 250 -145
-250 -144 250 -144
-250 -143 250 -143
-250 -142 250 -142
-250 -141 250 -141
-250 -140 250 -140
-250 -139 250 -139
-250 -138 250 -138
-250 -137 250 -137
-250 -136 250 -136
-250 -135 250 -135
-250 -134 250 -134
-250 -133 250 -133
-250 -132 250 -132
-250 -131 250 -131
-250 -130 250 -130
-250 -129 250 -129
-250 -128 250 -128
-250 -127 250 -127
-250 -126 250 -126
-250 -125 250 -125
-250 -124 250 -124
-250 -123 250 -123
-250 -122 250 -122
-250 -121 250 -121
-250 -120 250 -120
-250 -119 250 -119
-250 -118 250 -118
-250 -117 250 -117
-250 -116 250 -116
-250 -115 250 -115
-250 -114 250 -114
-250 -113 250 -113
-250 -112 250 -112
-250 -111 250 -111
-250 -110 250 -110
-250 -109 250 -109
-250 -108 250 -108
-250 -107 250 -107
-250 -106 250 -106
-250 -105 250 -105
-250 -104 250 -104
-250 -103 250 -103
-250 -102 250 -102
-250 -101 250 -101
-250 -100 250 -100
-250 -99 250 -99
-250 -98 250 -98
-250 -97 250 -97
-250 -96 250 -96
-250 -95 250 -95
-250 -94 250 -94
-250 -93 250 -93
-250 -92 250 -92
-250 -91 250 -91
-250 -90 250 -90
-250 -89 250 -89
-250 -88 250 -88
-250 -87 250 -87
-250 -86 250 -86
-250 -85 250 -85
-250 -84 250 -84
-250 -83 250 -83
-250 -82 250 -82
-250 -81 250 -81
-250 -80 250 -80
-250 -79 250 -79
-250 -78 250 -78
-250 -77 250 -77
-250 -76 250 -76
-250 -75 250 -75
-250 -74 250 -74
-250 -73 250 -73
-250 -72 250 -72
-250 -71 250 -71
-250 -70 250 -70
-250 -69 250 -69
-250 -68 250 -68
-250 -67 250 -67
-250 -66 250 -66
-250 -65 250 -65
-250 -64 250 -64
-250 -63 250 -63
-250 -62 250 -62
-250 -61 250 -61
-250 -60 250 -60
-250 -59 250 -59
-250 -58 250 -58
-250 -57 250 -57
-250 -56 250 -56
-250 -55 250 -55
-250 -54 250 -54
-250 -53 250 -53
-250 -52 250 -52
-250 -51 250 -51
-250 -50 250 -50
-250 -49 250 -49
-250 -48 250 -48
-250 -47 250 -47
-250 -46 250 -46
-250 -45 250 -45
-250 -44 250 -44
-250 -43 250 -43
-250 -42 250 -42
-250 -41 250 -41
-250 -40 250 -40
-250 -39 250 -39
-250 -38 250 -38
-250 -37 250 -37
-250 -36 250 -36
-250 -35 250 -35
-250 -34 250 -34
-250 -33 250 -33
-250 -32 250 -32
-250 -31 250 -31
-250 -30 250 -30
-250 -29 250 -29
-250 -28 250 -28
-250 -27 250 -27
-250 -26 250 -26
-250 -25 250 -25
-250 -24 250 -24
-250 -23 250 -23
-250 -22 250 -22
-250 -21 250 -21
-250 -20 250 -20
-250 -19 250 -19
-250 -18 250 -18
-250 -17 250 -17
-250 -16 250 -16
-250 -15 250 -15
-250 -14 250 -14
-250 -13 250 -13
-250 -12 250 -12
-250 -11 250 -11
-250 -10 250 -10
-250 -9 250 -9
-250 -8 250 -8
-250 -7 250 -7
-250 -6 250 -6
-250 -5 250 -5
-250 -4 250 -4
-250 -3 250 -3
-250 -2 250 -2
-250 -1 250 -1
-250 0 250 0
-250 1 250 1
-250 2 250 2
-250 3 250 3
-250 4 250 4
-250 5 250 5
-250 6 250 6
-250 7 250 7
-250 8 250 8
-250 9 250 9
-250 10 250 10
-250 11 250 11
-250 12 250 12
-250 13 250 13
-250 14 250 14
-250 15 250 15
-250 16 250 16
-250 17 250 17
-250 18 250 18
-250 19 250 19
-250 20 250 20
-250 21 250 21
-250 22 250 22
-250 23 250 23
-250 24 250 24
-250 25 250 25
-250 26 250 26
-250 27 250 27
-250 28 250 28
-250 29 250 29
-250 30 250 30
-250 31 250 31
-250 32 250 32
-250 33 250 33
-250 34 250 34
-250 35 250 35
-250 36 250 36
-250 37 250 37
-250 38 250 38
-250 39 250 39
-250 40 250 40
-250 41 250 41
-250 42 250 42
-250 43 250 43
-250 44 250 44
-250 45 250 45
-250 46 250 46
-250 47 250 47
-250 48 250 48
-250 49 250 49
-250 50 250 50
-250 51 250 51
-250 52 250 52
-250 53 250 53
-250 54 250 54
-250 55 250 55
-250 56 250 56
-250 57 250 57
-250 58 250 58
-250 59 250 59
-250 60 250 60
-250 61 250 61
-250 62 250 62
-250 63 250 63
-250 64 250 64
-250 65 250 65
-250 66 250 66
-250 67 250 67
-250 68 250 68
-250 69 250 69
-250 70 250 70
-250 71 250 71
-250 72 250 72
-250 73 250 73
-250 74 250 74
-250 75 250 75
-250 76 250 76
-250 77 250 77
-250 78 250 78
-250 79 250 79
-250 80 250 80
-250 81 250 81
-250 82 250 82
-250 83 250 83
-250 84 250 84
-250 85 250 85
-250 86 250 86
-250 87 250 87
-250 88 250 88
-250 89 250 89
-250 90 250 90
-250 91 250 91
-250 92 250 92
-250 93 250 93
-250 94 250 94
-250 95 250 95
-250 96 250 96
-250 97 250 97
-250 98 250 98
-250 99 250 99
-250 100 250 100
-250 101 250 101
-250 102 250 102
-250 103 250 103
-250 104 250 104
-250 105 250 105
-250 106 250 106
-250 107 250 107
-250 108 250 108
-250 109 250 109
-250 110 250 110
-250 111 250 111
-250 112 250 112
-250 113 250 113
-250 114 250 114
-250 115 250 115
-250 116 250 116
-250 117 250 117
-250 118 250 118
-250 119 250 119
-250 120 250 120
-250 121 250 121
-250 122 250 122
-250 123 250 123
-250 124 250 124
-250 125 250 125
-250 126 250 126
-250 127 250 127
-250 128 250 128
-250 129 250 129
-250 130 250 130
-250 131 250 131
-250 132 250 132
-250 133 250 133
-250 134 250 134
-250 135 250 135
-250 136 250 136
-250 137 250 137
-250 138 250 138
-250 139 250 139
-250 140 250 140
-250 141 250 141
-250 142 250 142
-250 143 250 143
-250 144 250 144
-250 145 250 145
-250 146 250 146
-250 147 250 147
-250 148 250 148
-250 149 250 149
-250 150 250 150
-250 151 250 151
-250 152 250 152
-250 153 250 153
-250 154 250 154
-250 155 250 155
-250 156 250 156
-250 157 250 157
-250 158 250 158
-250 159 250 159
-250 160 250 160
-250 161 250 161
-250 162 250 162
-250 163 250 163
-250 164 250 164
-250 165 250 165
-250 166 250 166
-250 167 250 167
-250 168 250 168
-250 169 250 169
-250 170 250 170
-250 171 250 171
-250 172 250 172
-250 173 250 173
-250 174 250 174
-250 175 250 175
-250 176 250 176
-250 177 250 177
-250 178 250 178
-250 179 250 179
-250 180 250 180
-250 181 250 181
-250 182 250 182
-250 183 250 183
-250 184 250 184
-250 185 250 185
-250 186 250 186
-250 187 250 187
-250 188 250 188
-250 189 250 189
-250 190 250 190
-250 191 250 191
-250 192 250 192
-250 193 250 193
-250 194 250 194
-250 195 250 195
-250 196 250 196
-250 197 250 197
-250 198 250 198
-250 199 250 199
-250 200 250 200
-250 201 250 201
-250 202 250 202
-250 203 250 203
-250 204 250 204
-250 205 250 205
-250 206 250 206
-250 207 250 207
-250 208 250 208
-250 209 250 209
-250 210 250 210
-250 211 250 211
-250 212 250 212
-250 213 250 213
-250 214 250 214
-250 215 250 215
-250 216 250 216
-250 217 250 217
-250 218 250 218
-250 219 250 219
-250 220 250 220
-250 221 250 221
-250 222 250 222
-250 223 250 223
-250 224 250 224
-250 225 250 225
-250 226 250 226
-250 227 250 227
-250 228 250 228
-250 229 250 229
-250 230 250 230
-250 231 250 231
-250 232 250 232
-250 233 250 233
-250 234 250 234
-250 235 250 235
-250 236 250 236
-250 237 250 237
-250 238 250 238
-250 239 250 239
-250 240 250 240
-250 241 250 241
-250 242 250 242
-250 243 250 243
-250 244 250 244
-250 245 250 245
-250 246 250 246
-250 247 250 247
-250 248 250 248
-250 249 250 249
-249 -250 -249 250
-248 -250 -248 250
-247 -250 -247 250
-246 -250 -246 250
-245 -250 -245 250
-244 -250 -244 250
-243 -250 -243 250
-242 -250 -242 250
-241 -250 -241 250
-240 -250 -240 250
-239 -250 -239 250
-238 -250 -238 250
-237 -250 -237 250
-236 -250 -236 250
-235 -250 -235 250
-234 -250 -234 250
-233 -250 -233 250
-232 -250 -232 250
-231 -250 -231 250
-230 -250 -230 250
-229 -250 -229 250
-228 -250 -228 250
-227 -250 -227 250
-226 -250 -226 250
-225 -250 -225 250
-224 -250 -224 250
-223 -250 -223 250
-222 -250 -222 250
-221 -250 -221 250
-220 -250 -220 250
-219 -250 -219 250
-218 -250 -218 250
-217 -250 -217 250
-216 -250 -216 250
-215 -250 -215 250
-214 -250 -214 250
-213 -250 -213 250
-212 -250 -212 250
-211 -250 -211 250
-210 -250 -210 250
-209 -250 -209 250
-208 -250 -208 250
-207 -250 -207 250
-206 -250 -206 250
-205 -250 -205 250
-204 -250 -204 250
-203 -250 -203 250
-202 -250 -202 250
-201 -250 -201 250
-200 -250 -200 250
-199 -250 -199 250
-198 -250 -198 250
-197 -250 -197 250
-196 -250 -196 250
-195 -250 -195 250
-194 -250 -194 250
-193 -250 -193 250
-192 -250 -192 250
-191 -250 -191 250
-190 -250 -190 250
-189 -250 -189 250
-188 -250 -188 250
-187 -250 -187 250
-186 -250 -186 250
-185 -250 -185 250
-184 -250 -184 250
-183 -250 -183 250
-182 -250 -182 250
-181 -250 -181 250
-180 -250 -180 250
-179 -250 -179 250
-178 -250 -178 250
-177 -250 -177 250
-176 -250 -176 250
-175 -250 -175 250
-174 -250 -174 250
-173 -250 -173 250
-172 -250 -172 250
-171 -250 -171 250
-170 -250 -170 250
-169 -250 -169 250
-168 -250 -168 250
-167 -250 -167 250
-166 -250 -166 250
-165 -250 -165 250
-164 -250 -164 250
-163 -250 -163 250
-162 -250 -162 250
-161 -250 -161 250
-160 -250 -160 250
-159 -250 -159 250
-158 -250 -158 250
-157 -250 -157 250
-156 -250 -156 250
-155 -250 -155 250
-154 -250 -154 250
-153 -250 -153 250
-152 -250 -152 250
-151 -250 -151 250
-150 -250 -150 250
-149 -250 -149 250
-148 -250 -148 250
-147 -250 -147 250
-146 -250 -146 250
-145 -250 -145 250
-144 -250 -144 250
-143 -250 -143 250
-142 -250 -142 250
-141 -250 -141 250
-140 -250 -140 250
-139 -250 -139 250
-138 -250 -138 250
-137 -250 -137 250
-136 -250 -136 250
-135 -250 -135 250
-134 -250 -134 250
-133 -250 -133 250
-132 -250 -132 250
-131 -250 -131 250
-130 -250 -130 250
-129 -250 -129 250
-128 -250 -128 250
-127 -250 -127 250
-126 -250 -126 250
-125 -250 -125 250
-124 -250 -124 250
-123 -250 -123 250
-122 -250 -122 250
-121 -250 -121 250
-120 -250 -120 250
-119 -250 -119 250
-118 -250 -118 250
-117 -250 -117 250
-116 -250 -116 250
-115 -250 -115 250
-114 -250 -114 250
-113 -250 -113 250
-112 -250 -112 250
-111 -250 -111 250
-110 -250 -110 250
-109 -250 -109 250
-108 -250 -108 250
-107 -250 -107 250
-106 -250 -106 250
-105 -250 -105 250
-104 -250 -104 250
-103 -250 -103 250
-102 -250 -102 250
-101 -250 -101 250
-100 -250 -100 250
-99 -250 -99 250
-98 -250 -98 250
-97 -250 -97 250
-96 -250 -96 250
-95 -250 -95 250
-94 -250 -94 250
-93 -250 -93 250
-92 -250 -92 250
-91 -250 -91 250
-90 -250 -90 250
-89 -250 -89 250
-88 -250 -88 250
-87 -250 -87 250
-86 -250 -86 250
-85 -250 -85 250
-84 -250 -84 250
-83 -250 -83 250
-82 -250 -82 250
-81 -250 -81 250
-80 -250 -80 250
-79 -250 -79 250
-78 -250 -78 250
-77 -250 -77 250
-76 -250 -76 250
-75 -250 -75 250
-74 -250 -74 250
-73 -250 -73 250
-72 -250 -72 250
-71 -250 -71 250
-70 -250 -70 250
-69 -250 -69 250
-68 -250 -68 250
-67 -250 -67 250
-66 -250 -66 250
-65 -250 -65 250
-64 -250 -64 250
-63 -250 -63 250
-62 -250 -62 250
-61 -250 -61 250
-60 -250 -60 250
-59 -250 -59 250
-58 -250 -58 250
-57 -250 -57 250
-56 -250 -56 250
-55 -250 -55 250
-54 -250 -54 250
-53 -250 -53 250
-52 -250 -52 250
-51 -250 -51 250
-50 -250 -50 250
-49 -250 -49 250
-48 -250 -48 250
-47 -250 -47 250
-46 -250 -46 250
-45 -250 -45 250
-44 -250 -44 250
-43 -250 -43 250
-42 -250 -42 250
-41 -250 -41 250
-40 -250 -40 250
-39 -250 -39 250
-38 -250 -38 250
-37 -250 -37 250
-36 -250 -36 250
-35 -250 -35 250
-34 -250 -34 250
-33 -250 -33 250
-32 -250 -32 250
-31 -250 -31 250
-30 -250 -30 250
-29 -250 -29 250
-28 -250 -28 250
-27 -250 -27 250
-26 -250 -26 250
-25 -250 -25 250
-24 -250 -24 250
-23 -250 -23 250
-22 -250 -22 250
-21 -250 -21 250
-20 -250 -20 250
-19 -250 -19 250
-18 -250 -18 250
-17 -250 -17 250
-16 -250 -16 250
-15 -250 -15 250
-14 -250 -14 250
-13 -250 -13 250
-12 -250 -12 250
-11 -250 -11 250
-10 -250 -10 250
-9 -250 -9 250
-8 -250 -8 250
-7 -250 -7 250
-6 -250 -6 250
-5 -250 -5 250
-4 -250 -4 250
-3 -250 -3 250
-2 -250 -2 250
-1 -250 -1 250
0 -250 0 250
1 -250 1 250
2 -250 2 250
3 -250 3 250
4 -250 4 250
5 -250 5 250
6 -250 6 250
7 -250 7 250
8 -250 8 250
9 -250 9 250
10 -250 10 250
11 -250 11 250
12 -250 12 250
13 -250 13 250
14 -250 14 250
15 -250 15 250
16 -250 16 250
17 -250 17 250
18 -250 18 250
19 -250 19 250
20 -250 20 250
21 -250 21 250
22 -250 22 250
23 -250 23 250
24 -250 24 250
25 -250 25 250
26 -250 26 250
27 -250 27 250
28 -250 28 250
29 -250 29 250
30 -250 30 250
31 -250 31 250
32 -250 32 250
33 -250 33 250
34 -250 34 250
35 -250 35 250
36 -250 36 250
37 -250 37 250
38 -250 38 250
39 -250 39 250
40 -250 40 250
41 -250 41 250
42 -250 42 250
43 -250 43 250
44 -250 44 250
45 -250 45 250
46 -250 46 250
47 -250 47 250
48 -250 48 250
49 -250 49 250
50 -250 50 250
51 -250 51 250
52 -250 52 250
53 -250 53 250
54 -250 54 250
55 -250 55 250
56 -250 56 250
57 -250 57 250
58 -250 58 250
59 -250 59 250
60 -250 60 250
61 -250 61 250
62 -250 62 250
63 -250 63 250
64 -250 64 250
65 -250 65 250
66 -250 66 250
67 -250 67 250
68 -250 68 250
69 -250 69 250
70 -250 70 250
71 -250 71 250
72 -250 72 250
73 -250 73 250
74 -250 74 250
75 -250 75 250
76 -250 76 250
77 -250 77 250
78 -250 78 250
79 -250 79 250
80 -250 80 250
81 -250 81 250
82 -250 82 250
83 -250 83 250
84 -250 84 250
85 -250 85 250
86 -250 86 250
87 -250 87 250
88 -250 88 250
89 -250 89 250
90 -250 90 250
91 -250 91 250
92 -250 92 250
93 -250 93 250
94 -250 94 250
95 -250 95 250
96 -250 96 250
97 -250 97 250
98 -250 98 250
99 -250 99 250
100 -250 100 250
101 -250 101 250
102 -250 102 250
103 -250 103 250
104 -250 104 250
105 -250 105 250
106 -250 106 250
107 -250 107 250
108 -250 108 250
109 -250 109 250
110 -250 110 250
111 -250 111 250
112 -250 112 250
113 -250 113 250
114 -250 114 250
115 -250 115 250
116 -250 116 250
117 -250 117 250
118 -250 118 250
119 -250 119 250
120 -250 120 250
121 -250 121 250
122 -250 122 250
123 -250 123 250
124 -250 124 250
125 -250 125 250
126 -250 126 250
127 -250 127 250
128 -250 128 250
129 -250 129 250
130 -250 130 250
131 -250 131 250
132 -250 132 250
133 -250 133 250
134 -250 134 250
135 -250 135 250
136 -250 136 250
137 -250 137 250
138 -250 138 250
139 -250 139 250
140 -250 140 250
141 -250 141 250
142 -250 142 250
143 -250 143 250
144 -250 144 250
145 -250 145 250
146 -250 146 250
147 -250 147 250
148 -250 148 250
149 -250 149 250
150 -250 150 250
151 -250 151 250
152 -250 152 250
153 -250 153 250
154 -250 154 250
155 -250 155 250
156 -250 156 250
157 -250 157 250
158 -250 158 250
159 -250 159 250
160 -250 160 250
161 -250 161 250
162 -250 162 250
163 -250 163 250
164 -250 164 250
165 -250 165 250
166 -250 166 250
167 -250 167 250
168 -250 168 250
169 -250 169 250
170 -250 170 250
171 -250 171 250
172 -250 172 250
173 -250 173 250
174 -250 174 250
175 -250 175 250
176 -250 176 250
177 -250 177 250
178 -250 178 250
179 -250 179 250
180 -250 180 250
181 -250 181 250
182 -250 182 250
183 -250 183 250
184 -250 184 250
185 -250 185 250
186 -250 186 250
187 -250 187 250
188 -250 188 250
189 -250 189 250
190 -250 190 250
191 -250 191 250
192 -250 192 250
193 -250 193 250
194 -250 194 250
195 -250 195 250
196 -250 196 250
197 -250 197 250
198 -250 198 250
199 -250 199 250
200 -250 200 250
201 -250 201 250
202 -250 202 250
203 -250 203 250
204 -250 204 250
205 -250 205 250
206 -250 206 250
207 -250 207 250
208 -250 208 250
209 -250 209 250
210 -250 210 250
211 -250 211 250
212 -250 212 250
213 -250 213 250
214 -250 214 250
215 -250 215 250
216 -250 216 250
217 -250 217 250
218 -250 218 250
219 -250 219 250
220 -250 220 250
221 -250 221 250
222 -250 222 250
223 -250 223 250
224 -250 224 250
225 -250 225 250
226 -250 226 250
227 -250 227 250
228 -250 228 250
229 -250 229 250
230 -250 230 250
231 -250 231 250
232 -250 232 250
233 -250 233 250
234 -250 234 250
235 -250 235 250
236 -250 236 250
237 -250 237 250
238 -250 238 250
239 -250 239 250
240 -250 240 250
241 -250 241 250
242 -250 242 250
243 -250 243 250
244 -250 244 250
245 -250 245 250
246 -250 246 250
247 -250 247 250
248 -250 248 250
249 -250 249 250
1000 0 0 100 100
3 1 4 1
5 1 6 1
8 1 9 1
9 1 10 1
11 1 12 1
15 1 16 1
16 1 17 1
17 1 18 1
19 1 20 1
20 1 21 1
23 1 24 1
25 1 26 1
27 1 28 1
29 1 30 1
30 1 31 1
31 1 32 1
32 1 33 1
38 1 39 1
39 1 40 1
40 1 41 1
42 1 43 1
43 1 44 1
45 1 46 1
47 1 48 1
48 1 49 1
50 1 51 1
51 1 52 1
60 1 61 1
61 1 62 1
63 1 64 1
64 1 65 1
65 1 66 1
66 1 67 1
67 1 68 1
68 1 69 1
70 1 71 1
73 1 74 1
74 1 75 1
76 1 77 1
78 1 79 1
81 1 82 1
86 1 87 1
90 1 91 1
94 1 95 1
95 1 96 1
96 1 97 1
99 1 100 1
2 2 3 2
5 2 6 2
7 2 8 2
8 2 9 2
12 2 13 2
15 2 16 2
18 2 19 2
19 2 20 2
20 2 21 2
21 2 22 2
22 2 23 2
23 2 24 2
28 2 29 2
29 2 30 2
36 2 37 2
38 2 39 2
39 2 40 2
40 2 41 2
42 2 43 2
43 2 44 2
44 2 45 2
45 2 46 2
48 2 49 2
49 2 50 2
50 2 51 2
51 2 52 2
53 2 54 2
54 2 55 2
55 2 56 2
56 2 57 2
58 2 59 2
63 2 64 2
64 2 65 2
67 2 68 2
68 2 69 2
70 2 71 2
71 2 72 2
74 2 75 2
76 2 77 2
79 2 80 2
80 2 81 2
82 2 83 2
83 2 84 2
85 2 86 2
87 2 88 2
90 2 91 2
91 2 92 2
92 2 93 2
94 2 95 2
95 2 96 2
96 2 97 2
97 2 98 2
98 2 99 2
99 2 100 2
1 3 2 3
2 3 3 3
4 3 5 3
5 3 6 3
6 3 7 3
7 3 8 3
8 3 9 3
9 3 10 3
10 3 11 3
13 3 14 3
14 3 15 3
16 3 17 3
17 3 18 3
23 3 24 3
24 3 25 3
26 3 27 3
27 3 28 3
32 3 33 3
35 3 36 3
37 3 38 3
38 3 39 3
39 3 40 3
40 3 41 3
41 3 42 3
43 3 44 3
44 3 45 3
46 3 47 3
47 3 48 3
48 3 49 3
49 3 50 3
50 3 51 3
51 3 52 3
53 3 54 3
55 3 56 3
56 3 57 3
57 3 58 3
58 3 59 3
59 3 60 3
60 3 61 3
62 3 63 3
63 3 64 3
66 3 67 3
67 3 68 3
69 3 70 3
70 3 71 3
71 3 72 3
79 3 80 3
81 3 82 3
82 3 83 3
92 3 93 3
96 3 97 3
99 3 100 3
3 4 4 4
4 4 5 4
5 4 6 4
6 4 7 4
9 4 10 4
11 4 12 4
12 4 13 4
15 4 16 4
16 4 17 4
17 4 18 4
18 4 19 4
20 4 21 4
21 4 22 4
22 4 23 4
24 4 25 4
26 4 27 4
28 4 29 4
29 4 30 4
30 4 31 4
31 4 32 4
32 4 33 4
34 4 35 4
35 4 36 4
36 4 37 4
40 4 41 4
41 4 42 4
42 4 43 4
46 4 47 4
52 4 53 4
54 4 55 4
56 4 57 4
57 4 58 4
59 4 60 4
62 4 63 4
64 4 65 4
66 4 67 4
67 4 68 4
68 4 69 4
71 4 72 4
79 4 80 4
83 4 84 4
84 4 85 4
86 4 87 4
87 4 88 4
90 4 91 4
92 4 93 4
93 4 94 4
94 4 95 4
95 4 96 4
97 4 98 4
98 4 99 4
0 5 1 5
3 5 4 5
6 5 7 5
7 5 8 5
9 5 10 5
10 5 11 5
11 5 12 5
12 5 13 5
13 5 14 5
17 5 18 5
19 5 20 5
20 5 21 5
21 5 22 5
24 5 25 5
26 5 27 5
27 5 28 5
33 5 34 5
39 5 40 5
40 5 41 5
42 5 43 5
43 5 44 5
45 5 46 5
46 5 47 5
47 5 48 5
49 5 50 5
51 5 52 5
55 5 56 5
56 5 57 5
57 5 58 5
58 5 59 5
59 5 60 5
60 5 61 5
62 5 63 5
63 5 64 5
66 5 67 5
67 5 68 5
68 5 69 5
70 5 71 5
71 5 72 5
72 5 73 5
73 5 74 5
74 5 75 5
77 5 78 5
78 5 79 5
79 5 80 5
81 5 82 5
82 5 83 5
84 5 85 5
90 5 91 5
91 5 92 5
92 5 93 5
95 5 96 5
96 5 97 5
98 5 99 5
99 5 100 5
1 6 2 6
3 6 4 6
4 6 5 6
7 6 8 6
9 6 10 6
13 6 14 6
15 6 16 6
16 6 17 6
18 6 19 6
20 6 21 6
22 6 23 6
24 6 25 6
25 6 26 6
26 6 27 6
28 6 29 6
31 6 32 6
32 6 33 6
34 6 35 6
38 6 39 6
41 6 42 6
42 6 43 6
44 6 45 6
46 6 47 6
48 6 49 6
50 6 51 6
55 6 56 6
56 6 57 6
57 6 58 6
60 6 61 6
65 6 66 6
66 6 67 6
68 6 69 6
69 6 70 6
70 6 71 6
72 6 73 6
73 6 74 6
74 6 75 6
79 6 80 6
82 6 83 6
85 6 86 6
87 6 88 6
88 6 89 6
90 6 91 6
91 6 92 6
92 6 93 6
95 6 96 6
2 7 3 7
3 7 4 7
6 7 7 7
9 7 10 7
10 7 11 7
17 7 18 7
18 7 19 7
22 7 23 7
24 7 25 7
25 7 26 7
26 7 27 7
27 7 28 7
29 7 30 7
31 7 32 7
33 7 34 7
34 7 35 7
35 7 36 7
36 7 37 7
37 7 38 7
39 7 40 7
40 7 41 7
42 7 43 7
43 7 44 7
46 7 47 7
50 7 51 7
51 7 52 7
54 7 55 7
57 7 58 7
59 7 60 7
60 7 61 7
62 7 63 7
64 7 65 7
65 7 66 7
67 7 68 7
68 7 69 7
69 7 70 7
70 7 71 7
71 7 72 7
75 7 76 7
79 7 80 7
80 7 81 7
82 7 83 7
84 7 85 7
85 7 86 7
88 7 89 7
92 7 93 7
94 7 95 7
95 7 96 7
1 8 2 8
2 8 3 8
3 8 4 8
5 8 6 8
6 8 7 8
7 8 8 8
8 8 9 8
11 8 12 8
13 8 14 8
14 8 15 8
16 8 17 8
17 8 18 8
18 8 19 8
19 8 20 8
24 8 25 8
25 8 26 8
28 8 29 8
32 8 33 8
34 8 35 8
37 8 38 8
39 8 40 8
41 8 42 8
42 8 43 8
43 8 44 8
45 8 46 8
52 8 53 8
55 8 56 8
56 8 57 8
57 8 58 8
58 8 59 8
61 8 62 8
65 8 66 8
66 8 67 8
67 8 68 8
71 8 72 8
73 8 74 8
75 8 76 8
77 8 78 8
79 8 80 8
80 8 81 8
81 8 82 8
83 8 84 8
84 8 85 8
85 8 86 8
87 8 88 8
90 8 91 8
96 8 97 8
97 8 98 8
98 8 99 8
99 8 100 8
1 9 2 9
3 9 4 9
4 9 5 9
7 9 8 9
11 9 12 9
12 9 13 9
13 9 14 9
15 9 16 9
16 9 17 9
18 9 19 9
19 9 20 9
21 9 22 9
23 9 24 9
24 9 25 9
29 9 30 9
34 9 35 9
35 9 36 9
36 9 37 9
37 9 38 9
38 9 39 9
39 9 40 9
40 9 41 9
42 9 43 9
45 9 46 9
46 9 47 9
48 9 49 9
50 9 51 9
51 9 52 9
53 9 54 9
54 9 55 9
55 9 56 9
63 9 64 9
64 9 65 9
69 9 70 9
70 9 71 9
71 9 72 9
75 9 76 9
77 9 78 9
78 9 79 9
79 9 80 9
83 9 84 9
84 9 85 9
86 9 87 9
87 9 88 9
89 9 90 9
98 9 99 9
0 10 1 10
2 10 3 10
7 10 8 10
11 10 12 10
14 10 15 10
16 10 17 10
17 10 18 10
19 10 20 10
20 10 21 10
21 10 22 10
22 10 23 10
24 10 25 10
26 10 27 10
27 10 28 10
28 10 29 10
29 10 30 10
31 10 32 10
32 10 33 10
35 10 36 10
36 10 37 10
38 10 39 10
40 10 41 10
41 10 42 10
46 10 47 10
47 10 48 10
51 10 52 10
52 10 53 10
53 10 54 10
54 10 55 10
57 10 58 10
64 10 65 10
71 10 72 10
72 10 73 10
73 10 74 10
79 10 80 10
81 10 82 10
83 10 84 10
84 10 85 10
91 10 92 10
92 10 93 10
93 10 94 10
96 10 97 10
97 10 98 10
99 10 100 10
1 11 2 11
2 11 3 11
3 11 4 11
4 11 5 11
12 11 13 11
13 11 14 11
19 11 20 11
1 2 1 3
1 3 1 4
1 10 1 11
1 11 1 12
1 13 1 14
1 19 1 20
1 23 1 24
1 25 1 26
1 29 1 30
1 30 1 31
1 31 1 32
1 32 1 33
1 36 1 37
1 38 1 39
1 41 1 42
1 42 1 43
1 43 1 44
1 45 1 46
1 48 1 49
1 50 1 51
1 51 1 52
1 53 1 54
1 54 1 55
1 57 1 58
1 59 1 60
1 61 1 62
1 65 1 66
1 66 1 67
1 69 1 70
1 70 1 71
1 73 1 74
1 74 1 75
1 76 1 77
1 83 1 84
1 84 1 85
1 89 1 90
1 90 1 91
1 94 1 95
1 96 1 97
2 0 2 1
2 1 2 2
2 3 2 4
2 5 2 6
2 7 2 8
2 11 2 12
2 12 2 13
2 13 2 14
2 14 2 15
2 19 2 20
2 21 2 22
2 23 2 24
2 24 2 25
2 26 2 27
2 27 2 28
2 29 2 30
2 30 2 31
2 31 2 32
2 39 2 40
2 40 2 41
2 43 2 44
2 44 2 45
2 46 2 47
2 51 2 52
2 52 2 53
2 53 2 54
2 54 2 55
2 59 2 60
2 60 2 61
2 62 2 63
2 63 2 64
2 64 2 65
2 66 2 67
2 69 2 70
2 70 2 71
2 71 2 72
2 72 2 73
2 75 2 76
2 76 2 77
2 77 2 78
2 78 2 79
2 80 2 81
2 82 2 83
2 84 2 85
2 86 2 87
2 89 2 90
2 92 2 93
2 97 2 98
2 99 2 100
3 1 3 2
3 2 3 3
3 7 3 8
3 10 3 11
3 12 3 13
3 13 3 14
3 15 3 16
3 16 3 17
3 17 3 18
3 20 3 21
3 21 3 22
3 22 3 23
3 24 3 25
3 27 3 28
3 28 3 29
3 29 3 30
3 31 3 32
3 32 3 33
3 33 3 34
3 36 3 37
3 38 3 39
3 40 3 41
3 41 3 42
3 42 3 43
3 44 3 45
3 45 3 46
3 46 3 47
3 47 3 48
3 53 3 54
3 54 3 55
3 57 3 58
3 58 3 59
3 60 3 61
3 61 3 62
3 63 3 64
3 64 3 65
3 65 3 66
3 67 3 68
3 68 3 69
3 69 3 70
3 70 3 71
3 73 3 74
3 75 3 76
3 76 3 77
3 77 3 78
3 85 3 86
3 86 3 87
3 88 3 89
3 89 3 90
3 90 3 91
3 92 3 93
3 94 3 95
3 95 3 96
4 0 4 1
4 1 4 2
4 2 4 3
4 4 4 5
4 5 4 6
4 6 4 7
4 7 4 8
4 8 4 9
4 11 4 12
4 13 4 14
4 15 4 16
4 20 4 21
4 24 4 25
4 25 4 26
4 26 4 27
4 30 4 31
4 33 4 34
4 36 4 37
4 37 4 38
4 38 4 39
4 44 4 45
4 45 4 46
4 46 4 47
4 47 4 48
4 48 4 49
4 52 4 53
4 53 4 54
4 54 4 55
4 55 4 56
4 56 4 57
4 58 4 59
4 60 4 61
4 62 4 63
4 63 4 64
4 65 4 66
4 66 4 67
4 68 4 69
4 69 4 70
4 71 4 72
4 74 4 75
4 76 4 77
4 77 4 78
4 78 4 79
4 80 4 81
4 82 4 83
4 83 4 84
4 84 4 85
4 85 4 86
4 87 4 88
4 89 4 90
4 92 4 93
4 94 4 95
4 98 4 99
5 3 5 4
5 6 5 7
5 7 5 8
5 8 5 9
5 11 5 12
5 13 5 14
5 15 5 16
5 17 5 18
5 19 5 20
5 20 5 21
5 22 5 23
5 23 5 24
5 25 5 26
5 27 5 28
5 29 5 30
5 31 5 32
5 32 5 33
5 33 5 34
5 36 5 37
5 37 5 38
5 40 5 41
5 41 5 42
5 43 5 44
5 45 5 46
5 46 5 47
5 48 5 49
5 49 5 50
5 51 5 52
5 52 5 53
5 54 5 55
5 57 5 58
5 58 5 59
5 59 5 60
5 62 5 63
5 66 5 67
5 71 5 72
5 72 5 73
5 74 5 75
5 77 5 78
5 83 5 84
5 84 5 85
5 86 5 87
5 88 5 89
5 91 5 92
5 94 5 95
5 95 5 96
5 96 5 97
5 98 5 99
6 0 6 1
6 3 6 4
6 4 6 5
6 5 6 6
6 6 6 7
6 8 6 9
6 11 6 12
6 12 6 13
6 15 6 16
6 18 6 19
6 20 6 21
6 21 6 22
6 22 6 23
6 23 6 24
6 25 6 26
6 26 6 27
6 27 6 28
6 32 6 33
6 33 6 34
6 35 6 36
6 36 6 37
6 39 6 40
6 41 6 42
6 43 6 44
6 44 6 45
6 46 6 47
6 47 6 48
6 48 6 49
6 49 6 50
6 52 6 53
6 54 6 55
6 55 6 56
6 57 6 58
6 60 6 61
6 61 6 62
6 62 6 63
6 63 6 64
6 64 6 65
6 68 6 69
6 69 6 70
6 70 6 71
6 73 6 74
6 75 6 76
6 76 6 77
6 77 6 78
6 78 6 79
6 79 6 80
6 80 6 81
6 83 6 84
6 86 6 87
6 90 6 91
6 92 6 93
6 93 6 94
6 96 6 97
7 1 7 2
7 2 7 3
7 4 7 5
7 5 7 6
7 6 7 7
7 7 7 8
7 9 7 10
7 14 7 15
7 15 7 16
7 16 7 17
7 18 7 19
7 19 7 20
7 23 7 24
7 24 7 25
7 28 7 29
7 31 7 32
7 33 7 34
7 34 7 35
7 38 7 39
7 42 7 43
7 46 7 47
7 47 7 48
7 50 7 51
7 51 7 52
7 54 7 55
7 55 7 56
7 56 7 57
7 59 7 60
7 61 7 62
7 63 7 64
7 64 7 65
7 67 7 68
7 69 7 70
7 74 7 75
7 77 7 78
7 78 7 79
7 81 7 82
7 82 7 83
7 83 7 84
7 84 7 85
7 87 7 88
7 88 7 89
7 89 7 90
7 90 7 91
7 91 7 92
7 92 7 93
7 94 7 95
7 96 7 97
7 98 7 99
7 99 7 100
8 3 8 4
8 5 8 6
8 8 8 9
8 9 8 10
8 10 8 11
8 12 8 13
8 13 8 14
8 15 8 16
8 18 8 19
8 20 8 21
8 22 8 23
8 25 8 26
8 27 8 28
8 30 8 31
8 31 8 32
8 34 8 35
8 42 8 43
8 44 8 45
8 50 8 51
8 51 8 52
8 53 8 54
8 54 8 55
8 56 8 57
8 57 8 58
8 59 8 60
8 62 8 63
8 65 8 66
8 67 8 68
8 68 8 69
8 70 8 71
8 73 8 74
8 80 8 81
8 81 8 82
8 82 8 83
8 83 8 84
8 84 8 85
8 85 8 86
8 87 8 88
8 88 8 89
8 89 8 90
8 92 8 93
8 94 8 95
8 96 8 97
8 99 8 100
9 0 9 1
9 2 9 3
9 4 9 5
9 5 9 6
9 6 9 7
9 7 9 8
9 9 9 10
9 10 9 11
9 12 9 13
9 13 9 14
9 16 9 17
9 17 9 18
9 19 9 20
9 21 9 22
9 22 9 23
9 23 9 24
9 26 9 27
9 27 9 28
9 28 9 29
9 33 9 34
9 34 9 35
9 35 9 36
9 37 9 38
9 38 9 39
9 41 9 42
9 42 9 43
9 44 9 45
9 45 9 46
9 49 9 50
9 50 9 51
9 51 9 52
9 52 9 53
9 57 9 58
9 59 9 60
9 60 9 61
9 61 9 62
9 62 9 63
9 64 9 65
9 67 9 68
9 69 9 70
9 70 9 71
9 71 9 72
9 72 9 73
9 76 9 77
9 77 9 78
9 80 9 81
9 81 9 82
9 83 9 84
9 84 9 85
9 86 9 87
9 87 9 88
9 88 9 89
9 90 9 91
9 93 9 94
9 94 9 95
9 95 9 96
9 96 9 97
9 98 9 99
10 0 10 1
10 2 10 3
10 3 10 4
10 5 10 6
10 8 10 9
10 9 10 10
10 10 10 11
10 12 10 13
10 16 10 17
10 18 10 19
10 23 10 24
10 25 10 26
10 26 10 27
10 28 10 29
10 29 10 30
10 32 10 33
10 34 10 35
10 35 10 36
10 36 10 37
10 40 10 41
10 43 10 44
10 44 10 45
10 46 10 47
10 49 10 50
10 50 10 51
10 51 10 52
10 52 10 53
10 54 10 55
10 57 10 58
10 59 10 60
10 60 10 61
10 63 10 64
10 65 10 66
10 66 10 67
10 68 10 69
10 69 10 70
10 78 10 79
10 79 10 80
10 80 10 81
10 81 10 82
10 82 10 83
10 85 10 86
10 87 10 88
10 92 10 93
10 96 10 97
10 97 10 98
10 99 10 100
11 0 11 1
11 1 11 2
11 3 11 4
11 5 11 6
11 6 11 7
80 0 0 10 10
3 1 4 1
5 1 6 1
8 1 9 1
9 1 10 1
1 2 2 2
5 2 6 2
6 2 7 2
7 2 8 2
9 2 10 2
0 3 1 3
3 3 4 3
5 3 6 3
7 3 8 3
9 3 10 3
0 4 1 4
1 4 2 4
2 4 3 4
8 4 9 4
9 4 10 4
0 5 1 5
2 5 3 5
3 5 4 5
5 5 6 5
7 5 8 5
8 5 9 5
0 6 1 6
1 6 2 6
0 7 1 7
1 7 2 7
3 7 4 7
4 7 5 7
5 7 6 7
6 7 7 7
7 7 8 7
8 7 9 7
0 8 1 8
3 8 4 8
4 8 5 8
6 8 7 8
8 8 9 8
1 2 1 3
1 7 1 8
2 1 2 2
2 5 2 6
2 6 2 7
2 7 2 8
3 0 3 1
3 3 3 4
3 6 3 7
3 8 3 9
3 9 3 10
4 3 4 4
4 6 4 7
4 9 4 10
5 0 5 1
5 1 5 2
5 2 5 3
5 3 5 4
5 4 5 5
5 9 5 10
6 0 6 1
6 7 6 8
6 9 6 10
7 0 7 1
7 1 7 2
7 3 7 4
7 4 7 5
7 5 7 6
7 6 7 7
7 9 7 10
8 0 8 1
8 1 8 2
8 2 8 3
8 4 8 5
8 5 8 6
8 6 8 7
8 7 8 8
8 9 8 10
9 4 9 5
9 5 9 6
70 0 0 10 10
1 1 2 1
3 1 4 1
5 1 6 1
8 1 9 1
1 2 2 2
2 2 3 2
3 2 4 2
6 2 7 2
7 2 8 2
9 2 10 2
0 3 1 3
2 3 3 3
4 3 5 3
6 3 7 3
7 3 8 3
0 4 1 4
2 4 3 4
4 4 5 4
0 5 1 5
2 5 3 5
3 5 4 5
5 5 6 5
7 5 8 5
9 5 10 5
0 6 1 6
3 6 4 6
6 6 7 6
7 6 8 6
8 6 9 6
9 6 10 6
0 7 1 7
9 7 10 7
0 8 1 8
4 8 5 8
6 8 7 8
1 1 1 2
1 3 1 4
1 4 1 5
1 5 1 6
1 6 1 7
1 7 1 8
1 8 1 9
1 9 1 10
2 0 2 1
2 1 2 2
2 2 2 3
2 5 2 6
2 6 2 7
3 2 3 3
3 7 3 8
4 0 4 1
4 1 4 2
4 3 4 4
4 4 4 5
4 5 4 6
4 7 4 8
4 8 4 9
4 9 4 10
5 0 5 1
5 1 5 2
5 2 5 3
5 3 5 4
5 4 5 5
5 7 5 8
5 8 5 9
6 1 6 2
6 6 6 7
6 7 6 8
7 0 7 1
7 2 7 3
80 0 0 10 10
0 1 1 1
2 1 3 1
4 1 5 1
7 1 8 1
9 1 10 1
0 2 1 2
1 2 2 2
2 2 3 2
4 2 5 2
6 2 7 2
8 2 9 2
9 2 10 2
1 3 2 3
2 3 3 3
3 3 4 3
5 3 6 3
7 3 8 3
0 4 1 4
1 4 2 4
2 4 3 4
3 4 4 4
5 4 6 4
6 4 7 4
7 4 8 4
8 4 9 4
3 5 4 5
2 6 3 6
5 6 6 6
9 6 10 6
1 7 2 7
3 7 4 7
4 7 5 7
7 7 8 7
0 8 1 8
1 8 2 8
2 8 3 8
4 8 5 8
6 8 7 8
8 8 9 8
0 9 1 9
1 4 1 5
1 5 1 6
1 7 1 8
1 8 1 9
2 0 2 1
2 4 2 5
2 6 2 7
3 0 3 1
3 1 3 2
3 4 3 5
3 5 3 6
3 7 3 8
3 8 3 9
3 9 3 10
4 0 4 1
4 1 4 2
4 3 4 4
4 4 4 5
4 5 4 6
4 6 4 7
4 7 4 8
5 0 5 1
5 1 5 2
5 5 5 6
5 6 5 7
5 7 5 8
6 0 6 1
6 4 6 5
7 3 7 4
7 4 7 5
7 6 7 7
7 7 7 8
7 8 7 9
8 1 8 2
8 4 8 5
8 6 8 7
8 7 8 8
8 8 8 9
8 9 8 10
9 0 9 1
-1
