200 5
90  91
95  96
100 100
105 105
110 110
2 2
100 200
150 375 
100 3
100  101
101  102
200  200
100 3
100  101
101  102
200  200
3 3
100  200
150  290
200  399
3 3
100  50
150  300
200  500
3 3
100  100
150  350
200  500
200 200
1 1
2 2
3 3
4 4
5 5
6 6
7 7
8 8
9 9
10 10
11 11
12 12
13 13
14 14
15 15
16 16
17 17
18 18
19 19
20 20
21 21
22 22
23 23
24 24
25 25
26 26
27 27
28 28
29 29
30 30
31 31
32 32
33 33
34 34
35 35
36 36
37 37
38 38
39 39
40 40
41 41
42 42
43 43
44 44
45 45
46 46
47 47
48 48
49 49
50 50
51 51
52 52
53 53
54 54
55 55
56 56
57 57
58 58
59 59
60 60
61 61
62 62
63 63
64 64
65 65
66 66
67 67
68 68
69 69
70 70
71 71
72 72
73 73
74 74
75 75
76 76
77 77
78 78
79 79
80 80
81 81
82 82
83 83
84 84
85 85
86 86
87 87
88 88
89 89
90 90
91 91
92 92
93 93
94 94
95 95
96 96
97 97
98 98
99 99
100 100
101 101
102 102
103 103
104 104
105 105
106 106
107 107
108 108
109 109
110 110
111 111
112 112
113 113
114 114
115 115
116 116
117 117
118 118
119 119
120 120
121 121
122 122
123 123
124 124
125 125
126 126
127 127
128 128
129 129
130 130
131 131
132 132
133 133
134 134
135 135
136 136
137 137
138 138
139 139
140 140
141 141
142 142
143 143
144 144
145 145
146 146
147 147
148 148
149 149
150 150
151 151
152 152
153 153
154 154
155 155
156 156
157 157
158 158
159 159
160 160
161 161
162 162
163 163
164 164
165 165
166 166
167 167
168 168
169 169
170 170
171 171
172 172
173 173
174 174
175 175
176 176
177 177
178 178
179 179
180 180
181 181
182 182
183 183
184 184
185 185
186 186
187 187
188 188
189 189
190 190
191 191
192 192
193 193
194 194
195 195
196 196
197 197
198 198
199 199
200 200
200 200
1 2
2 4
3 6
4 8
5 10
6 12
7 14
8 16
9 18
10 20
11 22
12 24
13 26
14 28
15 30
16 32
17 34
18 36
19 38
20 40
21 42
22 44
23 46
24 48
25 50
26 52
27 54
28 56
29 58
30 60
31 62
32 64
33 66
34 68
35 70
36 72
37 74
38 76
39 78
40 80
41 82
42 84
43 86
44 88
45 90
46 92
47 94
48 96
49 98
50 100
51 102
52 104
53 106
54 108
55 110
56 112
57 114
58 116
59 118
60 120
61 122
62 124
63 126
64 128
65 130
66 132
67 134
68 136
69 138
70 140
71 142
72 144
73 146
74 148
75 150
76 152
77 154
78 156
79 158
80 160
81 162
82 164
83 166
84 168
85 170
86 172
87 174
88 176
89 178
90 180
91 182
92 184
93 186
94 188
95 190
96 192
97 194
98 196
99 198
100 200
101 202
102 204
103 206
104 208
105 210
106 212
107 214
108 216
109 218
110 220
111 222
112 224
113 226
114 228
115 230
116 232
117 234
118 236
119 238
120 240
121 242
122 244
123 246
124 248
125 250
126 252
127 254
128 256
129 258
130 260
131 262
132 264
133 266
134 268
135 270
136 272
137 274
138 276
139 278
140 280
141 282
142 284
143 286
144 288
145 290
146 292
147 294
148 296
149 298
150 300
151 302
152 304
153 306
154 308
155 310
156 312
157 314
158 316
159 318
160 320
161 322
162 324
163 326
164 328
165 330
166 332
167 334
168 336
169 338
170 340
171 342
172 344
173 346
174 348
175 350
176 352
177 354
178 356
179 358
180 360
181 362
182 364
183 366
184 368
185 370
186 372
187 374
188 376
189 378
190 380
191 382
192 384
193 386
194 388
195 390
196 392
197 394
198 396
199 398
200 400
200 200
1 2
2 8
3 5
4 13
5 11
6 11
7 11
8 17
9 18
10 18
11 13
12 21
13 21
14 20
15 19
16 17
17 18
18 22
19 21
20 22
21 31
22 27
23 25
24 25
25 26
26 30
27 33
28 34
29 36
30 37
31 33
32 39
33 38
34 38
35 36
36 43
37 45
38 47
39 45
40 44
41 50
42 50
43 53
44 54
45 51
46 48
47 52
48 51
49 58
50 53
51 59
52 61
53 63
54 64
55 62
56 60
57 60
58 61
59 68
60 61
61 65
62 63
63 70
64 65
65 66
66 76
67 70
68 71
69 75
70 77
71 80
72 80
73 78
74 77
75 83
76 81
77 82
78 88
79 87
80 82
81 87
82 86
83 91
84 91
85 91
86 90
87 89
88 91
89 94
90 99
91 97
92 102
93 101
94 98
95 97
96 103
97 102
98 99
99 106
100 106
101 103
102 112
103 105
104 114
105 112
106 110
107 112
108 109
109 119
110 117
111 113
112 121
113 122
114 120
115 117
116 118
117 126
118 123
119 121
120 126
121 129
122 127
123 126
124 130
125 132
126 134
127 135
128 133
129 131
130 134
131 140
132 133
133 139
134 141
135 140
136 138
137 147
138 148
139 145
140 144
141 146
142 146
143 152
144 148
145 150
146 149
147 157
148 151
149 157
150 156
151 153
152 160
153 162
154 158
155 161
156 165
157 158
158 168
159 165
160 161
161 167
162 164
163 172
164 171
165 172
166 168
167 176
168 170
169 171
170 178
171 175
172 182
173 176
174 178
175 177
176 184
177 186
178 186
179 186
180 188
181 184
182 184
183 184
184 185
185 194
186 195
187 190
188 190
189 195
190 191
191 193
192 197
193 201
194 201
195 201
196 197
197 202
198 201
199 206
200 203
200 200
1 6
2 5
3 9
4 10
5 12
6 8
7 13
8 18
9 16
10 20
11 13
12 16
13 15
14 24
15 20
16 26
17 18
18 25
19 20
20 25
21 31
22 23
23 32
24 27
25 28
26 34
27 32
28 31
29 36
30 37
31 36
32 37
33 39
34 41
35 44
36 45
37 44
38 46
39 45
40 44
41 43
42 50
43 49
44 54
45 48
46 48
47 54
48 55
49 55
50 54
51 56
52 53
53 61
54 61
55 62
56 63
57 66
58 60
59 65
60 69
61 71
62 69
63 71
64 65
65 72
66 76
67 71
68 74
69 73
70 72
71 73
72 81
73 82
74 82
75 77
76 80
77 78
78 79
79 86
80 89
81 87
82 87
83 88
84 87
85 90
86 92
87 89
88 92
89 97
90 94
91 100
92 102
93 102
94 102
95 99
96 106
97 99
98 99
99 107
100 106
101 108
102 112
103 104
104 113
105 112
106 110
107 109
108 114
109 112
110 113
111 121
112 118
113 120
114 116
115 120
116 120
117 122
118 126
119 125
120 124
121 128
122 128
123 130
124 128
125 126
126 134
127 129
128 135
129 138
130 135
131 139
132 137
133 137
134 142
135 141
136 140
137 147
138 145
139 141
140 144
141 143
142 150
143 153
144 151
145 146
146 150
147 148
148 155
149 151
150 159
151 160
152 158
153 161
154 163
155 156
156 158
157 165
158 165
159 162
160 161
161 163
162 169
163 167
164 168
165 169
166 173
167 176
168 177
169 175
170 177
171 179
172 182
173 175
174 181
175 180
176 179
177 179
178 187
179 180
180 185
181 187
182 186
183 189
184 187
185 189
186 188
187 196
188 190
189 192
190 198
191 200
192 200
193 201
194 201
195 199
196 205
197 200
198 207
199 202
200 203
200 200
1 7
2 12
3 4
4 5
5 11
6 11
7 8
8 11
9 18
10 13
11 13
12 14
13 23
14 15
15 16
16 17
17 21
18 28
19 23
20 25
21 31
22 31
23 29
24 33
25 32
26 30
27 30
28 29
29 35
30 40
31 35
32 35
33 39
34 37
35 42
36 46
37 42
38 47
39 40
40 50
41 48
42 50
43 49
44 46
45 48
46 50
47 48
48 53
49 50
50 57
51 60
52 53
53 62
54 61
55 62
56 65
57 63
58 65
59 61
60 67
61 69
62 70
63 64
64 73
65 72
66 74
67 68
68 74
69 79
70 71
71 74
72 74
73 83
74 81
75 78
76 86
77 81
78 85
79 82
80 82
81 84
82 88
83 93
84 86
85 95
86 91
87 88
88 96
89 91
90 100
91 99
92 101
93 96
94 99
95 96
96 104
97 99
98 103
99 103
100 110
101 102
102 105
103 105
104 107
105 107
106 113
107 116
108 118
109 111
110 118
111 118
112 119
113 123
114 119
115 125
116 123
117 119
118 125
119 125
120 125
121 131
122 128
123 129
124 130
125 128
126 130
127 131
128 129
129 137
130 132
131 132
132 136
133 139
134 135
135 137
136 138
137 144
138 143
139 146
140 147
141 146
142 149
143 147
144 153
145 151
146 148
147 157
148 157
149 153
150 160
151 153
152 161
153 159
154 159
155 162
156 164
157 158
158 161
159 162
160 165
161 170
162 170
163 171
164 173
165 169
166 170
167 177
168 172
169 173
170 176
171 175
172 180
173 181
174 182
175 183
176 178
177 180
178 181
179 186
180 190
181 185
182 188
183 185
184 194
185 188
186 192
187 194
188 193
189 196
190 191
191 192
192 193
193 194
194 198
195 199
196 203
197 199
198 202
199 200
200 207
200 200
1 9
2 4
3 10
4 11
5 12
6 12
7 8
8 14
9 10
10 20
11 16
12 22
13 21
14 20
15 22
16 23
17 21
18 22
19 20
20 29
21 23
22 23
23 27
24 32
25 28
26 30
27 32
28 29
29 34
30 36
31 38
32 40
33 38
34 38
35 44
36 46
37 44
38 48
39 40
40 46
41 50
42 46
43 47
44 47
45 46
46 53
47 51
48 49
49 50
50 55
51 60
52 62
53 58
54 62
55 62
56 65
57 66
58 64
59 65
60 61
61 69
62 67
63 69
64 70
65 71
66 75
67 74
68 72
69 70
70 73
71 75
72 75
73 81
74 78
75 84
76 78
77 85
78 85
79 88
80 82
81 87
82 92
83 91
84 94
85 87
86 96
87 95
88 98
89 98
90 99
91 98
92 94
93 100
94 97
95 98
96 104
97 105
98 100
99 107
100 105
101 102
102 111
103 112
104 106
105 109
106 112
107 112
108 116
109 111
110 118
111 121
112 113
113 120
114 121
115 117
116 117
117 120
118 125
119 128
120 126
121 125
122 130
123 126
124 131
125 128
126 129
127 137
128 131
129 130
130 138
131 133
132 133
133 134
134 138
135 142
136 140
137 142
138 143
139 140
140 146
141 148
142 146
143 150
144 153
145 151
146 152
147 148
148 153
149 152
150 155
151 160
152 157
153 154
154 160
155 163
156 164
157 166
158 167
159 162
160 169
161 168
162 170
163 172
164 172
165 174
166 176
167 177
168 174
169 174
170 172
171 175
172 181
173 178
174 176
175 176
176 183
177 185
178 179
179 180
180 184
181 188
182 191
183 185
184 186
185 186
186 190
187 188
188 198
189 196
190 191
191 201
192 199
193 198
194 195
195 198
196 200
197 204
198 206
199 200
200 209
200 200
1 3
2 9
3 9
4 14
5 10
6 9
7 11
8 16
9 13
10 15
11 18
12 14
13 23
14 22
15 17
16 21
17 25
18 28
19 27
20 27
21 28
22 32
23 30
24 27
25 31
26 29
27 33
28 36
29 32
30 36
31 36
32 42
33 40
34 42
35 42
36 41
37 45
38 46
39 49
40 43
41 48
42 52
43 49
44 54
45 51
46 51
47 52
48 57
49 59
50 52
51 54
52 55
53 61
54 64
55 62
56 57
57 64
58 59
59 65
60 66
61 66
62 63
63 73
64 66
65 72
66 67
67 69
68 75
69 73
70 74
71 78
72 77
73 78
74 77
75 82
76 78
77 82
78 84
79 88
80 85
81 82
82 86
83 87
84 86
85 94
86 94
87 96
88 95
89 96
90 96
91 99
92 100
93 103
94 99
95 99
96 98
97 107
98 107
99 104
100 102
101 110
102 110
103 104
104 109
105 115
106 107
107 109
108 111
109 111
110 116
111 113
112 119
113 119
114 121
115 123
116 126
117 124
118 121
119 128
120 124
121 131
122 130
123 126
124 126
125 129
126 128
127 133
128 130
129 139
130 132
131 135
132 136
133 135
134 136
135 136
136 144
137 145
138 147
139 140
140 145
141 146
142 151
143 148
144 149
145 153
146 149
147 153
148 149
149 159
150 159
151 160
152 153
153 158
154 161
155 163
156 164
157 160
158 168
159 167
160 162
161 167
162 163
163 169
164 172
165 173
166 167
167 175
168 174
169 179
170 179
171 179
172 176
173 177
174 179
175 176
176 183
177 178
178 186
179 187
180 183
181 183
182 183
183 190
184 185
185 189
186 193
187 195
188 193
189 199
190 197
191 194
192 197
193 202
194 195
195 197
196 198
197 199
198 208
199 203
200 204
200 200
1 83
2 7
3 85
4 28
5 95
6 32
7 34
8 29
9 32
10 95
11 99
12 101
13 98
14 75
15 20
16 34
17 36
18 54
19 64
20 39
21 111
22 85
23 78
24 116
25 78
26 100
27 127
28 125
29 116
30 115
31 46
32 70
33 62
34 52
35 133
36 111
37 109
38 42
39 104
40 122
41 115
42 124
43 56
44 116
45 83
46 111
47 139
48 137
49 53
50 128
51 96
52 53
53 76
54 96
55 71
56 148
57 108
58 83
59 135
60 151
61 83
62 66
63 141
64 87
65 121
66 147
67 153
68 102
69 123
70 170
71 158
72 137
73 96
74 156
75 113
76 113
77 81
78 135
79 119
80 92
81 114
82 172
83 104
84 179
85 98
86 171
87 177
88 133
89 112
90 154
91 148
92 155
93 136
94 96
95 182
96 110
97 124
98 128
99 168
100 157
101 197
102 163
103 182
104 147
105 187
106 180
107 121
108 160
109 112
110 111
111 186
112 146
113 204
114 161
115 192
116 122
117 181
118 121
119 188
120 217
121 172
122 193
123 150
124 207
125 190
126 186
127 154
128 213
129 176
130 205
131 167
132 134
133 181
134 197
135 176
136 175
137 140
138 167
139 199
140 229
141 185
142 236
143 182
144 198
145 147
146 244
147 234
148 192
149 219
150 184
151 212
152 202
153 209
154 158
155 193
156 180
157 251
158 244
159 256
160 221
161 220
162 170
163 204
164 195
165 215
166 175
167 255
168 199
169 248
170 264
171 230
172 194
173 201
174 231
175 263
176 202
177 208
178 251
179 266
180 204
181 201
182 227
183 273
184 242
185 188
186 286
187 193
188 250
189 215
190 207
191 203
192 216
193 243
194 290
195 200
196 204
197 231
198 226
199 251
200 250
200 200
1 43
2 95
3 64
4 34
5 53
6 47
7 103
8 63
9 93
10 90
11 92
12 72
13 101
14 46
15 109
16 43
17 112
18 90
19 32
20 98
21 69
22 40
23 26
24 29
25 71
26 113
27 41
28 30
29 51
30 112
31 111
32 110
33 99
34 64
35 114
36 129
37 122
38 63
39 89
40 43
41 49
42 46
43 79
44 116
45 86
46 65
47 77
48 67
49 124
50 64
51 57
52 105
53 89
54 135
55 71
56 146
57 71
58 61
59 78
60 142
61 86
62 120
63 98
64 118
65 132
66 154
67 161
68 163
69 80
70 86
71 127
72 153
73 163
74 82
75 163
76 159
77 116
78 133
79 147
80 126
81 110
82 177
83 182
84 157
85 145
86 114
87 101
88 108
89 150
90 139
91 127
92 115
93 141
94 164
95 190
96 164
97 196
98 122
99 151
100 124
101 191
102 151
103 136
104 158
105 163
106 140
107 142
108 125
109 139
110 132
111 204
112 186
113 194
114 180
115 184
116 144
117 194
118 125
119 192
120 206
121 156
122 127
123 172
124 127
125 209
126 188
127 182
128 189
129 186
130 208
131 196
132 202
133 209
134 221
135 151
136 179
137 216
138 141
139 183
140 145
141 192
142 169
143 150
144 169
145 244
146 197
147 209
148 156
149 186
150 246
151 238
152 186
153 178
154 183
155 161
156 256
157 175
158 165
159 182
160 191
161 240
162 227
163 172
164 191
165 179
166 188
167 224
168 186
169 233
170 181
171 217
172 248
173 207
174 180
175 204
176 246
177 265
178 235
179 266
180 189
181 261
182 282
183 247
184 246
185 245
186 246
187 207
188 286
189 213
190 195
191 215
192 218
193 234
194 274
195 223
196 287
197 235
198 271
199 220
200 206
200 200
1 62
2 38
3 40
4 71
5 103
6 29
7 97
8 43
9 105
10 77
11 32
12 41
13 49
14 68
15 45
16 38
17 27
18 29
19 90
20 105
21 89
22 104
23 24
24 74
25 86
26 120
27 57
28 89
29 104
30 118
31 123
32 116
33 94
34 65
35 114
36 52
37 92
38 107
39 79
40 140
41 52
42 84
43 46
44 113
45 71
46 63
47 70
48 67
49 136
50 127
51 56
52 101
53 59
54 151
55 64
56 113
57 154
58 116
59 147
60 101
61 102
62 104
63 129
64 147
65 160
66 95
67 68
68 130
69 74
70 136
71 114
72 168
73 134
74 95
75 117
76 111
77 140
78 159
79 80
80 91
81 121
82 110
83 115
84 167
85 171
86 118
87 107
88 145
89 136
90 190
91 135
92 129
93 135
94 133
95 154
96 184
97 131
98 138
99 195
100 151
101 143
102 163
103 181
104 113
105 121
106 127
107 116
108 140
109 157
110 173
111 145
112 120
113 175
114 129
115 144
116 199
117 161
118 218
119 142
120 131
121 173
122 149
123 124
124 182
125 203
126 137
127 224
128 165
129 220
130 183
131 154
132 163
133 181
134 166
135 177
136 213
137 222
138 177
139 182
140 213
141 215
142 152
143 152
144 220
145 230
146 210
147 183
148 196
149 159
150 192
151 170
152 187
153 245
154 177
155 187
156 172
157 192
158 177
159 187
160 181
161 179
162 196
163 170
164 215
165 262
166 247
167 212
168 260
169 187
170 219
171 219
172 242
173 198
174 268
175 203
176 206
177 260
178 260
179 242
180 260
181 182
182 209
183 212
184 280
185 271
186 238
187 258
188 214
189 282
190 240
191 201
192 275
193 201
194 223
195 234
196 261
197 249
198 242
199 214
200 298
200 200
1 9
2 3
3 95
4 46
5 81
6 25
7 18
8 51
9 77
10 63
11 94
12 96
13 41
14 64
15 103
16 31
17 115
18 72
19 42
20 27
21 42
22 42
23 43
24 44
25 121
26 86
27 101
28 58
29 97
30 109
31 124
32 125
33 118
34 60
35 46
36 43
37 128
38 53
39 129
40 76
41 137
42 81
43 77
44 113
45 134
46 85
47 91
48 116
49 76
50 99
51 104
52 133
53 133
54 129
55 104
56 139
57 113
58 86
59 94
60 66
61 153
62 139
63 100
64 93
65 87
66 99
67 73
68 157
69 94
70 111
71 86
72 160
73 134
74 153
75 95
76 122
77 154
78 122
79 143
80 161
81 99
82 115
83 180
84 155
85 105
86 173
87 92
88 163
89 93
90 104
91 100
92 148
93 150
94 148
95 117
96 104
97 128
98 105
99 141
100 114
101 127
102 185
103 154
104 131
105 204
106 198
107 120
108 137
109 180
110 158
111 141
112 147
113 166
114 196
115 167
116 123
117 200
118 174
119 130
120 171
121 216
122 195
123 171
124 170
125 217
126 181
127 164
128 217
129 195
130 143
131 182
132 144
133 161
134 189
135 215
136 173
137 223
138 213
139 186
140 176
141 186
142 201
143 181
144 208
145 201
146 195
147 231
148 167
149 150
150 161
151 156
152 175
153 179
154 196
155 226
156 201
157 171
158 213
159 245
160 241
161 183
162 255
163 195
164 179
165 226
166 168
167 263
168 222
169 208
170 172
171 195
172 261
173 233
174 190
175 177
176 230
177 269
178 244
179 202
180 221
181 278
182 192
183 223
184 235
185 219
186 219
187 250
188 214
189 218
190 244
191 281
192 240
193 226
194 262
195 242
196 255
197 239
198 291
199 212
200 267
200 200
1 16
2 27
3 15
4 15
5 74
6 89
7 57
8 54
9 75
10 52
11 75
12 22
13 97
14 51
15 103
16 69
17 114
18 58
19 92
20 84
21 59
22 104
23 109
24 31
25 100
26 63
27 51
28 110
29 108
30 58
31 88
32 50
33 46
34 110
35 77
36 64
37 55
38 93
39 64
40 72
41 64
42 108
43 113
44 112
45 110
46 52
47 80
48 144
49 82
50 81
51 68
52 89
53 81
54 151
55 79
56 83
57 120
58 134
59 118
60 88
61 133
62 96
63 135
64 67
65 136
66 130
67 80
68 140
69 108
70 123
71 158
72 132
73 123
74 78
75 143
76 132
77 112
78 136
79 156
80 83
81 82
82 137
83 158
84 113
85 165
86 170
87 160
88 118
89 143
90 131
91 102
92 131
93 103
94 161
95 112
96 166
97 165
98 172
99 188
100 176
101 158
102 129
103 115
104 131
105 179
106 204
107 156
108 130
109 190
110 172
111 146
112 161
113 213
114 152
115 210
116 139
117 181
118 176
119 134
120 213
121 167
122 187
123 128
124 190
125 200
126 136
127 193
128 148
129 153
130 204
131 231
132 208
133 223
134 189
135 225
136 223
137 199
138 210
139 213
140 156
141 217
142 158
143 184
144 206
145 217
146 229
147 236
148 155
149 189
150 211
151 200
152 198
153 230
154 212
155 189
156 215
157 194
158 233
159 168
160 170
161 261
162 167
163 203
164 175
165 207
166 210
167 194
168 214
169 192
170 197
171 236
172 262
173 261
174 219
175 217
176 200
177 274
178 252
179 214
180 253
181 242
182 245
183 273
184 253
185 209
186 197
187 241
188 260
189 246
190 192
191 243
192 238
193 291
194 283
195 266
196 221
197 208
198 225
199 246
200 261
19 68
4 4
9 17
13 23
18 28
20 22
29 38
33 34
34 37
37 39
40 51
43 49
52 57
57 58
58 59
60 67
62 71
65 68
69 73
72 77
73 79
74 83
78 80
92 96
93 102
96 96
97 104
99 102
103 111
106 116
109 118
113 120
117 123
118 128
119 130
122 126
126 135
131 134
132 141
133 136
134 144
136 139
137 148
138 149
140 146
141 145
142 151
144 144
149 150
150 159
151 154
152 153
154 162
161 164
162 171
165 170
166 172
167 173
168 174
173 184
175 177
177 188
184 195
186 187
187 198
190 190
191 195
199 201
200 205
71 35
7 74
13 87
18 55
24 28
34 116
35 70
38 64
42 117
50 81
58 111
77 151
78 90
88 158
92 171
94 105
98 125
99 105
101 120
106 176
123 158
127 133
128 161
137 210
142 181
143 173
146 226
152 156
155 179
173 234
174 201
177 190
183 192
186 251
187 264
189 221
118 29
7 11
8 41
21 35
29 39
33 68
37 57
44 53
51 79
53 56
57 81
60 72
62 94
67 76
77 100
86 112
91 124
92 99
96 128
100 107
103 108
108 122
139 155
142 161
161 174
164 180
166 194
175 177
197 207
198 198
44 118
5 6
6 7
8 8
9 10
11 13
12 12
13 15
14 15
15 15
18 18
19 21
20 21
21 21
22 24
24 26
25 26
28 29
31 33
33 34
35 35
36 37
39 40
41 41
42 44
44 46
46 46
47 48
50 52
52 52
55 56
57 59
58 60
61 62
65 66
67 69
68 69
70 72
72 74
73 75
76 77
77 78
78 80
79 80
80 81
83 84
85 87
86 87
87 87
88 89
89 90
90 92
92 93
94 95
95 95
96 96
97 98
98 100
100 101
101 103
102 103
106 107
107 108
109 110
110 110
111 113
112 114
114 115
115 117
116 116
118 120
119 120
121 121
122 122
123 123
126 128
127 129
128 130
130 130
131 132
134 136
136 137
137 138
138 139
140 142
141 143
142 142
143 145
146 147
147 148
152 154
154 155
156 156
157 157
158 160
161 162
163 165
166 166
169 170
170 170
171 172
173 175
174 175
175 177
176 178
178 179
179 180
181 183
182 183
183 183
184 184
185 185
189 191
190 192
193 193
196 196
198 200
199 200
200 201
166 81
3 18
4 20
11 28
14 17
15 27
17 29
20 28
23 40
24 33
26 43
27 39
29 52
32 54
33 35
37 62
38 58
39 45
40 52
42 56
43 66
45 68
46 54
47 67
55 77
56 66
61 86
65 81
68 70
70 73
71 81
72 72
74 94
76 82
79 98
81 83
84 97
87 105
90 112
91 105
95 109
97 113
103 118
105 124
108 123
112 119
114 122
118 124
119 142
120 144
121 144
123 148
126 137
128 146
129 133
131 155
134 149
138 145
139 157
140 166
146 169
148 171
149 162
150 167
159 160
166 183
168 190
170 183
175 178
176 178
177 203
178 198
180 184
185 205
186 192
189 209
190 204
191 195
193 219
196 202
198 212
199 222
150 129
2 25
4 28
6 38
8 24
9 19
10 37
11 16
13 14
14 16
16 21
18 21
19 42
20 49
23 26
25 26
28 39
29 51
31 53
32 50
33 43
34 51
35 47
36 50
37 64
38 42
39 64
45 77
47 49
48 72
52 82
54 75
55 74
56 59
57 84
58 87
59 61
60 75
61 91
62 76
63 83
67 82
69 75
70 96
72 78
74 93
75 81
76 80
77 82
78 103
79 79
80 90
81 112
82 89
83 115
84 96
85 98
86 112
87 113
90 101
91 96
95 103
96 125
98 98
99 113
100 112
101 123
102 113
103 134
105 133
107 130
109 116
111 116
112 123
113 146
114 145
117 134
118 136
119 145
120 153
121 149
122 133
123 136
124 151
126 149
127 157
128 150
130 131
131 157
132 142
133 144
135 149
137 146
139 154
142 155
143 165
144 163
145 150
148 172
149 162
150 160
155 183
156 189
158 190
159 187
160 170
161 161
162 172
163 194
166 179
167 183
168 173
169 202
171 180
172 194
174 202
175 187
182 194
183 197
184 199
185 196
187 189
188 216
189 218
190 216
191 209
192 223
196 225
197 216
198 223
191 165
2 38
3 28
4 13
5 55
7 19
9 10
10 11
11 45
12 66
13 41
14 40
18 30
19 36
21 27
22 58
24 71
25 53
26 59
28 52
29 74
31 82
32 82
33 49
34 48
35 41
36 38
38 47
39 42
41 82
42 89
43 61
45 92
46 63
47 73
48 76
49 50
51 103
52 103
53 72
54 102
55 84
56 77
57 96
58 62
59 78
60 102
61 76
62 103
63 86
64 110
65 119
67 83
69 72
70 121
71 106
72 78
73 129
74 92
75 84
76 123
77 136
78 88
79 92
81 125
82 112
84 140
85 118
86 96
87 104
88 89
90 133
91 135
93 127
94 118
96 107
98 145
99 138
100 152
101 153
102 109
103 105
104 140
105 131
106 122
107 110
109 120
110 162
111 121
112 145
113 172
114 121
116 121
117 160
118 170
119 169
121 173
122 159
123 124
124 160
125 149
126 153
127 176
128 158
130 179
132 189
133 192
134 169
135 172
136 146
137 193
138 173
139 155
140 152
141 155
144 165
145 147
146 153
148 177
149 160
150 187
151 154
152 183
154 211
155 171
157 211
158 161
159 183
161 214
162 197
164 208
165 218
166 174
167 187
168 220
169 174
170 180
171 198
172 197
173 188
174 227
175 193
176 180
177 228
178 181
179 198
180 233
181 223
182 199
183 193
184 220
186 235
187 195
188 225
189 235
190 197
191 234
192 248
193 234
194 226
195 220
196 208
197 231
198 213
199 235
200 251
178 40
4 19
6 28
15 34
21 40
30 75
36 45
38 70
48 48
53 58
54 98
56 58
62 71
65 94
67 103
74 102
76 104
84 86
88 124
90 119
93 94
105 129
115 149
124 153
125 162
131 143
132 165
137 160
144 150
147 165
148 177
160 176
166 208
183 226
184 212
186 219
187 200
189 213
193 209
195 206
197 222
190 110
2 49
4 47
5 32
7 29
9 87
11 23
15 37
16 83
17 36
20 26
21 85
23 55
24 92
30 65
32 107
33 124
36 97
37 105
39 93
40 64
41 77
42 45
44 103
45 53
47 104
48 73
49 138
52 76
55 96
56 61
59 128
60 129
65 113
66 157
68 102
69 116
70 139
71 103
73 155
75 86
76 113
77 133
79 101
82 150
83 112
88 164
90 175
91 171
97 149
99 121
103 153
104 174
106 131
107 158
109 133
112 143
113 130
116 181
117 120
118 148
120 139
121 197
122 212
124 168
126 142
127 156
128 151
129 135
131 206
132 150
134 205
135 197
136 181
139 169
140 210
141 210
143 210
144 221
145 166
147 173
148 210
153 229
154 246
155 196
157 170
158 216
159 185
161 241
162 197
163 254
164 173
165 256
170 172
171 263
173 224
174 202
175 234
177 265
183 202
184 264
185 229
186 229
188 198
189 258
190 282
191 214
192 271
193 260
195 201
198 230
66 145
3 8
4 31
5 14
6 27
7 42
8 29
9 22
10 14
11 18
14 32
16 34
17 30
19 25
22 53
23 53
26 36
28 28
29 30
31 66
32 56
33 47
34 68
35 49
36 68
37 72
38 49
39 53
40 59
42 70
43 54
44 73
45 76
46 61
47 73
48 60
49 56
50 73
51 77
52 80
53 71
54 55
55 82
57 91
59 81
60 88
61 71
62 97
63 93
65 85
66 89
67 86
69 87
70 102
71 107
72 87
73 81
74 106
76 98
77 110
78 78
79 99
81 93
82 99
83 117
85 109
88 119
89 114
92 100
93 122
96 114
99 136
100 121
101 113
104 140
105 121
106 111
107 123
108 135
109 118
110 138
111 142
113 143
114 126
116 145
117 142
118 122
119 143
121 157
122 127
124 154
126 159
128 164
131 161
132 159
133 155
134 134
135 169
136 145
138 139
139 144
141 158
142 177
143 171
145 156
146 177
148 170
149 165
150 155
151 172
154 155
155 185
156 158
157 192
158 164
159 196
160 162
162 195
165 198
166 184
167 189
168 168
170 174
171 194
172 198
174 199
175 199
177 184
178 210
179 195
180 190
181 185
183 199
185 221
186 190
188 217
189 204
190 215
191 200
192 209
193 213
194 229
196 198
197 215
198 206
200 230
10 130
4 4
5 9
6 10
8 15
11 18
12 17
14 20
16 18
18 19
22 22
23 25
24 26
25 29
26 31
27 30
28 30
29 33
31 36
33 35
34 34
36 36
38 44
39 39
40 43
41 46
42 48
44 47
45 49
46 53
48 49
49 54
51 55
52 52
54 54
55 61
56 56
58 65
60 67
63 65
64 68
66 73
67 68
68 75
69 72
70 71
71 78
72 78
73 76
74 77
75 76
77 82
79 86
80 82
84 88
86 87
88 90
89 91
90 90
91 94
92 93
94 99
95 99
97 100
98 104
99 103
101 105
102 106
103 105
105 109
106 112
107 110
110 114
111 112
113 120
114 120
115 118
116 123
117 123
118 120
119 120
120 125
122 122
124 129
126 128
127 132
128 132
129 131
130 133
131 131
132 136
138 141
139 146
140 144
142 146
143 146
144 149
145 152
146 152
148 154
149 151
151 151
152 152
153 155
156 161
158 158
161 168
165 165
168 168
169 173
170 174
171 172
173 174
174 179
177 183
178 185
179 184
180 182
181 186
182 186
184 187
186 190
187 191
188 193
189 192
192 195
193 195
196 200
197 199
198 203
200 204
57 144
4 11
5 21
6 15
7 11
8 8
9 17
11 16
12 24
13 17
14 33
15 19
16 17
18 30
20 28
21 27
23 43
24 34
25 39
27 29
28 46
30 34
31 51
32 53
33 41
34 51
35 40
36 37
37 43
38 43
40 43
41 50
42 48
44 61
45 58
46 59
47 66
48 68
50 60
51 69
52 66
53 53
54 57
56 64
57 69
58 67
59 72
60 67
62 81
63 84
64 85
67 68
70 72
71 76
72 87
74 95
75 85
76 80
80 80
83 84
84 104
85 98
89 93
90 101
91 105
93 108
96 108
100 108
101 115
105 110
106 126
108 108
109 127
110 122
111 132
112 121
113 125
114 117
117 118
118 121
119 123
120 137
121 135
123 131
124 133
125 130
127 136
128 147
129 149
130 132
132 133
133 145
135 156
136 157
138 142
141 149
142 163
143 154
144 163
145 159
146 159
147 154
148 168
151 160
152 158
153 166
155 176
156 175
157 158
158 158
161 180
162 169
163 170
164 169
165 174
167 167
168 171
169 172
171 172
172 188
173 190
174 194
175 189
176 195
177 189
178 193
179 193
180 180
181 198
182 187
183 184
185 203
186 188
188 198
189 200
190 194
191 202
193 207
194 211
195 213
196 213
197 202
198 212
199 203
200 217
114 121
2 9
4 20
6 6
7 15
8 46
9 31
11 50
12 18
13 36
14 30
15 39
16 52
19 41
20 57
21 55
22 49
24 71
25 66
27 48
28 51
29 35
30 52
31 45
40 61
42 87
44 60
46 46
48 59
50 91
51 67
53 79
54 55
55 81
56 63
58 68
60 98
62 74
63 111
66 99
67 86
70 78
72 72
73 101
75 103
78 95
80 90
81 115
83 86
86 122
87 110
88 103
89 129
90 91
91 99
92 115
93 130
94 102
95 137
96 129
101 105
102 123
104 108
105 141
110 142
111 144
115 122
117 125
119 154
120 129
121 161
122 144
123 151
124 132
125 168
126 159
127 131
129 160
131 163
133 173
134 154
135 165
137 160
138 176
140 170
141 183
143 157
146 172
147 191
148 155
151 188
152 199
154 190
155 163
156 184
157 176
158 162
159 190
160 195
165 167
166 205
167 178
168 181
170 189
174 195
176 194
180 194
181 221
184 201
185 214
186 232
187 197
188 209
190 213
192 236
193 207
194 234
196 199
197 199
198 210
199 206
200 225
36 191
2 25
3 38
4 19
5 22
6 8
7 29
8 32
9 22
10 49
11 12
12 39
13 36
14 14
15 22
16 25
17 27
18 30
19 43
20 28
21 37
22 48
23 55
24 43
25 39
27 62
28 28
29 61
30 55
31 59
32 51
33 43
34 74
35 42
36 66
37 76
38 74
39 56
40 51
41 57
42 53
43 81
44 71
45 82
46 55
47 87
48 63
49 63
50 78
51 71
53 76
54 90
55 94
56 63
57 71
58 96
59 85
60 74
61 80
62 101
63 80
64 98
65 77
66 95
67 82
68 86
69 78
71 78
72 95
73 75
74 112
75 76
76 115
77 101
78 80
79 108
80 113
81 95
82 119
83 103
84 102
85 100
86 99
87 110
88 104
89 105
90 104
91 130
92 122
93 123
94 120
95 134
97 116
98 136
99 110
100 115
101 124
102 122
103 117
104 127
105 135
106 125
107 121
108 127
109 142
110 136
111 113
112 130
113 147
114 150
115 125
116 128
117 126
118 154
119 153
120 138
122 128
123 133
124 164
125 146
126 137
127 150
128 128
129 168
130 167
131 148
132 153
133 136
134 153
135 156
136 141
137 156
138 144
141 180
142 154
143 182
144 161
145 170
146 167
147 175
148 171
149 187
150 184
151 167
152 174
153 158
154 168
155 173
156 180
157 190
158 185
159 169
160 193
161 182
162 192
163 191
164 168
165 197
166 180
167 203
168 169
169 172
170 174
171 174
172 177
173 174
174 179
175 200
176 213
177 202
178 198
179 216
180 205
181 212
182 182
184 188
185 219
186 216
187 199
188 213
189 193
190 230
191 198
192 223
193 204
194 199
195 200
196 222
197 225
198 231
199 230
200 240
125 147
2 43
4 33
5 70
6 58
8 54
9 59
10 23
11 19
12 56
13 54
14 59
15 51
16 28
18 76
20 61
21 44
23 90
24 56
25 76
26 33
27 92
28 39
31 64
33 96
34 58
39 113
41 41
42 72
43 84
44 61
45 60
46 69
47 117
49 63
50 118
52 57
54 81
55 75
56 98
57 74
58 113
59 61
60 64
62 127
63 132
65 105
66 73
67 138
69 123
70 106
71 135
72 83
73 133
74 144
75 140
76 145
78 125
82 130
83 84
86 132
87 129
88 110
89 123
90 93
91 158
92 93
93 116
94 122
95 101
96 96
97 112
98 163
99 113
101 144
102 122
103 161
104 158
105 166
106 131
107 137
108 115
109 159
111 143
112 112
114 169
116 172
118 183
119 178
121 125
122 165
124 150
125 149
126 147
127 161
128 196
129 130
130 199
131 177
132 201
133 187
134 147
135 168
137 152
139 175
143 213
144 149
145 203
147 150
148 151
149 202
150 167
152 204
153 221
154 204
156 189
158 181
159 182
160 214
164 168
166 172
169 235
170 215
171 220
172 201
173 204
174 212
177 207
178 192
179 186
180 243
181 194
182 244
183 214
184 230
185 199
187 259
188 241
189 197
191 214
192 254
193 233
194 204
195 252
196 221
197 268
199 270
200 251
118 90
4 58
7 30
10 64
15 73
18 31
19 97
20 29
21 34
25 83
27 41
29 49
31 37
33 85
34 91
35 55
36 69
37 51
42 106
45 59
47 130
48 126
51 78
54 120
55 138
57 74
62 125
63 104
64 127
66 143
68 151
70 70
73 90
74 136
77 136
81 155
82 140
83 95
84 141
87 125
89 111
90 170
91 114
95 163
96 119
98 123
100 137
101 174
108 162
110 118
112 150
113 134
114 129
115 138
118 175
126 200
127 193
128 157
129 160
130 187
131 213
132 168
133 155
137 175
139 195
140 196
144 224
145 189
148 203
152 155
153 235
155 228
156 164
159 192
161 184
162 191
164 224
166 189
168 221
169 226
170 173
177 243
181 242
182 195
183 222
184 190
188 218
191 271
193 241
198 235
199 214
46 44
7 25
12 19
15 18
16 35
21 32
29 34
30 41
37 44
42 47
47 57
50 67
51 70
54 62
55 68
56 71
60 76
64 69
67 81
75 92
82 92
83 87
87 95
93 100
94 100
96 108
105 123
109 109
111 113
112 127
114 135
118 132
124 135
134 141
140 161
141 145
143 154
151 158
162 175
167 179
171 191
175 183
178 191
183 196
198 202
64 9
13 54
17 55
18 83
35 86
45 71
71 84
73 90
101 141
114 168
158 157
2 43
6 49
7 55
8 10
9 73
11 79
14 17
15 76
16 57
17 21
18 65
19 56
20 32
21 58
23 72
24 30
25 107
26 83
27 96
29 46
30 65
31 45
32 74
33 81
34 93
38 107
39 105
40 65
41 110
42 90
43 125
45 79
46 126
47 62
48 102
50 72
51 117
52 79
53 54
55 94
56 79
57 69
58 98
59 86
62 131
63 102
64 94
65 125
66 128
67 86
68 74
69 149
71 151
72 122
74 75
75 101
76 120
77 149
79 133
80 134
81 96
82 92
83 146
85 166
86 103
88 107
89 121
90 117
91 129
92 170
93 117
94 104
95 99
96 124
97 172
98 122
99 173
100 114
102 158
104 115
105 127
106 119
107 125
108 156
109 148
110 114
111 161
112 157
113 168
114 192
115 173
116 192
117 199
119 129
120 172
121 150
122 147
123 178
124 173
125 148
126 171
127 139
128 177
129 209
130 147
131 138
132 162
133 202
134 178
135 158
136 194
137 209
140 158
141 211
142 164
143 152
144 151
145 187
146 211
147 159
149 185
150 150
151 216
152 212
153 225
154 205
155 210
156 227
157 221
158 207
159 233
161 210
163 240
165 217
166 180
167 222
168 222
171 195
172 179
173 192
174 195
175 226
177 205
178 183
179 220
181 182
182 201
183 214
184 195
185 189
187 214
191 243
193 204
194 242
197 225
199 276
200 266
35 52
3 54
4 15
10 24
14 62
17 55
20 43
25 70
26 36
32 53
39 74
43 70
49 58
54 80
57 75
60 112
63 72
65 97
69 111
70 113
77 104
81 115
84 104
88 118
89 137
95 138
105 148
109 131
111 130
112 122
113 137
130 139
133 152
137 161
140 157
143 143
156 179
157 184
160 166
161 176
162 212
163 179
167 188
174 211
175 194
176 190
179 228
181 226
190 194
192 217
195 222
196 245
199 219
124 125
5 32
7 14
8 33
10 11
11 14
12 13
14 41
16 31
20 33
21 33
22 50
24 53
25 47
26 52
28 49
31 42
32 50
33 46
35 63
36 59
37 46
38 47
40 60
41 73
42 79
43 75
44 49
46 56
47 47
48 69
49 59
50 53
51 70
52 88
53 82
54 69
59 71
60 88
63 64
64 71
66 91
68 105
69 102
71 103
72 74
74 75
76 98
77 77
78 114
79 79
80 104
81 109
83 83
84 86
86 91
88 116
89 96
92 120
95 106
97 98
98 125
102 128
103 121
105 117
106 134
107 133
110 137
112 145
113 117
116 119
117 120
118 125
120 120
121 139
122 156
124 143
125 125
126 133
128 155
130 158
131 160
132 138
134 164
135 157
136 148
137 147
139 173
143 155
144 157
145 155
147 183
148 171
149 171
150 167
151 152
152 159
153 176
154 184
157 195
158 196
160 187
161 197
162 200
163 168
164 169
167 192
170 208
172 203
176 181
177 179
180 218
181 200
182 194
183 218
185 219
186 204
187 204
188 208
189 219
191 201
192 220
194 200
195 208
198 236
200 237
137 51
3 35
5 12
9 50
15 46
16 49
19 61
25 50
32 49
34 59
37 71
39 50
51 83
58 71
61 84
64 73
70 92
73 120
74 85
77 104
81 98
86 123
91 133
97 119
99 101
103 127
115 144
127 159
132 153
137 179
138 179
140 169
143 158
145 173
148 193
149 182
150 171
151 181
152 192
156 192
160 197
165 185
167 171
171 200
173 213
177 178
178 206
180 218
181 182
186 198
190 209
191 192
96 14
27 66
35 93
79 147
88 99
90 147
94 153
99 107
131 162
137 184
155 181
157 220
163 206
188 242
198 260
176 21
7 37
20 45
21 79
29 75
46 80
48 109
62 95
85 153
99 102
105 148
108 184
126 172
132 170
139 189
146 187
160 229
162 209
164 166
181 239
188 218
191 260
0 0
