232 261 4110 5
21 22 7550 4
2 23 5915 2
13 18 11652 3
4 7 5385 3
10 24 5306 5
4 12 7483 2
12 21 2811 6
3 24 8020 5
10 24 11595 4
3 21 7144 7
6 20 9582 4
4 8 5766 3
7 10 11142 4
2 4 980 5
3 22 4755 3
22 312 5151 4
9 25 7366 4
2 7 925 2
7 9 11162 3
7 12 9686 4
9 12 3623 6
7 8 3811 5
4 11 8040 7
2 8 3453 3
8 13 10209 3
8 11 7844 7
293 144 6748 7
6 21 968 6
5 7 7277 4
20 25 6864 7
10 15 1501 2
3 16 3315 7
9 13 6803 5
10 17 5657 6
11 21 1959 4
1 5 889 7
2 10 8148 6
6 15 9986 2
3 23 7101 5
15 16 5312 7
1 14 6966 4
11 19 3362 6
24 25 7592 7
4 24 6935 5
19 22 8280 6
16 21 10832 4
2 17 1250 3
1 9 1643 4
10 21 3478 6
2 25 10434 2
5 18 1796 7
42 651 9553 4
14 18 2632 3
12 24 3530 5
3 20 3940 4
1 20 497 2
4 7 7030 6
36 130 2379 7
12 19 4356 3
2 15 6127 4
4 15 4815 6
3 7 10894 7
12 22 1261 2
2 9 10974 7
2 6 6469 5
3 11 2002 3
6 15 10656 4
3 17 2286 4
6 10 4226 5
17 18 3544 5
3 9 4300 5
36 33 1058 2
14 24 6789 3
18 20 7462 3
1 4 3237 6
181 765 3700 4
678 615 9508 4
9 20 11293 5
7 17 10000 3
2 14 971 6
12 20 3881 7
13 25 3338 4
11 12 3030 5
1 21 3787 4
3 7 6589 4
42 99 5469 2
2 8 8138 4
18 24 1280 3
26 650 8711 2
425 234 5962 6
1 4 7232 7
12 18 8926 3
279 240 10023 4
3 20 3984 3
19 22 7740 5
313 313 849 3
5 25 11030 5
13 288 5859 3
3 25 2522 7
3 22 10993 5
20 22 10151 4
7 8 5557 4
18 25 2944 4
16 20 6755 3
3 6 4019 2
4 20 7289 3
475 266 4063 4
9 17 11162 3
11 13 5299 7
3 4 1400 5
14 15 3737 7
6 23 10474 4
589 399 7612 4
1 8 1780 4
2 16 7325 7
1 21 2731 5
15 20 9044 4
15 24 257 5
15 25 5840 3
7 12 5632 3
4 21 1936 2
4 5 6235 3
13 19 1760 6
51 620 10138 6
14 16 1400 4
1 11 7965 6
15 20 1833 5
2 13 7958 5
11 19 4986 5
662 404 12000 7
6 14 6031 7
3 23 4979 2
4 5 1388 6
12 18 9970 3
3 21 5205 2
570 250 7465 7
8 9 9404 3
3 15 1630 4
113 55 6692 6
1 6 1834 4
1 14 1680 2
10 20 9135 7
15 24 3072 6
7 12 1225 5
11 21 10848 5
3 20 3687 4
14 21 2005 4
6 15 2117 3
380 190 4668 5
12 15 2416 5
3 17 2370 5
684 156 4655 7
91 432 5722 3
6 18 7039 7
5 11 4095 4
3 8 10146 5
81 168 1505 6
1 17 3721 2
3 4 1230 3
55 756 12000 7
365 238 9786 7
8 9 6929 4
4 24 1613 6
28 675 11153 7
3 15 4471 5
11 18 5708 6
3 13 9610 6
4 20 11060 7
4 21 5848 6
9 20 535 6
15 20 8708 3
737 774 8270 5
2 13 9308 7
2 6 3531 5
7 21 8762 3
7 24 5362 3
1 15 2460 4
4 22 3972 2
8 15 9609 4
612 244 9214 5
2 18 798 5
4 7 11066 4
5 19 999 4
1 20 7968 4
1 21 211 6
63 350 2398 5
13 23 3919 3
5 11 8961 4
14 15 7297 4
4 16 2374 2
239 209 11925 3
1 13 9796 4
1 14 5154 7
10 12 11316 2
8 21 8540 3
1 18 11410 5
13 24 8726 3
153 302 3076 5
3 4 5519 3
0 0 0 0
