22
21
1 2 2 3 2 4 2 5 2 6 6 7 6 10 10 8 9 10 10 13 11 12 12 13 12 17
18 17 15 17 15 14 16 15 17 20 20 21 20 22 20 19
16
15
1 2 2 3 5 2 4 2 2 6 6 7 6 8 6 9 9 10 10 12 10 11 10 14 10 13 13 16 13 15
16
15
1 2 2 3 5 2 4 2 2 6 6 7 6 8 6 9 9 10 10 13 10 11 10 14 11 13 13 16 13 15
10
10
1 2 2 3 3 4 4 5 5 6 6 7 7 8 8 9 9 10 10 1
100
300
11 2 1 2 1 3 1 4 1 5 1 6 1 7 1 8 1 9 1 10 1 11 1 12 1 13 1 14 1 15 1 16 1 17 1 18 1 19 1 20 1 21
1 22 1 23 1 24 1 25 1 26 1 27 1 28 1 29 1 30 1 31 1 32 1 33 1 34 1 35 1 36 1 37 1 38 1 39 1 40 1 41
1 42 1 43 1 44 1 45 1 46 1 47 1 48 1 49 1 50 1 51 1 52 1 53 1 54 1 55 1 56 1 57 1 58 1 59 1 60 1 61
1 62 1 63 1 64 1 65 1 66 1 67 1 68 1 69 1 70 1 71 1 72 1 73 1 74 1 75 1 76 1 77 1 78 1 79 1 80 1 81
1 82 1 83 1 84 1 85 1 86 1 87 1 88 1 89 1 90 1 91 1 92 1 93 1 94 1 95 1 96 1 97 1 98 1 99 1 100
42 12 12 2 2 3 2 4 2 5 2 6 2 7 2 8 2 9 2 10 12 11 22 12 12 13 2 14 2 15 2 16 2 17 2 18 2 19 2 20 2 21
2 22 2 23 2 24 2 25 2 26 2 27 2 28 2 29 2 30 2 31 2 32 2 33 2 34 2 35 2 36 2 37 2 38 2 39 2 40 2 41
2 42 2 43 2 44 2 45 2 46 2 47 2 48 2 49 2 50 2 51 2 52 2 53 2 54 2 55 2 56 2 57 2 58 2 59 2 60 2 61
2 62 2 63 2 64 2 65 2 66 2 67 2 68 2 69 2 70 2 71 2 72 2 73 2 74 2 75 2 76 2 77 2 78 2 79 2 80 2 81
2 82 2 83 2 84 2 85 2 86 2 87 2 88 2 89 2 90 2 91 2 92 2 93 2 94 2 95 2 96 2 97 2 98 2 99 2 100
32 4 33 22 13 3 3 4 3 5 3 6 3 7 3 8 3 9 3 10 3 11 3 12 33 13 3 14 3 15 3 16 3 17 3 18 3 19 3 20 3 21
3 22 3 23 3 24 3 25 3 26 3 27 3 28 3 29 3 30 3 31 3 32 3 33 3 34 3 35 3 36 3 37 3 38 3 39 3 40 3 41
3 42 3 43 3 44 3 45 3 46 3 47 3 48 3 49 3 50 3 51 3 52 3 53 3 54 3 55 3 56 3 57 3 58 3 59 3 60 3 61
3 62 3 63 3 64 3 65 3 66 3 67 3 68 3 69 3 70 3 71 3 72 3 73 3 74 3 75 3 76 3 77 3 78 3 79 3 80 3 81
3 82 3 83 3 84 3 85 3 86 3 87 3 88 3 89 3 90 3 91 3 92 3 93 3 94 3 95 3 96 3 97 3 98 3 99 3 100
90
90
1 2 2 3 3 4 4 5 5 6 6 7 7 8 8 9 9 10 10 11 11 12 12 13 13 14 14 15 15 16 16 17 17 18 18 19 19 20 20 21
21 22 22 23 23 24 24 25 25 26 26 27 27 28 28 29 29 30 30 31
1 31 2 32 3 33 4 34 5 35 6 36 7 37 8 38 9 39 10 40 11 41 12 42 13 43 14 44 15 45 16 46 17 47 18 48 19 49 20 50
21 51 22 52 23 53 24 54 25 55 26 56 27 57 28 58 29 59 30 60
1 61 2 62 3 63 4 64 5 65 6 66 7 67 8 68 9 69 10 70 11 71 12 72 13 73 14 74 15 75 16 76 17 77 18 78 19 79 20 80
21 81 22 82 23 83 24 84 25 85 26 86 27 87 28 88 29 89 30 90
90
89
1 2 2 3 3 4 4 5 5 6 6 7 7 8 8 9 9 10 10 11 11 12 12 13 13 14 14 15 15 16 16 17 17 18 18 19 19 20 20 21
21 22 22 23 23 24 24 25 25 26 26 27 27 28 28 29 29 30
1 31 2 32 3 33 4 34 5 35 6 36 7 37 8 38 9 39 10 40 11 41 12 42 13 43 14 44 15 45 16 46 17 47 18 48 19 49 20 50
21 51 22 52 23 53 24 54 25 55 26 56 27 57 28 58 29 59 30 60
1 61 2 62 3 63 4 64 5 65 6 66 7 67 8 68 9 69 10 70 11 71 12 72 13 73 14 74 15 75 16 76 17 77 18 78 19 79 20 80
21 81 22 82 23 83 24 84 25 85 26 86 27 87 28 88 29 89 30 90
10
5
1 2 2 3 3 4 4 5 5 8
10
8
1 2 2 3 3 4 4 5 6 8 6 7 7 9 9 10
0
