10 3
1 2 1 1 2 2 3 2 3 3
10 3
2 1 2 2 1 1 3 1 3 3
10 2
1 2 1 2 1 2 1 2 1 2
10 3
1 2 3 2 1 2 3 2 1 2
100 5
1 2 3 2 1 2 3 2 1 2 1 2 3 2 1 2 3 2 1 2 1 2 3 2 1 2 3 2 1 2 1 2 3 2 1 2 3 2 1 2 1 2 3 2 1 2 3 2 1 2 1 2 3 2 1 2 3 2 1 2 1 2 3 2 1 2 3 2 1 2 1 2 3 2 1 2 3 2 1 2 1 2 3 2 1 2 3 2 1 2 1 2 3 2 1 2 3 2 1 2
1 4
4
87 2
1 2 2 1 1 2 2 2 2 2 1 1 2 1 2 1 1 1 2 2 1 2 2 1 1 2 1 1 2 1 1 1 1 1 1 1 2 1 2 2 2 1 1 2 1 2 1 1 1 1 2 1 1 1 1 1 1 2 1 2 1 2 2 2 1 1 2 1 2 1 1 1 2 2 1 2 2 1 2 2 1 2 1 2 2 2 1
75 2
1 1 1 2 1 1 2 1 2 1 2 1 2 1 1 1 1 1 2 2 1 2 2 2 1 1 2 1 1 1 1 2 2 1 1 1 1 2 1 2 1 2 2 2 2 1 2 2 1 2 2 2 1 2 1 2 2 2 2 2 1 2 1 1 1 2 1 1 1 2 1 1 2 1 2
37 3
2 1 1 1 3 2 2 3 1 3 1 3 3 2 3 3 3 1 1 1 1 2 2 3 1 1 1 1 1 1 3 3 1 2 2 2 2
5 3
2 3 3 3 2
47 4
2 3 4 2 2 3 4 3 1 4 1 1 1 3 1 4 3 4 4 1 1 4 4 4 4 2 1 1 2 2 4 3 1 2 3 1 4 3 2 4 3 4 2 2 3 2 2
6 4
4 1 4 3 2 3
100 4
2 3 3 1 2 2 3 2 1 1 1 3 4 3 4 4 1 2 3 4 4 4 4 2 3 1 1 1 4 2 1 2 1 2 1 1 3 3 3 4 4 2 4 1 4 3 2 3 3 2 2 3 2 1 4 2 3 3 4 3 2 3 2 4 2 3 1 1 2 2 1 3 2 1 3 4 2 1 2 1 1 1 1 2 2 2 1 1 4 4 4 1 1 1 3 2 2 2 4 2
21 5
4 5 5 3 4 4 2 2 3 2 3 4 2 5 5 3 2 3 1 1 2
26 3
1 2 3 2 3 3 1 2 3 1 1 3 1 3 2 3 2 1 3 3 2 3 1 1 1 2
78 5
2 1 4 1 1 5 2 2 5 4 4 2 5 1 3 3 5 5 1 5 1 5 3 3 2 4 2 1 3 5 1 4 3 3 2 4 2 2 1 4 3 5 2 4 2 4 4 3 3 4 4 3 1 1 2 5 1 4 4 1 1 5 2 5 3 5 5 5 4 1 1 1 1 1 1 1 1 2
35 4
2 2 4 4 1 1 1 2 2 3 4 4 1 1 4 1 1 4 2 3 2 3 4 3 2 4 4 1 1 3 3 4 4 4 2
54 5
3 5 4 1 5 1 2 1 5 1 5 1 5 1 5 5 5 5 4 2 4 5 5 1 5 1 3 3 5 5 1 2 2 2 2 1 1 2 2 3 4 2 1 5 2 2 4 4 2 1 3 1 3 2
19 2
1 2 2 2 1 1 1 1 1 1 1 2 2 1 2 1 2 2 1
74 4
3 2 1 4 4 3 2 3 1 4 2 3 3 3 2 3 2 4 4 4 3 3 1 3 4 1 3 1 1 1 4 4 2 2 1 4 4 3 2 4 1 2 1 4 4 2 2 2 3 3 1 4 3 4 4 4 3 1 4 3 1 3 4 3 2 2 1 2 1 2 4 4 2 1
58 2
1 2 1 2 2 1 1 1 2 2 2 1 2 1 2 1 1 1 1 1 1 2 2 2 2 1 1 2 2 2 1 2 2 2 2 2 1 1 2 1 2 2 2 1 1 1 2 2 1 1 1 1 2 1 2 2 1 1
48 4
3 3 2 4 4 4 2 4 1 3 3 1 1 3 1 2 2 1 1 2 2 4 4 2 3 3 4 4 1 2 2 3 2 2 1 2 1 2 1 2 2 3 4 3 3 2 2 2
83 1
1 1 1 1 1 1 1 1 1 1 1 1 1 1 1 1 1 1 1 1 1 1 1 1 1 1 1 1 1 1 1 1 1 1 1 1 1 1 1 1 1 1 1 1 1 1 1 1 1 1 1 1 1 1 1 1 1 1 1 1 1 1 1 1 1 1 1 1 1 1 1 1 1 1 1 1 1 1 1 1 1 1 1
68 4
3 1 4 2 4 4 1 1 3 4 3 4 3 3 1 4 3 4 3 3 2 2 3 4 4 4 4 2 3 3 4 4 4 1 1 3 4 2 3 4 3 4 4 2 4 2 4 3 2 2 4 4 3 1 3 2 3 3 4 4 4 3 4 3 1 2 3 4
86 5
4 3 5 4 2 4 5 4 4 1 4 1 4 4 5 1 5 4 2 1 5 4 4 5 2 4 3 4 3 2 5 1 2 4 3 5 3 1 3 2 2 1 4 4 4 3 1 1 1 2 3 1 5 3 2 4 4 3 3 1 2 5 1 3 1 1 5 2 2 2 5 5 1 3 2 4 1 1 1 4 1 3 1 1 3 2
95 3
3 1 3 3 2 3 2 1 3 1 1 1 3 2 2 2 3 3 3 1 2 3 1 1 1 2 1 2 1 3 1 2 1 1 1 3 2 1 3 2 3 2 1 1 1 2 1 3 3 1 2 1 1 3 3 1 1 1 1 3 2 2 2 1 2 2 1 3 2 1 1 3 1 2 1 2 1 3 2 1 2 3 3 2 3 3 3 1 1 1 1 1 3 3 3
32 3
2 1 2 1 3 3 3 1 3 1 3 3 2 2 1 2 3 2 3 1 3 2 3 3 3 2 3 1 3 3 1 2
64 1
1 1 1 1 1 1 1 1 1 1 1 1 1 1 1 1 1 1 1 1 1 1 1 1 1 1 1 1 1 1 1 1 1 1 1 1 1 1 1 1 1 1 1 1 1 1 1 1 1 1 1 1 1 1 1 1 1 1 1 1 1 1 1 1
100 2
1 1 2 2 2 1 2 1 2 2 2 2 2 2 2 1 1 1 1 1 1 1 1 1 1 2 1 2 2 2 1 1 1 1 1 2 2 2 1 1 2 1 1 1 1 2 1 2 1 2 1 2 2 2 1 2 2 2 2 2 2 1 2 1 1 2 1 2 1 1 1 2 2 1 1 1 1 1 2 1 1 2 1 2 1 2 2 2 2 2 2 2 2 1 1 2 2 1 1 2
58 4
3 1 4 3 2 3 3 1 1 3 3 4 2 4 1 2 1 3 2 3 4 1 2 3 3 1 2 3 3 2 2 4 3 2 3 1 2 2 2 3 4 2 2 2 1 1 4 2 4 4 4 3 2 4 1 3 1 2
5 5
4 5 2 1 5
11 1
1 1 1 1 1 1 1 1 1 1 1
45 2
1 2 1 1 2 1 2 1 1 1 1 1 1 2 2 2 2 1 1 1 1 2 1 2 1 2 1 2 2 2 2 1 1 1 1 2 1 1 1 1 1 2 2 2 2
24 2
2 2 2 2 1 2 2 2 1 1 2 1 1 2 1 2 2 1 1 1 1 2 1 1
95 1
1 1 1 1 1 1 1 1 1 1 1 1 1 1 1 1 1 1 1 1 1 1 1 1 1 1 1 1 1 1 1 1 1 1 1 1 1 1 1 1 1 1 1 1 1 1 1 1 1 1 1 1 1 1 1 1 1 1 1 1 1 1 1 1 1 1 1 1 1 1 1 1 1 1 1 1 1 1 1 1 1 1 1 1 1 1 1 1 1 1 1 1 1 1 1
27 1
1 1 1 1 1 1 1 1 1 1 1 1 1 1 1 1 1 1 1 1 1 1 1 1 1 1 1
83 5
1 2 5 5 1 1 5 5 5 4 1 2 3 3 3 1 2 1 5 2 5 4 5 1 5 3 2 3 2 2 4 1 4 5 4 3 5 2 3 5 4 4 5 2 5 4 3 1 3 2 3 3 2 2 1 3 5 5 2 4 3 1 1 2 4 5 5 5 4 1 4 2 3 2 5 5 3 5 5 3 3 2 4
64 3
1 3 3 1 3 1 2 3 1 3 2 1 3 2 2 1 1 1 1 2 2 2 3 2 1 2 3 2 1 2 3 2 2 1 2 2 2 2 2 1 2 2 1 3 1 2 2 3 2 3 1 1 1 3 1 2 2 1 3 1 1 3 3 3
11 4
2 3 4 2 3 3 1 1 1 1 1
91 5
2 1 2 5 2 2 4 2 2 1 3 4 1 2 5 1 1 5 4 2 3 4 2 3 4 3 5 1 1 3 3 2 4 3 1 5 4 1 1 5 3 3 4 2 2 4 1 1 2 3 1 1 4 2 1 3 1 4 1 3 1 2 5 4 2 4 5 4 1 5 2 1 1 3 1 2 2 3 1 5 3 5 2 3 1 5 5 2 3 2 5
99 4
2 4 4 3 3 4 3 4 3 1 3 4 1 1 3 4 2 3 1 1 3 1 1 1 2 3 4 2 2 4 2 4 1 4 3 2 4 2 3 4 2 4 2 4 1 4 3 2 1 1 1 3 2 3 3 2 2 4 1 3 2 1 3 2 1 1 2 3 3 2 3 4 3 2 1 2 1 4 3 2 3 3 3 4 2 4 2 3 2 1 3 1 2 2 3 4 3 1 3
74 4
1 3 2 4 4 4 4 4 2 4 4 2 2 1 2 3 4 2 2 3 4 3 4 4 3 2 3 3 3 4 3 1 2 2 4 3 4 2 2 2 2 2 4 4 4 4 4 3 2 1 1 1 4 2 4 4 3 3 1 1 4 3 4 3 3 4 3 4 4 1 2 3 3 4
81 1
1 1 1 1 1 1 1 1 1 1 1 1 1 1 1 1 1 1 1 1 1 1 1 1 1 1 1 1 1 1 1 1 1 1 1 1 1 1 1 1 1 1 1 1 1 1 1 1 1 1 1 1 1 1 1 1 1 1 1 1 1 1 1 1 1 1 1 1 1 1 1 1 1 1 1 1 1 1 1 1 1
100 3
1 1 1 2 1 3 3 2 2 3 3 1 3 1 2 3 1 3 3 2 2 3 3 3 1 3 2 1 1 1 2 3 1 1 2 1 3 1 2 1 1 2 3 3 1 3 1 2 1 2 1 1 3 3 2 2 3 3 2 3 2 3 1 1 2 2 3 1 1 1 2 3 2 2 2 2 1 3 2 2 1 3 2 2 2 3 1 3 3 2 2 2 3 3 3 3 1 1 3 3
6 3
3 3 1 3 3 1
46 3
2 2 2 2 1 3 3 2 1 2 3 3 1 1 2 1 3 2 1 2 3 1 3 1 2 1 2 1 1 3 2 1 1 1 3 3 2 3 3 1 3 1 1 1 1 2
71 4
1 3 3 3 3 2 3 4 2 4 1 2 2 3 3 3 3 4 1 2 1 1 2 1 3 1 3 4 4 4 1 2 4 1 2 2 1 2 2 1 1 3 4 2 1 2 3 3 4 3 1 3 3 4 3 1 1 4 3 4 2 2 4 4 1 1 3 2 3 2 3
4 2
2 2 2 2
35 3
3 2 2 3 3 2 1 2 3 1 1 2 1 1 3 2 1 1 3 1 2 1 3 1 2 1 3 1 2 3 2 1 3 1 3
36 2
2 2 1 1 1 1 1 1 1 2 1 2 2 2 2 1 1 2 1 2 1 2 2 1 2 2 1 2 2 1 1 1 2 2 1 2
74 4
3 4 1 1 2 2 1 4 4 1 1 1 1 1 2 3 4 4 1 4 2 1 2 1 1 1 4 3 2 2 4 1 4 3 2 2 4 4 3 2 2 3 1 1 1 1 1 4 4 1 3 1 1 2 1 1 2 3 1 1 4 3 1 2 3 2 1 3 1 1 4 2 2 2
12 5
2 4 4 5 3 2 1 2 3 3 1 5
39 1
1 1 1 1 1 1 1 1 1 1 1 1 1 1 1 1 1 1 1 1 1 1 1 1 1 1 1 1 1 1 1 1 1 1 1 1 1 1 1
15 1
1 1 1 1 1 1 1 1 1 1 1 1 1 1 1
66 5
2 1 4 4 3 3 5 2 4 2 1 1 1 3 1 1 3 1 5 5 5 4 5 5 1 4 5 5 3 4 4 5 1 1 2 3 1 5 5 2 3 1 4 1 1 3 2 5 1 4 4 3 5 5 5 1 1 5 4 5 3 3 5 2 2 1
47 4
2 1 2 2 3 2 4 4 2 4 2 1 2 4 3 3 3 3 2 4 4 4 2 2 1 3 2 3 3 3 1 1 1 3 4 1 2 2 1 2 1 1 1 1 1 1 2
29 4
2 3 2 4 2 2 3 3 3 3 4 4 1 3 4 3 4 4 4 1 3 4 2 4 1 2 2 2 1
52 3
1 1 1 3 2 3 3 1 2 3 2 1 2 1 1 1 1 1 3 1 1 2 2 1 3 1 2 3 3 1 2 2 3 2 1 3 3 1 3 3 2 1 3 1 3 1 3 3 3 2 3 3
81 5
1 3 3 4 1 2 5 1 5 5 5 2 5 5 1 3 5 4 3 5 3 3 4 4 5 5 1 3 2 5 2 3 5 5 5 4 5 2 2 2 1 1 5 3 4 3 3 1 2 4 5 2 2 3 5 5 2 3 5 5 5 1 3 1 1 1 4 3 2 2 5 3 2 4 4 1 2 2 4 1 5
19 2
1 1 1 2 2 1 1 1 1 2 1 2 2 2 1 1 2 2 1
89 2
1 2 1 1 1 1 2 1 2 2 2 1 1 2 1 2 2 2 2 2 1 2 2 2 1 1 2 1 2 2 2 2 1 1 2 2 2 2 2 1 2 2 1 1 2 1 1 2 1 1 1 1 2 1 2 1 1 2 2 1 1 2 2 2 2 1 2 2 1 1 2 2 1 2 2 2 1 2 2 1 1 1 2 1 2 1 2 2 2
69 5
1 2 5 1 4 1 5 2 3 2 5 4 2 4 1 4 3 1 4 4 2 4 1 1 1 1 1 5 2 5 5 5 1 3 4 3 1 5 5 5 4 2 2 2 1 2 1 3 5 5 1 5 4 5 1 1 4 1 3 3 5 1 1 4 1 5 5 3 2
77 2
1 2 1 1 2 1 1 1 1 2 2 1 2 2 1 1 2 1 1 1 2 2 2 2 1 2 2 1 1 1 2 1 2 1 2 1 2 1 1 2 1 2 2 1 1 2 2 2 1 2 2 2 1 1 2 2 2 2 2 2 1 2 1 1 2 1 2 1 2 1 1 1 2 2 2 2 2
94 3
3 1 3 2 1 2 2 2 3 1 2 3 2 2 2 3 1 1 1 2 3 1 2 2 2 1 1 2 1 3 3 2 1 1 3 2 3 2 1 2 2 3 2 1 1 2 1 3 2 3 1 2 2 2 1 2 3 3 1 3 1 1 3 3 2 1 1 3 3 2 1 3 1 3 3 2 3 2 3 3 2 3 2 3 1 2 3 3 2 3 2 2 2 1
7 4
4 2 4 2 4 1 3
70 3
1 2 3 1 3 3 3 1 1 3 1 2 1 1 3 2 2 1 2 2 1 3 2 1 2 3 3 2 1 1 1 2 1 2 1 3 2 2 1 3 3 3 1 1 2 2 2 3 1 1 1 1 1 1 1 2 2 2 2 3 3 1 2 1 3 2 2 2 2 2
74 5
1 1 4 5 2 1 3 3 1 5 2 2 5 3 5 4 4 5 3 5 5 4 5 5 5 4 2 2 4 1 4 4 5 5 2 5 1 5 2 1 1 1 2 1 3 2 4 3 5 4 1 4 4 5 3 3 2 3 5 4 4 5 1 5 4 1 5 3 3 2 2 3 3 2
25 1
1 1 1 1 1 1 1 1 1 1 1 1 1 1 1 1 1 1 1 1 1 1 1 1 1
99 4
4 4 2 2 4 2 1 4 4 4 4 4 1 2 2 2 4 1 1 1 1 4 2 4 2 3 1 3 2 1 2 4 3 2 4 3 1 3 3 2 1 1 1 3 2 4 1 4 4 1 2 4 3 2 3 4 2 4 3 1 2 4 3 1 1 3 4 1 1 3 1 1 2 2 2 4 2 1 2 4 1 4 2 2 1 2 2 3 1 3 3 2 3 1 4 1 2 4 2
15 5
3 1 5 4 4 5 3 3 2 3 3 4 4 2 2
63 2
2 1 2 1 1 2 1 2 1 1 1 1 1 2 1 1 1 2 1 2 1 2 1 1 2 1 2 2 1 1 2 2 2 2 2 1 1 2 2 1 2 2 2 2 2 2 2 1 1 2 1 1 1 1 2 2 2 1 1 2 2 2 2
67 1
1 1 1 1 1 1 1 1 1 1 1 1 1 1 1 1 1 1 1 1 1 1 1 1 1 1 1 1 1 1 1 1 1 1 1 1 1 1 1 1 1 1 1 1 1 1 1 1 1 1 1 1 1 1 1 1 1 1 1 1 1 1 1 1 1 1 1
53 1
1 1 1 1 1 1 1 1 1 1 1 1 1 1 1 1 1 1 1 1 1 1 1 1 1 1 1 1 1 1 1 1 1 1 1 1 1 1 1 1 1 1 1 1 1 1 1 1 1 1 1 1 1
99 5
3 4 3 2 1 3 2 1 2 3 2 5 4 1 3 5 2 5 1 5 1 5 3 3 4 2 5 1 2 2 3 4 4 3 1 1 2 5 1 5 3 4 4 5 1 5 4 4 5 5 2 3 4 3 4 5 2 2 2 3 4 5 4 4 3 1 5 2 4 2 1 3 4 2 3 1 3 1 2 3 5 5 4 5 5 4 5 5 1 5 4 5 5 4 5 3 1 2 4
94 3
1 3 2 2 3 1 3 2 1 1 3 1 2 3 3 1 1 3 3 3 2 1 3 1 3 3 3 1 1 2 3 3 2 3 2 1 2 2 2 2 2 1 3 3 1 1 3 3 2 3 1 2 1 3 2 2 2 3 2 1 2 2 1 2 1 2 1 3 2 2 3 1 3 1 3 1 3 3 2 1 1 2 3 1 2 3 1 1 2 3 2 1 2 2
26 4
4 4 1 2 2 1 1 4 4 3 1 3 1 4 2 3 3 1 3 1 4 1 1 3 3 1
17 5
3 5 5 5 4 5 4 2 5 4 4 3 1 4 2 1 3
9 5
1 5 4 5 5 3 2 5 3
57 5
4 1 2 2 2 1 2 1 3 1 1 4 5 1 2 4 4 4 1 1 5 4 5 4 4 1 1 3 2 3 1 4 1 2 4 3 1 3 4 4 5 5 1 5 3 5 4 4 4 5 3 3 2 5 5 3 4
41 2
2 1 2 2 1 1 1 1 1 1 1 1 2 1 1 2 2 1 2 1 2 2 1 2 2 1 2 1 2 2 1 2 2 1 2 1 1 1 2 1 2
75 2
1 2 2 1 2 2 1 1 2 1 1 1 2 1 2 1 1 1 1 2 1 1 2 2 1 1 1 2 1 2 2 1 1 1 2 1 2 1 2 2 2 2 2 2 2 2 1 1 1 2 1 2 2 2 2 1 2 1 2 2 1 1 2 2 2 2 2 1 1 2 2 1 2 2 1
23 1
1 1 1 1 1 1 1 1 1 1 1 1 1 1 1 1 1 1 1 1 1 1 1
9 5
2 4 1 1 2 3 2 4 1
35 4
3 4 1 3 4 4 2 1 1 4 2 3 1 2 3 3 2 1 2 2 3 1 1 1 2 3 2 2 1 1 1 3 3 1 1
57 5
3 4 5 2 5 3 2 5 4 5 4 3 5 2 3 2 4 1 4 1 2 4 1 1 3 1 4 2 1 4 2 3 5 2 4 2 3 2 4 4 3 4 2 1 5 3 4 5 4 4 1 1 1 1 2 5 4
62 3
1 1 2 1 3 3 2 3 1 1 1 3 1 1 1 2 3 3 3 3 3 1 2 1 1 2 2 3 1 1 3 2 1 2 2 3 1 3 2 1 2 1 1 3 3 1 1 1 1 2 2 3 1 3 1 3 1 3 1 1 2 3
82 4
2 2 3 2 2 1 3 4 4 2 2 4 2 4 4 2 3 3 4 4 3 1 2 3 2 2 1 3 2 2 2 1 3 1 3 3 2 2 4 4 2 1 3 4 3 4 4 4 2 1 4 2 3 3 4 4 2 2 2 1 4 4 3 2 1 2 4 4 3 1 2 3 1 3 2 3 3 2 3 1 4 3
87 4
1 3 1 4 1 4 4 2 1 3 1 3 3 3 2 3 4 4 3 2 2 1 4 2 4 2 1 3 3 2 2 2 3 3 2 4 4 3 2 1 3 1 4 1 1 1 2 1 2 1 2 3 4 3 4 1 3 4 2 1 1 2 4 3 3 2 3 3 2 4 1 1 4 4 4 3 4 3 4 2 1 3 3 1 3 4 2
24 5
4 1 1 4 5 2 2 1 1 2 5 5 2 5 1 2 1 1 4 5 1 1 3 2
98 3
3 3 1 2 2 3 3 1 2 3 1 2 2 3 3 2 2 3 3 2 1 1 3 3 3 3 2 1 1 1 3 1 2 2 2 3 3 3 1 2 2 1 2 2 2 2 2 2 2 2 3 1 3 1 2 1 2 2 3 1 1 1 1 2 1 2 3 2 3 1 2 1 2 1 3 1 3 3 3 1 2 1 2 3 2 1 3 1 3 2 3 3 1 2 2 2 1 2
90 5
2 5 4 5 1 4 5 2 3 4 1 3 2 2 4 3 5 4 5 4 2 4 4 4 3 5 3 3 5 5 3 3 2 1 1 5 2 3 3 2 3 1 1 5 5 2 2 5 2 5 3 4 3 3 5 4 1 2 1 3 3 1 3 3 3 3 4 4 5 3 2 5 5 1 4 3 1 4 3 4 3 2 4 1 2 2 5 3 2 5
73 2
1 2 1 1 1 2 1 1 2 2 1 2 2 2 2 1 2 1 1 1 1 2 2 1 2 2 2 2 1 2 2 1 2 1 2 2 1 1 1 1 2 1 2 2 2 1 1 1 2 1 1 2 1 2 2 2 2 1 2 1 2 1 1 2 1 2 2 2 1 2 1 2 1
45 2
2 2 1 2 2 1 1 2 1 2 1 2 2 2 2 2 2 2 2 2 1 2 2 2 2 1 2 2 2 1 2 1 1 1 2 2 2 2 2 1 1 2 2 1 1
60 2
2 1 1 2 1 2 1 1 1 2 1 2 1 2 1 2 1 2 1 1 2 2 2 1 2 1 1 2 2 2 1 2 2 1 1 2 1 1 1 2 2 1 1 2 1 2 2 1 1 2 2 1 2 1 1 2 2 2 2 1
98 4
3 2 4 4 4 1 2 3 3 2 1 3 1 2 1 1 1 3 2 4 1 2 1 1 4 4 3 1 3 3 3 3 2 4 2 3 2 3 4 4 1 3 1 1 2 4 4 4 2 3 3 3 4 4 3 3 2 3 4 3 4 1 1 3 3 3 3 4 2 1 3 3 1 1 2 1 4 3 4 1 2 1 1 2 4 4 1 1 4 2 4 3 3 3 2 3 3 2
59 5
3 2 5 2 1 4 5 4 5 4 2 1 1 5 2 2 2 2 2 3 4 5 1 3 2 5 5 5 2 3 5 1 4 3 2 1 5 4 4 2 1 5 5 2 2 3 1 2 2 3 2 3 1 5 2 1 5 5 5
59 1
1 1 1 1 1 1 1 1 1 1 1 1 1 1 1 1 1 1 1 1 1 1 1 1 1 1 1 1 1 1 1 1 1 1 1 1 1 1 1 1 1 1 1 1 1 1 1 1 1 1 1 1 1 1 1 1 1 1 1
10 2
1 1 2 1 2 2 1 2 1 2
67 3
3 1 3 1 1 3 3 1 3 1 2 2 2 2 3 1 2 3 1 3 2 3 3 3 1 1 2 1 3 3 3 1 3 1 3 2 1 2 3 1 3 3 1 2 3 2 2 1 1 1 3 2 3 3 1 1 3 3 3 3 3 3 2 3 2 3 3
22 4
2 4 2 1 1 4 1 4 2 2 2 2 4 1 1 3 4 4 4 2 2 3
0 0
