10
3 5 2 8
-8 0 -2 2
-100 100 -100 100
-50 50 -50 50
-25 25 -25 25
-12 12 -12 12
-6 6 -6 6
-100 0 0 100
10 100 50 100
-100 -50 -100 -50
5 2
4 3
3 2
-3 -2
2 -61
-38 2
-31 -40
0 17
-51 55
40 -54
-25 -9
30 -33
3 60
11 49
21 -26
-15 1
14 18
75 -25
44 69
44 19
7 39
-5 -21
-56 -38
19 36
-49 -2
40 -82
-45 -60
4 58
-52 12
-57 -72
89 -75
49 -50
-44 -62
11 -8
-8 -55
66 -35
0 8
27 -42
-21 -37
31 21
17 -38
56 49
-37 -5
-31 12
-11 -58
-81 46
-77 31
11 -39
47 74
17 23
45 17
15 -58
-13 -17
38 -15
-34 -29
-9 -52
79 7
16 7
-14 -26
-32 -26
-15 -30
-62 61
-2 17
22 -17
21 60
-44 -40
-49 62
-75 8
1 7
-35 68
50 11
51 52
44 36
-2 40
-31 41
-5 34
8 73
-45 -31
-60 37
0 75
-61 29
35 -57
-33 19
-7 66
44 -74
10 -26
33 37
-78 42
71 -23
4 68
-62 -24
-20 -66
-11 33
-50 -10
7 -52
-7 17
14 25
11 -32
-81 57
86 14
-14 -8
9 -27
13 22
-1 -23
27 70
16 -36
-90 -13
13 -30
9 37
32 -31
29 0
13 -16
-77 -25
-6 -22
-1 8
-62 68
14 45
39 34
10 -9
-7 30
10 -37
-27 -11
-26 76
-20 52
-23 -6
-39 74
5 -18
-18 29
34 48
34 30
-52 12
-42 54
42 -78
27 17
10 -59
62 30
-86 -48
-46 -66
43 -45
24 32
-16 -29
-13 2
-20 45
-82 -44
-8 70
17 15
47 -86
36 30
-11 -32
14 -2
-17 41
-60 -32
42 2
-45 12
-26 19
-16 4
-24 -5
35 -18
-14 -83
-77 -81
40 -9
-4 -10
-8 -5
73 -21
0 15
20 4
75 20
-5 -35
-40 29
-39 62
23 -7
46 29
8 -58
-31 49
-27 -1
55 40
20 69
54 4
-31 35
-59 71
-7 -39
-58 10
7 5
12 -83
49 -58
11 -20
12 44
27 -5
-36 70
-13 -18
-2 -77
62 55
79 -24
-30 -23
-66 -31
54 2
16 48
-15 -7
26 -36
17 27
-9 -4
-40 18
18 44
16 57
35 -9
-33 2
51 -31
33 -20
-85 96
33 18
6 38
-34 -78
-2 53
19 21
-81 27
-51 37
44 43
21 7
-28 -40
32 -53
-14 -27
18 64
-38 41
8 91
-8 -24
-72 62
6 73
19 74
7 36
-45 10
27 30
-17 -5
21 53
2 -13
-55 86
-28 -53
49 2
-7 -63
-14 88
-13 -13
-47 10
23 59
2 -2
-72 32
43 -80
60 -19
18 23
-16 14
21 -88
49 61
4 11
9 -8
72 10
27 -80
22 -26
11 14
-2 77
63 42
-38 31
36 -33
2 56
-47 4
33 -62
-20 47
-6 10
39 59
46 -44
-32 38
36 21
37 -1
91 -71
34 47
-25 -51
65 -18
-4 -21
11 24
37 -67
71 1
9 -59
11 66
-11 35
-78 -68
30 -71
32 82
48 18
18 -27
-66 -21
26 2
20 -35
-58 2
-15 28
-75 -23
-19 85
-30 59
-18 -41
64 52
48 -79
23 60
64 61
33 -9
65 -38
-9 82
-32 40
76 -54
-74 -18
-38 -90
43 -10
-11 16
-35 23
13 22
20 -4
12 -55
3 16
-35 -80
-8 -7
55 -18
45 34
-18 -91
-52 38
46 29
39 -2
30 16
-16 -22
35 2
-11 -42
8 -64
-9 40
14 16
67 -14
10 58
31 52
54 0
61 45
55 48
55 -9
89 -18
2 21
13 -15
22 40
-3 9
0 -49
19 -9
-45 -66
-16 75
6 31
-83 -1
-57 -39
-76 -19
-1 -2
-30 14
30 24
-7 -32
-87 1
-29 -18
-85 5
-47 -11
42 32
-42 4
59 3
37 3
38 -52
-59 50
41 -10
-69 65
7 -20
-23 52
-7 -11
-3 -47
-35 -20
16 10
46 -69
26 85
48 -49
26 -34
-18 -40
82 15
-9 47
-43 -12
-18 63
11 -20
36 -26
-4 -16
-8 79
-11 -44
-7 87
60 52
-4 -48
65 17
66 -34
30 -8
-2 -61
66 -39
21 -1
-34 8
-6 58
-1 35
-14 -10
21 60
-6 37
-21 41
25 -49
55 50
-19 18
-46 -62
-55 -56
2 -11
59 20
-34 -10
1 39
28 15
18 -31
37 -45
-29 -54
63 15
-39 -30
1 -9
53 -49
-36 24
3 -10
14 -10
-63 -12
38 27
-9 53
8 -40
-56 -5
-53 -60
-23 27
19 -79
13 -58
0 -78
55 -51
89 -17
-35 22
-6 -57
-13 63
61 64
43 -4
-4 56
-18 -33
31 79
-37 37
51 8
55 -71
-34 -24
-77 -48
-19 -15
37 -65
48 67
17 -37
-59 35
-10 -62
-82 -91
6 -2
-66 -37
46 -17
-14 40
41 4
70 -30
-11 -56
52 -50
66 52
49 44
77 -94
14 -13
29 -35
-22 -63
-29 26
-42 -24
-24 -21
17 -8
10 19
30 -9
-7 80
68 -10
-9 5
-59 28
-3 40
-4 -92
67 43
-45 31
-40 -12
60 -48
38 31
66 34
5 -37
68 44
-15 7
-19 -37
-37 22
65 0
24 7
-20 81
16 51
-53 -47
-1 -16
34 7
-30 20
-16 19
-36 71
-7 -4
43 31
-22 -7
-42 57
-7 -10
30 -13
31 31
17 22
67 41
56 20
-44 33
87 -55
12 74
33 -25
-27 22
-71 -42
3 -32
-66 5
-7 -40
-27 72
5 -8
75 26
58 -66
26 5
-5 15
-9 -11
21 -14
-32 30
-10 13
19 45
40 78
-11 -3
32 -73
-68 13
-10 6
-41 -17
-33 67
58 -22
72 29
72 -4
-59 45
-10 25
-67 -37
7 -61
51 8
75 60
48 -96
-7 -28
8 -13
-57 43
17 -22
23 71
-3 -1
48 -54
20 -50
40 47
-21 -53
62 45
40 -1
81 -64
28 -67
35 -18
-45 37
-51 34
37 -25
-58 51
-82 -90
-51 77
60 -24
-10 53
-61 14
-38 -26
-30 51
-50 -3
56 28
15 -33
1 -17
-8 1
31 -31
27 55
7 59
64 43
-25 25
-32 56
8 -69
15 -7
6 -2
60 72
-49 -37
77 -77
41 65
-8 7
38 11
-35 -34
18 -70
-36 38
6 10
-19 -4
-18 -1
-23 -69
45 -95
36 34
67 49
-13 -3
-60 47
-30 -26
45 45
-50 27
4 37
-32 -27
7 61
66 -35
-11 -14
0 29
-18 46
-63 0
7 29
23 -53
0 10
55 -9
39 -63
6 3
54 16
20 -80
19 -34
23 -32
-14 5
6 -46
-8 51
-66 16
-19 -14
25 13
-40 -40
-61 -49
18 -61
-82 0
3 2
83 -59
-32 26
-16 -3
20 70
-92 -73
-40 -14
3 -49
3 -10
-40 12
-24 14
4 89
11 6
33 17
21 -53
17 -62
-40 -69
14 -30
-36 -18
62 53
26 24
-24 -76
-31 -16
18 -44
-3 -61
29 68
-47 2
-20 -7
-8 19
16 -4
3 -1
9 -61
55 68
16 -49
9 9
54 16
80 60
-31 12
33 13
-3 27
-6 -19
87 36
47 -22
30 -18
65 -57
34 37
68 6
27 75
-79 83
29 -5
-32 35
26 -27
39 41
25 -44
-5 -28
35 -78
24 -26
44 -37
49 -8
-85 10
-75 -3
-51 -39
-21 10
39 -1
42 -30
-69 -19
74 -71
-12 -46
5 -89
5 32
75 -35
-64 -3
-32 -23
32 -4
32 -21
-49 -5
45 1
41 -90
7 34
-35 -38
-3 -46
43 -68
-54 0
-34 -40
60 -45
-91 27
-43 -53
-52 -41
65 -11
-34 8
2 -19
35 11
32 47
-66 -7
-17 -43
-2 82
58 -22
28 3
92 70
12 -2
19 -81
-14 -16
26 45
62 2
-33 20
-26 9
-10 -10
-68 26
92 12
4 -31
-62 47
64 -13
29 -48
73 -8
70 -32
5 -36
38 20
-64 -27
3 -30
30 -24
-9 -4
4 29
-44 26
-34 9
19 25
-15 13
41 -35
73 21
6 -3
23 -76
-25 -18
-13 9
-1 -21
10 -5
71 6
10 -12
-89 72
14 24
-36 -19
25 32
4 -43
-20 42
-61 -35
40 60
-74 -2
-5 -15
22 -3
40 -57
-46 -65
-10 -9
43 53
-59 12
65 -2
-52 -60
66 -49
-4 17
-3 84
-4 86
-52 16
4 20
34 -10
70 30
-24 -14
-44 41
64 -9
47 41
19 -3
-67 18
41 -7
3 -16
-27 45
76 21
-12 -17
-53 32
46 -38
-10 -44
72 -19
2 -60
72 -13
53 5
-21 -48
-88 41
-15 61
-68 40
-13 -61
-1 -24
39 30
-44 86
21 -3
-24 -71
-27 28
-12 4
-43 9
16 64
-38 -39
-51 12
-52 23
9 -28
0 20
-33 54
81 65
-78 82
56 53
75 38
12 10
-51 -53
-9 2
51 -62
-69 -17
-26 -38
45 -96
-65 35
60 -59
-10 2
27 -42
0 40
-12 10
-48 51
-1 -42
-30 17
49 16
57 74
29 55
-15 -7
41 61
0 -32
20 58
-1 -67
-32 -79
27 -13
3 -27
-31 50
-46 61
22 3
-1 -13
71 -2
15 12
-60 -5
-65 -38
-11 -3
-47 13
42 31
38 16
-66 6
18 -20
-22 -11
-37 0
23 17
-21 63
12 -16
-86 -39
53 24
-54 99
40 94
-76 4
51 -45
-89 23
7 84
-22 39
-67 -30
58 0
20 38
29 -67
-27 59
-12 -59
37 -26
9 -51
-44 45
37 -44
2 12
0 1
-24 11
45 -42
-22 -8
-5 -5
-17 30
15 67
-11 -91
-95 -19
45 -37
89 -56
46 -31
-64 -13
4 -6
6 -27
-6 70
9 -82
5 -20
-4 -25
7 94
-3 18
-28 -4
18 20
73 74
-26 -90
-83 1
-14 -27
-54 -44
53 -64
-66 -23
-14 -64
2 -2
2 -28
48 -44
-72 67
31 -7
29 51
-6 43
23 84
24 -29
17 35
54 -23
0 33
23 -43
72 81
-66 -18
-21 -57
-7 -19
7 -6
16 41
-1 -23
9 45
48 -28
19 11
4 38
36 2
1 5
-15 4
16 -2
-32 -63
65 6
5 -3
-12 16
47 5
24 33
-83 -2
-61 93
-61 59
-19 -45
89 22
22 -6
11 34
-32 -17
-89 -58
31 87
77 25
34 -26
-34 -24
4 -2
-3 -10
55 -51
-74 -48
-16 17
-79 28
-2 -50
-2 10
38 19
82 -16
-75 -1
-10 2
-40 10
40 35
-21 36
86 34
60 -20
31 -44
8 11
-1 78
59 39
0 0
