100
4
2 1 3 4
4
4 3 1 2
4
1 3 2 4
4
4 2 3 1
3
1 3 2
3
2 3 1
6
2 5 1 6 4 3
6
3 4 6 1 5 2
25
1 2 3 4 5 6 7 8 9 10 11 12 13 14 15 16 17 18 19 20 21 22 23 24 25
25
25 24 23 22 21 20 19 18 17 16 15 14 13 12 11 10 9 8 7 6 5 4 3 2 1
50
1 2 3 4 5 6 7 8 9 10 11 12 13 14 15 16 17 18 19 20 21 22 23 24 25 26 27 28 29 30 31 32 33 34 35 36 37 38 39 40 41 42 43 44 45 46 47 48 49 50
50
50 49 48 47 46 45 44 43 42 41 40 39 38 37 36 35 34 33 32 31 30 29 28 27 26 25 24 23 22 21 20 19 18 17 16 15 14 13 12 11 10 9 8 7 6 5 4 3 2 1
75
1 2 3 4 5 6 7 8 9 10 11 12 13 14 15 16 17 18 19 20 21 22 23 24 25 26 27 28 29 30 31 32 33 34 35 36 37 38 39 40 41 42 43 44 45 46 47 48 49 50 51 52 53 54 55 56 57 58 59 60 61 62 63 64 65 66 67 68 69 70 71 72 73 74 75
75
75 74 73 72 71 70 69 68 67 66 65 64 63 62 61 60 59 58 57 56 55 54 53 52 51 50 49 48 47 46 45 44 43 42 41 40 39 38 37 36 35 34 33 32 31 30 29 28 27 26 25 24 23 22 21 20 19 18 17 16 15 14 13 12 11 10 9 8 7 6 5 4 3 2 1
100
1 2 3 4 5 6 7 8 9 10 11 12 13 14 15 16 17 18 19 20 21 22 23 24 25 26 27 28 29 30 31 32 33 34 35 36 37 38 39 40 41 42 43 44 45 46 47 48 49 50 51 52 53 54 55 56 57 58 59 60 61 62 63 64 65 66 67 68 69 70 71 72 73 74 75 76 77 78 79 80 81 82 83 84 85 86 87 88 89 90 91 92 93 94 95 96 97 98 99 100
100
100 99 98 97 96 95 94 93 92 91 90 89 88 87 86 85 84 83 82 81 80 79 78 77 76 75 74 73 72 71 70 69 68 67 66 65 64 63 62 61 60 59 58 57 56 55 54 53 52 51 50 49 48 47 46 45 44 43 42 41 40 39 38 37 36 35 34 33 32 31 30 29 28 27 26 25 24 23 22 21 20 19 18 17 16 15 14 13 12 11 10 9 8 7 6 5 4 3 2 1
25
25 23 21 19 17 15 13 11 9 7 5 3 1 2 4 6 8 10 12 14 16 18 20 22 24
25
24 22 20 18 16 14 12 10 8 6 4 2 1 3 5 7 9 11 13 15 17 19 21 23 25
50
49 47 45 43 41 39 37 35 33 31 29 27 25 23 21 19 17 15 13 11 9 7 5 3 1 2 4 6 8 10 12 14 16 18 20 22 24 26 28 30 32 34 36 38 40 42 44 46 48 50
50
50 48 46 44 42 40 38 36 34 32 30 28 26 24 22 20 18 16 14 12 10 8 6 4 2 1 3 5 7 9 11 13 15 17 19 21 23 25 27 29 31 33 35 37 39 41 43 45 47 49
75
75 73 71 69 67 65 63 61 59 57 55 53 51 49 47 45 43 41 39 37 35 33 31 29 27 25 23 21 19 17 15 13 11 9 7 5 3 1 2 4 6 8 10 12 14 16 18 20 22 24 26 28 30 32 34 36 38 40 42 44 46 48 50 52 54 56 58 60 62 64 66 68 70 72 74
75
74 72 70 68 66 64 62 60 58 56 54 52 50 48 46 44 42 40 38 36 34 32 30 28 26 24 22 20 18 16 14 12 10 8 6 4 2 1 3 5 7 9 11 13 15 17 19 21 23 25 27 29 31 33 35 37 39 41 43 45 47 49 51 53 55 57 59 61 63 65 67 69 71 73 75
100
99 97 95 93 91 89 87 85 83 81 79 77 75 73 71 69 67 65 63 61 59 57 55 53 51 49 47 45 43 41 39 37 35 33 31 29 27 25 23 21 19 17 15 13 11 9 7 5 3 1 2 4 6 8 10 12 14 16 18 20 22 24 26 28 30 32 34 36 38 40 42 44 46 48 50 52 54 56 58 60 62 64 66 68 70 72 74 76 78 80 82 84 86 88 90 92 94 96 98 100
100
100 98 96 94 92 90 88 86 84 82 80 78 76 74 72 70 68 66 64 62 60 58 56 54 52 50 48 46 44 42 40 38 36 34 32 30 28 26 24 22 20 18 16 14 12 10 8 6 4 2 1 3 5 7 9 11 13 15 17 19 21 23 25 27 29 31 33 35 37 39 41 43 45 47 49 51 53 55 57 59 61 63 65 67 69 71 73 75 77 79 81 83 85 87 89 91 93 95 97 99
5
3 4 2 5 1
5
1 5 2 4 3
10
6 8 7 1 4 9 2 3 10 5
10
5 10 3 2 9 4 1 7 8 6
15
1 8 14 2 12 5 11 13 6 7 10 9 15 3 4
15
4 3 15 9 10 7 6 13 11 5 12 2 14 8 1
20
5 2 12 18 6 3 7 8 17 15 13 4 20 19 1 10 16 9 11 14
20
14 11 9 16 10 1 19 20 4 13 15 17 8 7 3 6 18 12 2 5
25
5 23 3 22 19 12 6 24 8 2 25 15 13 20 9 10 17 4 18 14 11 16 7 1 21
25
21 1 7 16 11 14 18 4 17 10 9 20 13 15 25 2 8 24 6 12 19 22 3 23 5
30
11 19 27 25 10 30 17 24 7 12 3 8 4 2 16 29 6 22 5 23 15 18 9 1 26 13 14 28 21 20
30
20 21 28 14 13 26 1 9 18 15 23 5 22 6 29 16 2 4 8 3 12 7 24 17 30 10 25 27 19 11
35
33 2 27 29 9 31 11 16 32 34 19 14 7 3 5 24 28 21 20 18 26 35 22 8 23 12 4 30 1 25 10 15 17 13 6
35
6 13 17 15 10 25 1 30 4 12 23 8 22 35 26 18 20 21 28 24 5 3 7 14 19 34 32 16 11 31 9 29 27 2 33
40
15 14 33 32 34 28 13 40 37 10 36 22 20 17 3 39 6 35 1 25 21 5 29 8 18 24 30 19 4 23 7 12 2 38 27 16 9 11 31 26
40
26 31 11 9 16 27 38 2 12 7 23 4 19 30 24 18 8 29 5 21 25 1 35 6 39 3 17 20 22 36 10 37 40 13 28 34 32 33 14 15
45
6 25 36 17 43 22 2 37 32 44 45 8 3 26 4 35 1 42 40 16 20 15 13 18 41 9 5 24 7 10 28 33 23 29 11 21 31 19 39 30 14 27 34 12 38
45
38 12 34 27 14 30 39 19 31 21 11 29 23 33 28 10 7 24 5 9 41 18 13 15 20 16 40 42 1 35 4 26 3 8 45 44 32 37 2 22 43 17 36 25 6
50
14 7 21 3 44 26 17 35 45 25 24 39 38 40 32 11 16 13 9 19 22 12 18 37 46 33 48 1 2 30 8 50 27 41 6 49 36 28 43 31 29 5 20 42 10 15 4 47 23 34
50
34 23 47 4 15 10 42 20 5 29 31 43 28 36 49 6 41 27 50 8 30 2 1 48 33 46 37 18 12 22 19 9 13 16 11 32 40 38 39 24 25 45 35 17 26 44 3 21 7 14
55
2 16 34 5 7 13 11 41 45 28 47 48 32 43 18 29 30 19 55 39 9 53 37 17 31 52 20 36 26 12 22 46 54 35 24 25 15 33 23 42 44 27 10 14 1 50 8 49 21 4 40 3 38 51 6
55
6 51 38 3 40 4 21 49 8 50 1 14 10 27 44 42 23 33 15 25 24 35 54 46 22 12 26 36 20 52 31 17 37 53 9 39 55 19 30 29 18 43 32 48 47 28 45 41 11 13 7 5 34 16 2
60
20 58 53 52 38 33 3 15 44 22 7 37 49 9 8 42 12 59 43 5 54 60 51 29 45 1 10 16 55 47 21 31 28 2 11 56 34 36 41 35 24 17 19 6 25 30 13 32 14 50 4 46 23 48 39 40 26 57 18 27
60
27 18 57 26 40 39 48 23 46 4 50 14 32 13 30 25 6 19 17 24 35 41 36 34 56 11 2 28 31 21 47 55 16 10 1 45 29 51 60 54 5 43 59 12 42 8 9 49 37 7 22 44 15 3 33 38 52 53 58 20
65
24 40 18 56 60 15 32 29 20 17 54 21 19 41 64 47 63 46 50 62 43 37 30 59 39 61 42 25 35 1 16 2 11 23 34 26 31 5 12 52 38 7 13 4 45 36 49 51 3 8 22 14 6 58 65 53 33 57 44 55 48 9 10 27 28
65
28 27 10 9 48 55 44 57 33 53 65 58 6 14 22 8 3 51 49 36 45 4 13 7 38 52 12 5 31 26 34 23 11 2 16 1 35 25 42 61 39 59 30 37 43 62 50 46 63 47 64 41 19 21 54 17 20 29 32 15 60 56 18 40 24
70
28 18 51 8 31 58 33 4 62 49 21 34 9 68 56 48 45 65 55 12 66 5 39 11 40 19 67 50 52 14 20 15 10 6 27 38 32 1 13 16 26 53 44 37 61 63 57 46 22 42 43 69 47 30 64 60 2 25 59 17 41 36 3 23 70 35 7 54 24 29
70
29 24 54 7 35 70 23 3 36 41 17 59 25 2 60 64 30 47 69 43 42 22 46 57 63 61 37 44 53 26 16 13 1 32 38 27 6 10 15 20 14 52 50 67 19 40 11 39 5 66 12 55 65 45 48 56 68 9 34 21 49 62 4 33 58 31 8 51 18 28
75
37 5 3 18 71 68 6 41 17 29 22 28 27 51 52 9 36 64 34 72 1 70 11 2 13 35 25 39 42 38 32 58 53 19 55 12 46 67 47 69 14 40 57 60 26 56 8 74 45 73 75 49 63 43 62 24 23 21 59 66 65 30 4 48 20 61 7 44 33 15 54 50 10 16 31
75
31 16 10 50 54 15 33 44 7 61 20 48 4 30 65 66 59 21 23 24 62 43 63 49 75 73 45 74 8 56 26 60 57 40 14 69 47 67 46 12 55 19 53 58 32 38 42 39 25 35 13 2 11 70 1 72 34 64 36 9 52 51 27 28 22 29 17 41 6 68 71 18 3 5 37
80
52 76 27 4 9 16 13 32 57 70 45 51 75 50 37 54 26 65 20 10 31 15 74 12 44 47 79 48 33 58 49 68 59 41 43 71 11 72 69 5 28 66 63 55 34 7 6 53 56 42 1 29 61 18 23 67 39 19 77 46 30 2 78 24 17 60 38 36 14 64 21 25 22 73 62 3 80 8 40 35
80
35 40 8 80 3 62 73 22 25 21 64 14 36 38 60 17 24 78 2 30 46 77 19 39 67 23 18 61 29 1 42 56 53 6 7 34 55 63 66 28 5 69 72 11 71 43 41 59 68 49 58 33 48 79 47 44 12 74 15 31 10 20 65 26 54 37 50 75 51 45 70 57 32 13 16 9 4 27 76 52
85
52 31 5 42 18 19 56 47 16 29 9 13 17 49 39 28 20 70 10 73 25 75 1 85 33 66 4 80 64 45 11 57 76 69 41 3 12 22 51 30 6 63 62 7 59 40 14 34 15 27 84 48 58 44 68 36 61 72 79 21 83 32 55 77 78 2 81 54 37 8 35 60 82 24 23 46 43 65 53 71 74 38 26 50 67
85
67 50 26 38 74 71 53 65 43 46 23 24 82 60 35 8 37 54 81 2 78 77 55 32 83 21 79 72 61 36 68 44 58 48 84 27 15 34 14 40 59 7 62 63 6 30 51 22 12 3 41 69 76 57 11 45 64 80 4 66 33 85 1 75 25 73 10 70 20 28 39 49 17 13 9 29 16 47 56 19 18 42 5 31 52
90
49 88 82 44 23 60 59 48 36 7 47 66 86 71 27 10 69 76 41 8 52 42 3 28 32 83 30 85 19 77 33 25 17 78 45 79 56 58 63 81 4 18 31 22 89 57 29 53 2 75 11 74 35 84 46 62 40 43 13 39 87 26 80 34 37 55 24 90 21 50 6 61 9 73 68 67 15 20 70 14 12 1 38 64 51 65 72 16 5 54
90
54 5 16 72 65 51 64 38 1 12 14 70 20 15 67 68 73 9 61 6 50 21 90 24 55 37 34 80 26 87 39 13 43 40 62 46 84 35 74 11 75 2 53 29 57 89 22 31 18 4 81 63 58 56 79 45 78 17 25 33 77 19 85 30 83 32 28 3 42 52 8 41 76 69 10 27 71 86 66 47 7 36 48 59 60 23 44 82 88 49
95
74 16 77 84 21 4 65 61 66 33 30 50 11 34 31 35 91 9 83 76 10 89 25 5 63 45 78 46 18 3 64 7 56 57 49 40 23 58 22 53 69 55 67 85 24 94 28 51 38 68 20 86 54 12 27 43 87 14 2 37 8 6 82 32 48 52 95 88 90 92 72 75 15 17 13 79 60 59 39 62 93 71 26 1 80 19 44 41 47 42 81 36 29 70 73
95
73 70 29 36 81 42 47 41 44 19 80 1 26 71 93 62 39 59 60 79 13 17 15 75 72 92 90 88 95 52 48 32 82 6 8 37 2 14 87 43 27 12 54 86 20 68 38 51 28 94 24 85 67 55 69 53 22 58 23 40 49 57 56 7 64 3 18 46 78 45 63 5 25 89 10 76 83 9 91 35 31 34 11 50 30 33 66 61 65 4 21 84 77 16 74
100
11 86 64 98 51 37 39 71 26 1 55 48 30 100 50 3 29 24 60 12 18 68 32 83 57 28 99 94 88 85 52 5 2 59 36 31 8 44 40 58 84 97 33 61 34 7 23 79 43 35 15 73 72 21 81 20 13 10 4 62 67 25 42 47 77 82 27 70 89 69 9 74 45 54 49 76 46 80 78 16 87 63 19 41 96 92 56 65 14 17 95 91 38 6 93 53 90 75 22 66
100
66 22 75 90 53 93 6 38 91 95 17 14 65 56 92 96 41 19 63 87 16 78 80 46 76 49 54 45 74 9 69 89 70 27 82 77 47 42 25 67 62 4 10 13 20 81 21 72 73 15 35 43 79 23 7 34 61 33 97 84 58 40 44 8 31 36 59 2 5 52 85 88 94 99 28 57 83 32 68 18 12 60 24 29 3 50 100 30 48 55 1 26 71 39 37 51 98 64 86 11
2
1 2
2
2 1
1
1
1
1
99
37 23 7 4 53 79 35 39 38 44 96 3 43 9 21 20 94 58 87 74 26 45 97 46 52 59 89 10 60 73 6 71 82 66 95 49 64 51 88 61 5 18 25 33 48 68 34 19 40 99 55 90 29 84 80 17 98 56 31 30 12 32 1 85 24 11 72 15 57 78 14 13 63 62 69 92 8 86 81 36 54 41 83 27 2 28 22 16 42 47 77 93 67 91 70 76 65 75 50
99
50 75 65 76 70 91 67 93 77 47 42 16 22 28 2 27 83 41 54 36 81 86 8 92 69 62 63 13 14 78 57 15 72 11 24 85 1 32 12 30 31 56 98 17 80 84 29 90 55 99 40 19 34 68 48 33 25 18 5 61 88 51 64 49 95 66 82 71 6 73 60 10 89 59 52 46 97 45 26 74 87 58 94 20 21 9 43 3 96 44 38 39 35 79 53 4 7 23 37
99
19 31 24 80 50 48 95 88 4 59 76 34 49 5 13 29 75 60 33 94 2 63 58 93 83 73 17 92 99 23 90 98 52 37 74 62 32 84 67 26 16 97 42 96 14 39 6 56 89 64 57 85 11 55 81 36 72 27 3 70 1 41 35 12 82 25 28 77 66 7 54 51 10 47 65 15 21 20 38 44 22 30 86 69 43 61 53 18 40 45 9 8 91 79 71 46 68 87 78
99
78 87 68 46 71 79 91 8 9 45 40 18 53 61 43 69 86 30 22 44 38 20 21 15 65 47 10 51 54 7 66 77 28 25 82 12 35 41 1 70 3 27 72 36 81 55 11 85 57 64 89 56 6 39 14 96 42 97 16 26 67 84 32 62 74 37 52 98 90 23 99 92 17 73 83 93 58 63 2 94 33 60 75 29 13 5 49 34 76 59 4 88 95 48 50 80 24 31 19
99
63 54 50 80 57 65 1 52 26 97 60 55 24 39 68 16 29 44 19 48 5 62 69 28 46 7 43 70 8 36 94 66 33 71 34 75 86 87 73 4 93 13 6 91 64 88 37 2 23 38 25 99 47 45 84 78 72 14 31 90 59 32 51 20 49 79 27 40 82 10 9 85 15 96 3 77 98 95 42 56 83 11 35 92 58 30 41 76 18 53 12 22 17 74 89 61 21 81 67
99
67 81 21 61 89 74 17 22 12 53 18 76 41 30 58 92 35 11 83 56 42 95 98 77 3 96 15 85 9 10 82 40 27 79 49 20 51 32 59 90 31 14 72 78 84 45 47 99 25 38 23 2 37 88 64 91 6 13 93 4 73 87 86 75 34 71 33 66 94 36 8 70 43 7 46 28 69 62 5 48 19 44 29 16 68 39 24 55 60 97 26 52 1 65 57 80 50 54 63
99
19 48 47 54 93 57 99 3 42 77 82 44 6 63 16 24 18 60 75 78 85 9 98 64 41 5 55 87 23 73 46 58 45 33 76 14 92 43 81 97 26 84 15 96 20 94 61 95 50 13 56 68 53 71 22 38 27 52 2 8 89 69 29 65 12 34 32 25 51 21 28 72 35 7 91 17 36 1 30 37 80 66 79 62 31 67 90 74 88 11 59 40 49 70 39 83 86 10 4
99
4 10 86 83 39 70 49 40 59 11 88 74 90 67 31 62 79 66 80 37 30 1 36 17 91 7 35 72 28 21 51 25 32 34 12 65 29 69 89 8 2 52 27 38 22 71 53 68 56 13 50 95 61 94 20 96 15 84 26 97 81 43 92 14 76 33 45 58 46 73 23 87 55 5 41 64 98 9 85 78 75 60 18 24 16 63 6 44 82 77 42 3 99 57 93 54 47 48 19
99
42 53 68 71 38 3 87 73 21 31 7 24 85 51 78 74 57 27 36 25 99 50 18 40 94 39 62 29 80 59 70 4 61 64 95 49 1 81 54 65 9 76 93 92 35 46 11 45 48 97 84 63 60 96 20 30 82 44 86 66 58 13 88 79 22 77 2 52 33 5 19 14 69 6 91 47 89 28 83 17 75 8 34 15 32 41 56 37 10 55 90 23 12 72 26 67 43 16 98
99
98 16 43 67 26 72 12 23 90 55 10 37 56 41 32 15 34 8 75 17 83 28 89 47 91 6 69 14 19 5 33 52 2 77 22 79 88 13 58 66 86 44 82 30 20 96 60 63 84 97 48 45 11 46 35 92 93 76 9 65 54 81 1 49 95 64 61 4 70 59 80 29 62 39 94 40 18 50 99 25 36 27 57 74 78 51 85 24 7 31 21 73 87 3 38 71 68 53 42
99
79 69 1 74 52 99 10 78 80 91 84 21 12 62 54 73 14 30 35 81 6 25 85 66 42 60 71 19 90 44 67 57 88 4 89 68 50 24 41 83 58 38 5 86 59 22 94 31 72 18 23 97 17 11 20 48 45 82 55 39 34 2 7 87 93 61 64 95 27 51 16 77 70 46 76 13 63 37 33 36 92 9 8 53 3 43 32 40 49 56 28 98 47 96 29 75 15 26 65
99
65 26 15 75 29 96 47 98 28 56 49 40 32 43 3 53 8 9 92 36 33 37 63 13 76 46 70 77 16 51 27 95 64 61 93 87 7 2 34 39 55 82 45 48 20 11 17 97 23 18 72 31 94 22 59 86 5 38 58 83 41 24 50 68 89 4 88 57 67 44 90 19 71 60 42 66 85 25 6 81 35 30 14 73 54 62 12 21 84 91 80 78 10 99 52 74 1 69 79
99
22 96 1 16 25 94 42 60 5 99 51 69 90 13 91 62 32 65 71 20 41 7 50 64 89 95 61 56 3 79 80 70 84 81 93 92 46 82 78 77 59 34 47 37 49 45 27 83 55 8 88 21 75 67 23 85 30 76 73 72 26 35 24 11 12 31 98 29 53 18 10 2 39 19 15 48 17 9 57 14 63 74 86 43 97 36 28 44 66 40 87 4 58 52 54 68 6 33 38
99
38 33 6 68 54 52 58 4 87 40 66 44 28 36 97 43 86 74 63 14 57 9 17 48 15 19 39 2 10 18 53 29 98 31 12 11 24 35 26 72 73 76 30 85 23 67 75 21 88 8 55 83 27 45 49 37 47 34 59 77 78 82 46 92 93 81 84 70 80 79 3 56 61 95 89 64 50 7 41 20 71 65 32 62 91 13 90 69 51 99 5 60 42 94 25 16 1 96 22
99
79 14 22 44 54 58 73 47 1 57 2 69 63 32 11 95 70 71 96 26 6 3 61 43 42 55 30 86 23 4 8 97 19 20 56 84 75 31 38 68 5 35 46 45 39 64 92 62 91 80 77 89 9 25 13 87 7 72 29 88 74 83 52 82 94 50 76 81 67 53 17 49 85 28 36 98 27 78 51 34 12 15 90 40 18 37 99 16 10 59 60 48 24 21 65 66 93 33 41
99
41 33 93 66 65 21 24 48 60 59 10 16 99 37 18 40 90 15 12 34 51 78 27 98 36 28 85 49 17 53 67 81 76 50 94 82 52 83 74 88 29 72 7 87 13 25 9 89 77 80 91 62 92 64 39 45 46 35 5 68 38 31 75 84 56 20 19 97 8 4 23 86 30 55 42 43 61 3 6 26 96 71 70 95 11 32 63 69 2 57 1 47 73 58 54 44 22 14 79
100
74 20 46 87 76 80 96 13 42 38 59 7 54 16 52 15 58 98 70 14 23 82 21 77 29 93 84 33 64 61 45 97 34 3 88 5 92 50 2 81 26 86 10 65 27 32 60 67 44 53 95 43 12 63 6 85 72 49 57 39 8 31 47 69 75 51 62 37 36 17 68 89 9 24 78 35 4 79 71 94 73 48 83 30 66 40 22 18 91 100 11 25 90 1 28 41 56 55 19 99
100
99 19 55 56 41 28 1 90 25 11 100 91 18 22 40 66 30 83 48 73 94 71 79 4 35 78 24 9 89 68 17 36 37 62 51 75 69 47 31 8 39 57 49 72 85 6 63 12 43 95 53 44 67 60 32 27 65 10 86 26 81 2 50 92 5 88 3 34 97 45 61 64 33 84 93 29 77 21 82 23 14 70 98 58 15 52 16 54 7 59 38 42 13 96 80 76 87 46 20 74
100
44 32 89 97 36 67 34 76 10 61 72 45 47 70 88 77 98 94 35 81 66 33 31 83 24 1 14 64 93 11 30 5 53 7 57 74 99 50 46 43 91 23 6 84 4 59 51 54 39 27 86 20 8 63 25 52 92 12 80 26 100 21 79 68 60 56 65 95 49 37 9 18 40 15 29 62 13 78 28 22 71 19 75 73 58 90 2 87 3 38 41 85 17 96 69 42 48 82 16 55
100
55 16 82 48 42 69 96 17 85 41 38 3 87 2 90 58 73 75 19 71 22 28 78 13 62 29 15 40 18 9 37 49 95 65 56 60 68 79 21 100 26 80 12 92 52 25 63 8 20 86 27 39 54 51 59 4 84 6 23 91 43 46 50 99 74 57 7 53 5 30 11 93 64 14 1 24 83 31 33 66 81 35 94 98 77 88 70 47 45 72 61 10 76 34 67 36 97 89 32 44
100
30 81 63 23 42 17 33 67 8 21 12 79 99 11 57 24 37 68 90 83 44 62 45 91 61 74 29 88 87 38 56 89 65 7 22 28 85 47 41 86 36 60 3 51 2 84 54 31 80 18 78 64 27 15 58 35 70 94 20 69 73 43 71 55 5 6 66 98 25 14 82 76 19 13 40 50 39 4 32 77 95 9 26 93 52 48 34 96 97 59 10 92 53 72 1 75 100 46 49 16
100
16 49 46 100 75 1 72 53 92 10 59 97 96 34 48 52 93 26 9 95 77 32 4 39 50 40 13 19 76 82 14 25 98 66 6 5 55 71 43 73 69 20 94 70 35 58 15 27 64 78 18 80 31 54 84 2 51 3 60 36 86 41 47 85 28 22 7 65 89 56 38 87 88 29 74 61 91 45 62 44 83 90 68 37 24 57 11 99 79 12 21 8 67 33 17 42 23 63 81 30
100
26 92 29 6 25 89 33 85 75 79 65 96 56 32 10 54 98 88 70 35 86 47 4 39 97 94 15 76 81 69 48 57 78 91 40 49 66 95 93 3 51 82 67 41 1 18 16 77 99 62 61 74 28 59 27 20 14 36 45 23 68 63 84 46 64 13 22 19 30 5 37 50 100 73 60 9 12 58 72 8 90 21 83 38 55 11 24 34 43 71 2 17 31 53 42 52 44 87 7 80
100
80 7 87 44 52 42 53 31 17 2 71 43 34 24 11 55 38 83 21 90 8 72 58 12 9 60 73 100 50 37 5 30 19 22 13 64 46 84 63 68 23 45 36 14 20 27 59 28 74 61 62 99 77 16 18 1 41 67 82 51 3 93 95 66 49 40 91 78 57 48 69 81 76 15 94 97 39 4 47 86 35 70 88 98 54 10 32 56 96 65 79 75 85 33 89 25 6 29 92 26
100
2 43 59 61 79 5 86 55 54 63 19 34 23 9 95 71 99 15 21 94 98 18 33 20 76 82 39 96 11 8 49 37 29 24 31 47 17 12 100 72 25 67 93 75 30 66 46 70 80 10 74 51 32 92 85 14 45 38 83 68 13 90 97 56 57 88 44 1 69 48 53 91 52 26 42 87 77 6 27 73 28 60 81 50 4 3 62 16 78 84 40 89 36 35 22 64 41 58 65 7
100
7 65 58 41 64 22 35 36 89 40 84 78 16 62 3 4 50 81 60 28 73 27 6 77 87 42 26 52 91 53 48 69 1 44 88 57 56 97 90 13 68 83 38 45 14 85 92 32 51 74 10 80 70 46 66 30 75 93 67 25 72 100 12 17 47 31 24 29 37 49 8 11 96 39 82 76 20 33 18 98 94 21 15 99 71 95 9 23 34 19 63 54 55 86 5 79 61 59 43 2
100
64 89 36 55 59 6 37 17 65 100 18 41 52 1 63 14 23 24 91 69 35 82 75 12 30 74 48 31 83 43 11 29 15 95 51 66 71 68 19 34 39 32 20 42 13 78 90 8 92 93 87 53 98 72 21 85 3 96 28 44 7 67 60 9 45 40 70 86 46 26 49 94 54 84 27 81 16 2 5 57 77 61 22 80 88 38 33 47 99 56 58 79 10 4 73 62 76 97 25 50
100
50 25 97 76 62 73 4 10 79 58 56 99 47 33 38 88 80 22 61 77 57 5 2 16 81 27 84 54 94 49 26 46 86 70 40 45 9 60 67 7 44 28 96 3 85 21 72 98 53 87 93 92 8 90 78 13 42 20 32 39 34 19 68 71 66 51 95 15 29 11 43 83 31 48 74 30 12 75 82 35 69 91 24 23 14 63 1 52 41 18 100 65 17 37 6 59 55 36 89 64
100
76 93 69 48 37 56 18 39 34 81 65 59 12 20 75 83 77 6 52 100 73 43 3 29 36 63 31 47 88 97 79 80 61 27 96 94 54 9 30 24 28 45 92 99 74 1 7 49 40 22 50 98 15 35 57 13 60 86 16 78 44 32 23 10 84 11 68 58 67 85 53 46 66 17 4 89 41 64 19 25 38 71 26 82 91 2 95 70 5 42 8 90 51 62 87 21 72 14 33 55
100
55 33 14 72 21 87 62 51 90 8 42 5 70 95 2 91 82 26 71 38 25 19 64 41 89 4 17 66 46 53 85 67 58 68 11 84 10 23 32 44 78 16 86 60 13 57 35 15 98 50 22 40 49 7 1 74 99 92 45 28 24 30 9 54 94 96 27 61 80 79 97 88 47 31 63 36 29 3 43 73 100 52 6 77 83 75 20 12 59 65 81 34 39 18 56 37 48 69 93 76
100
99 6 43 28 59 86 44 47 97 78 72 46 87 2 7 84 48 25 30 60 39 85 65 26 15 61 67 13 58 89 22 49 100 69 35 88 33 68 70 63 64 81 52 11 32 73 41 55 27 53 37 75 24 19 51 14 62 96 50 93 3 9 34 8 66 83 74 21 92 57 77 12 76 38 94 82 71 23 45 98 36 20 80 18 79 56 17 40 95 42 91 5 29 54 90 16 1 10 4 31
100
31 4 10 1 16 90 54 29 5 91 42 95 40 17 56 79 18 80 20 36 98 45 23 71 82 94 38 76 12 77 57 92 21 74 83 66 8 34 9 3 93 50 96 62 14 51 19 24 75 37 53 27 55 41 73 32 11 52 81 64 63 70 68 33 88 35 69 100 49 22 89 58 13 67 61 15 26 65 85 39 60 30 25 48 84 7 2 87 46 72 78 97 47 44 86 59 28 43 6 99
