4
7 10
0000111100
0011111110
0111111111
0111111111
0111111111
0011111111
0000111110
5 7
0000000
1111100
1111100
1111100
0000000
11 15
000011111110000
000111111111000
001111111111100
001111111111100
001111111111100
011111111111110
001111111111100
001111111111100
001111111111100
000111111111000
000011111110000
256 256
0000000000000000000000000000000000000000000000000000000000000000000000000000000000000000000000000000000000000000000000000000000000000000000000000000000000000000000000000000000000000000000000000000000000000000000000000000000000000000000000000000000000000000
0000000000000000000000000000000000000000000000000000000000000000000000000000000000000000000000000000000000000000000000000000000000000000000000000000000000000000000000000000000000000000000000000000000000000000000000000000000000000000000000000000000000000000
0000000000000000000000000000000000000000000000000000000000000000000000000000000000000000000000000000000000000000000000000000000000000000000000000000000000000000000000000000000000000000000000000000000000000000000000000000000000000000000000000000000000000000
0000000000000000000000000000000000000000000000000000000000000000000000000000000000000000000000000000000000000000000000000000000000000000000000000000000000000000000000000000000000000000000000000000000000000000000000000000000000000000000000000000000000000000
0000000000000000000000000000000000000000000000000000000000000000000000000000000000000000000000000000000000000000000000000000000000000000000000000000000000000000000000000000000000000000000000000000000000000000000000000000000000000000000000000000000000000000
0000000000000000000000000000000000000000000000000000000000000000000000000000000000000000000000000000000000000000000000000000000000000000000000000000000000000000000000000000000000000000000000000000000000000000000000000000000000000000000000000000000000000000
0000000000000000000000000000000000000000000000000000000000000000000000000000000000000000000000000000000000000000000000000000000000000000000000000000000000000000000000000000000000000000000000000000000000000000000000000000000000000000000000000000000000000000
0000000000000000000000000000000000000000000000000000000000000000000000000000000000000000000000000000000000000000000000000000000000000000000000000000000000000000000000000000000000000000000000000000000000000000000000000000000000000000000000000000000000000000
0000000000000000000000000000000000000000000000000000000000000000000000000000000000000000000000000000000000000000000000000000000000000000000000000000000000000000000000000000000000000000000000000000000000000000000000000000000000000000000000000000000000000000
0000000000000000000000000000000000000000000000000000000000000000000000000000000000000000000000000000000000000000000000000000000000000000000000000000000000000000000000000000000000000000000000000000000000000000000000000000000000000000000000000000000000000000
0000000000000000000000000000000000000000000000000000000000000000000000000000000000000000000000000000000000000000000000000000000000000000000000000000000000000000000000000000000000000000000000000000000000000000000000000000000000000000000000000000000000000000
0000000000000000000000000000000000000000000000000000000000000000000000000000000000000000000000000000000000000000000000000000000000000000000000000000000000000000000000000000000000000000000000000000000000000000000000000000000000000000000000000000000000000000
0000000000000000000000000000000000000000000000000000000000000000000000000000000000000000000000000000000000000000000000000000000000000000000000000000000000000000000000000000000000000000000000000000000000000000000000000000000000000000000000000000000000000000
0000000000000000000000000000000000000000000000000000000000000000000000000000000000000000000000000000000000000000000000000000000000000000000000000000000000000000000000000000000000000000000000000000000000000000000000000000000000000000000000000000000000000000
0000000000000000000000000000000000000000000000000000000000000000000000000000000000000000000000000000000000000000000000000000000000000000000000000000000000000000000000000000000000000000000000000000000000000000000000000000000000000000000000000000000000000000
0000000000000000000000000000000000000000000000000000000000000000000000000000000000000000000000000000000000000000000000000000000000000000000000000000000000000000000000000000000000000000000000000111111111000000000000000000000000000000000000000000000000000000
0000000000000000000000000000000000000000000000000000000000000000000000000000000000000000000000000000000000000000000000000000000000000000000000000000000000000000000000000000000000000000000001111111111111111000000000000000000000000000000000000000000000000000
0000000000000000000000000000000000000000000000000000000000000000000000000000000000000000000000000000000000000000000000000000000000000000000000000000000000000000000000000000000000000000001111111111111111111100000000000000000000000000000000000000000000000000
0000000000000000000000000000000000000000000000000000000000000000000000000000000000000000000000000000000000000000000000000000000000000000000000000000000000000000000000000000000000000000111111111111111111111111000000000000000000000000000000000000000000000000
0000000000000000000000000000000000000000000000000000000000000000000000000000000000000000000000000000000000000000000000000000000000000000000000000000000000000000000000000000000000000011111111111111111111111111110000000000000000000000000000000000000000000000
0000000000000000000000000000000000000000000000000000000000000000000000000000000000000000000000000000000000000000000000000000000000000000000000000000000000000000000000000000000000000011111111111111111111111111111000000000000000000000000000000000000000000000
0000000000000000000000000000000000000000000000000000000000000000000000000000000000000000000000000000000000000000000000000000000000000000000000000000000000000000000000000000000000000111111111111111111111111111111100000000000000000000000000000000000000000000
0000000000000000000000000000000000000000000000000000000000000000000000000000000000000000000000000000000000000000000000000000000000000000000000000000000000000000000000000000000000000111111111000111111111111111111111000000000000000000000000000000000000000000
0000000000000000000000000000000000000000000000000000000000000000000000000000000000000000000000000000000000000000000000000000000000000000000000000000000000000000000000000000000000000111111110000111111111111111111111000000000000000000000000000000000000000000
0000000000000000000000000000000000000000000000000000000000000000000000000000000000000000000000000000000000000000000000000000000000000000000000000000000000000000000000000000000000001111000000000000000111111111111111100000000000000000000000000000000000000000
0000000000000000000000000000000000000000000000000000000000000000000000000000000000000000000000000000000000000000000000000000000000000000000000000000000000000000000000000000000000011100000000000000000000011111111111110000000000000000000000000000000000000000
0000000000000000000000000000000000000000000000000000000000000000000000000000000000000000000000000000000000000000000000000000000000000000000000000000000000000000000000000000000000111100000000000000000000011111111111110000000000000000000000000000000000000000
0000000000000000000000000000000000000000000000000000000000000000000000000000000000000000000000000000000000000000000000000000000000000000000000000000000000000000000000000000000000111000000000000000000000000111111111110000000000000000000000000000000000000000
0000000000000000000000000000000000000000000000000000000000000000000000000000000000000000000000000000000000000000000000000000000000000000000000000000000000000000000000000000000001110000000000000000000000000110011111110000000000000000000000000000000000000000
0000000000000000000000000000000000000000000000000000000000000000000000000000000000000000000000000000000000000000000000000000000000000000000000000000000000000000000000000000000001110000000000000000000000000000001111111000000000000000000000000000000000000000
0000000000000000000000000000000000000000000000000000000000000000000000000000000000000000000000000000000000000000000000000000000000000000000000000000000000000000000000000000000001100000000000000000000000000000000111111100000000000000000000000000000000000000
0000000000000000000000000000000000000000000000000000000000000000000000000000000000000000000000000000000000000000000000000000000000000000000000000000000000000000000000000000000001100000000000000000000000000000000011111110000000000000000000000000000000000000
0000000000000000000000000000000000000000000000000000000000000000000000000000000000000000000000000000000000000000000000000000000000000000000000000000000000000000000000000000000001001000000000000000000100000000000001111111000000000000000000000000000000000000
0000000000000000000000000000000000000000000000000000000000000000000000000000000000000000000000000000000000000000000000000000000000000000000000000000000000000000000000000000000001000000000000000000000010000000000001111111100000000000000000000000000000000000
1000000000000000000000000000000000000000000000000000000000000000000000000000000000000000000000000000000000000000000000000000000000000000000000000000000000000000000000000000000001000000000000000000000000000000000011011111111000000000000000000000000000000000
1000000000000000000000000000000000000000000000000000000000000000000000000000000000000000000000000000000000000000000000000000000000000000000000000000000000000000000000000000000000000000000001000011000110100000000000000111111111000000000000000000000000000000
1010000000000000000000000000000000000000000000000000000000000000000000000000000000000000000000000000000000000000000000000000000000000000000000000000000000000000000000000000000000000000000000100001010010000000000000001111111111100000000000000000000000000000
1100101111111000000000000000000000000000000000000000000000000000000000000000000000000000000000000000000000000000000000000000000000000000000000000000000000000000000000000000000000000000000000010000110000000000000000000010100111111100000000000000000000000000
0110011111111111100000000000000000000000000000000000000000000000000000000000000000000000000000000000000000000000000000000000000000000000000000000000000000000000000000000000000000000000000010000000000000000000000000000000000000111110000000000000000000000000
1011101111111111111000000000000000000000000000000000000000000000000000000000000000000000000000000000000000000000000000000000000000000000000000000000000000000000000000000000000000000000000010000000000000110100100000000000000000111111000000000000000000000000
1111111111111111111111100000000000000000000000000000000000000000000000000000000000000000000000000000000000000000000000000000000000000000000000000000000000000000000000000000000000000000000000000000001111110111111000000000000000000011100000000000000000000000
1111111111111111111111111100000000000000000000000000000000000000000000000000000000000000000000000000000000000000000000000000000000000000000000000000000000000000000000000000000000000000000000000001101111111111111100000000000000000001110000000000000000000000
1111111111111111111111111110000000000000000000000000000000000000000000000000000000000000000000000000000000000000000000000000000000000000000000000000000000000000000000000000000000000000000000100001011111111111111111000000000000000000110000000000000000000000
1111111111111111111111111111110000000000000000000000000000000000000000000000000000000000000000000000000000000000000000000000000000000000000000000000000000000000000000000000000000000000000000011010111111111111110000000000000000000000011000000000000000000000
1111111111111111111111111111111101110000000000000000000000000000000000000000000000000000000000000000000000000000000000000000000000000000000000000000000000000000000000000000000000000000000000011100111111111111000000000000000000000000011000000000000000000000
1111111111111111111111111111111111111000000000000000000000000000000000000000000000000000000000000000000000000000000000000000000000000000000000000000000000000000000000000000000000000000000000000101011111111110000000000000000000000000001000000000000000000000
1111111111111111111111111111101111111110000000000000000000000000000000000000000000000000000000000000000000000000000000000000000000000000000000000000000000000000000000000000000000000000000000000001100111111100000000000000000000000000001100000000000000000000
1111111111111111111111111000111111111111100000000000000000000000000000000000000000000000000000000000000000000000000000000000000000000000000000000000000000000000000000000000000000000000000000000001011111111000000000000000000000000000001100000000000000000000
1111111111111111111111111111111011111111110000000000000000000000000000000000000000000000000000000000000000000000000000000000000000000000000000000000000000000000000000000000000000000000000000000000111111110000000000000000000000000000001000000000000000000000
1111111111111111111111111111010111111111110000000000000000000000000000000000000000000000000000000000000000000000000000000000000000000000000000000000000000000000000000000000000000000000000000000000111111100000000000000000000000000000001000000000000000000000
1111111111111111111111111111000111111111111000000000000000000000000000000000000000000000000000000000000000000000000000000000000000000000000000000000000000000000000000000000000000000000000000000000000010000000000000000000000000000000000000000000000000000000
1111111111111111111111111111111111111111111010000000000000000000000000000000000000000000000000000000000000000000000000000000000000000000000000000000000000000000000000000000000000000000000000000000000010000000000000000000000000000000000000000000000000000000
1111111111111111111111111111110111111111111110000000000000000000000000000000000000000000000000000000000000000000000000000000000000000000000000000000000000000000000000000000000000000000000000000000000011000000000000000000000000000000000000000000000000000000
1111111111111111111111111111111111111111111110100000000000000000000000000000000000000000000000000000000000000000000000000000000000000000000000000000000000000000000000000000000000000000000000000000000001000000000000000000000000000000000000000000000000000000
1111111111111111111111111111111111111111111111111111000000000000000000000000000000000000000000000000000000000000000000000000000000000000000000000000000000000000000000000000000000000000000000000000000001000000000000000000000000000000000000000000000000000000
1111111111111111111111111111111111111111111111111111000000000000000000000000000000000000000000000000000000000000000000000000000000000000000000000000000000000000000000000000000000000000000000000000000001000000000000000000000000000000000000000000000000000000
1111111111111111111111111111111111111111111111111111100000000000000000000000000000000000000000000000000000000000000000000000000000000000000000000000000000000000000000000000000000000000000000000000000101000000000000000000000000000000000000000000000000000000
1111111111111111111111111111111111111111111111111111110000000000000000000000000000000000000000000000000000000000000000000000000000000000000000000000000000000000000000000000000000000000000000000000000011100000000000000000000000000000000000000000000000000000
1111111111111111111111111111111111111111111111111111110000000000000000000000000000000000000000000000000000000000000000000000000000000000000000000000000000000000000000000000000000000000000000000000000001100000000000000000000000000000000000000000000000000000
1111111111111111111111111111111111111111111111111111110000000000000000000000000000000000000000000000000000000000000000000000000000000000000000000000000000000000000000000000000000000000000000000000000100100000000000000000000000000000000000000000000000000000
1111111111111111111111111111111111111110110011111111110000000000000000000000000000000000000000000000000000000000000000000000000000000000000000000000000000000000000000000000000000000000000000000000000001100000000000000000000000000000000000000000000000000000
1111111111111111111111111111111111111110000111111111110000000000000000000000000000000000000000000000000000000000000000000000000000000000000000000000000000000000000000000000000000000000000000000000000001100000000000000000000000000000000000000000000000000000
1111111111111111111111111111111111111101000011111111110000000000000000000000000000000000000000000000000000000000000000000000000000000000000000000000000000000000000000000000000000000000000000000000000001100000000000000000000000000000000000000000000000000000
1111111111111111111111111111111111111110000111111111110000000000000000000000000000000000000000000000000000000000000000000000000000000000000000000000000000000000000000000000000000000000000000000000000001100000000000000000000000000000000000000000000000000000
1111111111111111111111111111111111111111100111111111010000000000000000000000000000000000000000000000000000000000000000000000000000000000000000000000000000000000000000000000000000000000000000000000001101100000000000000000000000000000000000000000000000000000
1111111111111111111111111111111111111111101011111111111000000000000000000000000000000000000000000000000000000000000000000000000000000000000000000000000000000000000000000000100000000000000000000000000011100000000000000000000000000000000000000000000000000000
1111111111111111111111111111111111111111111011111111101000000000000000000000000000000000000000000000000000000000000000000000000000000000000000000000000000000000000000000000000000000000000000000000011011100000000000000000000000000000000000000000000000000000
1111111111111111111111111111111111111111111111111111110000000000000000000000000000000000000000000000000000000000000000000000000000000000000000000000000000000000000000000000000000000000000000000001010111110000000000000000000000000000000000000000000000000000
1111111111111111111111111111111111111111111111111111100000000000000000000000000000000000000000000000000000000000000000000000000000000000000000000000000000000000000000000000000000000000000000000000010101110000000000000000000000000000000000000000000000000000
1111111111111111111111111111111111111111111111111111100000000000000000000000000000000000000000000000000000000000000000000000000000000000000000000000000000000000000000000000000000000000000000000000111001110000000000000000000000000000000000000000000000000000
1111111111111111111111111111111111111111111111111111110000000000000000000000000000000000000000000000000000000000000000000000000000000000000000000000000000000000000000000000000000000000000000000000010011110000000000000000000000000000000000000000000000000000
1111111111111111111111111111111111111111111111111111110000000000000000000000000000000000000000000000000000000000000000000000000000000000000000000000000000000000000000000000000000000000000000000001010111110000000000000000000000000000000000000000000000000000
1111111111111111111111111111111111111111111111111111110000000000000000000000000000000000000000000000000000000000000000000000000000000000000000000000000000000000000000000000000000000000000000000000001111111000000000000000000000000000000000000000000000000000
1111111111111111111111111111111111111111111111100111101000000000000000000000000000000000000000000000000000000000000000000000000000000000000000000000000000000000000000000000000000000000000000000000101111111000000000000000000000000000000000000000000000000000
1111111111111111111111111111111111111111111111110111111000000000000000000000000000000000000000000000000000000000000000000000000000000000000000000000000000000000000000000010000000000000000000000001000011111000000000000000000000000000000000000000000000000000
1111111111111111111111111111111111111111111111111111111011000000000000000000000000000000000000000000000000000000000000000000000000000000000000000000000000000000000000000000000000000000000000000001001111111000000000000000000000000000000000000000000000000000
1111111111111111111111111111111111111111111111111111111111100000000000000000000000000000000000000000000000000000000000000000000000000000000000000000000000000000000000000000000000000000000000000000010111111000000000000000000000000000000000000000000000000000
1111111011111111111111111111111111111111111111111111111111000000000000000000000000000000000000000000000000000000000000000000000000000000000000000000000000000000000000000000000000000000000000000010101101111000000000000000000000000000000000000000000000000000
1111111111111111111111111111111111111111111111111111111111110000000000000000000000000000000000000000000000000000000000000000000000000000000000000000000000000000000000000000000000000000000000000001011111111000000000000000000000000000000000000000000000000000
1111111111111111111111111111111111111111111111111111111111111110000000000000000000000000000000000000000000000000000000000000000000000000000000000000000000000000000000000000000000000000000000000000111111111000000000000000000000000000000000000000000000000000
1111111110111111111111111111111111111111111111111111111111111111110000000000000000000000000000000000000000000000000000000000000000000000000000000000000000000000000000000000000000000000000000000010111111111000000000000000000000000000000000000000000000000000
1111111111000101111111111111111111111111111111111111110111111111110000000000000000000000000000000000000000000000000000000000000000000000000000000000000000000000000000000000000000000000000000000001001111111000000000000000000000000000000000000000000000000000
1111111101111111111111111111111111111111111111111111111011111111111111000000000000000000000000000000000000000000000000000000000000000000000000000000000000000000000000000000000000000001000000000000101111111000000000000000000000000000000000000000000000000000
1111001000111111111111111111111111111111111111111111111111111111111111110000000000000000000000000000000000000000000000000000000000000000000000000000000000000000000000000000000000000000000100000000011111111000000000000000000000000000000000000000000000000000
1110100100111111110111111111111111111111111011111111111011111111111111110000000000000000000000000000000000000000000000000000000000000000000000000000000000000000000000000000000000000000000000000010000111111000000000000000000000000000000000000000000000000000
1111110010111111111001111111111111111111111111111111111000011111111111111100000000000000000000000000000000000000000000000000000000000000000000000000000000000000000001000000000000000000000000000011101111111100000000000000000000000000000000000000000000000000
1111110011111111111111111111111111111111111111111111111001111111111111111110000000000000000000000000000000000000000000000000000000000000000000000000000000000000000011000000000000000000000000000000111111111100000000000000000000000000000000000000000000000000
1111111111111111111111111111111111111111111111111111111110011111111111111111000000000000000000000000000000000000000000000000000000000000000000000000000000000000000010000000000000000000000000001000001111111100000000000000000000000000000000000000000000000000
1111111111111111111111111111111111111111111111111111111111111111111111111111100000000000000000000000000000000000000000000000000000000000000000000000000000000000000000000000000000000010001010001110101111111100000000000000000000000000000000000000000000000000
1111111111111111111111011111111111111111111111111111111111111111111111111111110000000000000000000000000000000000000000000000000000000000000000000000000000000000000100000000000000000101000000100110111111111100000000000000000000000000000000000000000000000000
1111111111111111111110001111111111111111111111111111111111111111111111111111111100000000000000000000000000000000000000000000000000000000000000000000000000000000000100000000000000000000000100100101101111111110000000000000000000000000000000000000000000000000
1111111111111111111110101011111111111111111111111111111111111111111111111111111110000000000000000000000000000000000000000000000000000000000000000000000000000000001100000000000000000000000000001010001111111110000000000000000000000000000000000000000000000000
0111111111111111111111100011111111111111111111111111111111111111111111111111111111000000000000000000000000000000000000000000000000000000000000000000000000000000001000000000000000000000100100101100111111111110000000000000000000000000000000000000000000000000
1111111011111111111111111011111111111111111111111111111111111111111111111111111111100000000000000000000000000000000000000000000000000000000000000000000000000000011000000000000001000000000001010010011111111110000000000000000000000000000000000000000000000000
0111111111111111111111111011111111111111111111111111111111111111111111111111111111110000000000000000000000000000000000000000000000000000000000000000000000000000111000000000000000000000000000000011111111111110000000000000000000000000000000000000000000000000
1111111111111111111111111111111111111111111111111111111111111111111111111111111111110000000000000000000000000000000000000000000000000000000000000000000000000001110000000000000000000000000000000011011111111111000000000000000000000000000000000000000000000000
1111111111111111111111111111111111111111111111111111111111111111111111111111111111111000000000000000000000000000000000000000000000000000000000000000000000000001110000000000000000000000000000001001011111111111000000000000000000000000000000000000000000000000
1111111111111001111111111111111111111111111111111111111111111111111111111111111111111000000000000000000000000000000000000000000000000000000000000000000000000011110000000000000000000000000000000100111111111111000000000000000000000000000000000000000000000000
1111111111110100011111111111111111111111111111111111111111111111111111111111111111111100000000000000000000000000000000000000000000000000000000000000000000000011110000000000000000000000000000000101011111111111100000000000000000000000000000000000000000000000
1111111111111101010011111111111111111111111111111111111111111111111111111111111111111111000000000000000000000000000000000000000000000000000000000000000000001111100000000000000000000000000000001001111111111111100000000000000000000000000000000000000000000000
1111111111111111111100011111111111111111111111111111111111111111111111111111111111111111100000000000000000000000000000000000000000000000000000000000000000001111000000000000000000000000000000000000111111111111100000000000000000000000000000000000000000000000
1111111111111111111111011111111111111111111111111111111111111111111111111111111111111111100000000000000000000000000000000000000000000000000000000000000000011111000000000000000000000000000000000000111111111111110000000000000000000000000000000000000000000000
1101110011111111111110101111111111111111111111111111111111111111111111111111111111111111111000000000000000000000000000000000000000000000000000000000000000111110000000000000000000000000000001010001111111111111110000000000000000000000000000000000000000000000
1110000101111111111101100111111111111111111111111111111111111111111111111111111111111111111000000000000000000000000000000000000000000000000000000000000000111110000000000000000000000000000000000001111111111111110000000000000000000000000000000000000000000000
1111000000111111111111111111111111111111111111111111111111111111111111111111111111111111111100000000000000000000000000000000000000000000000000000000000011111110000000000000000000000000000000000011111111111111111000000000000000000000000000000000000000000000
1111111000011111111101001000000011111111111111111111111111111111111111111111111111111111111111000000000000000000000000000000000000000000000000000000001111111110000000000000000000000000000000100111111111111111111000000000000000000000000000000000000000000000
1111111100001111111001100000010001111111111111111111111111111111111111111111111111111111111111000000000000000000000000000000000000000000000000000000001111111100000000000000000000000000000000000111111111111111111000000000000000000000000000000000000000000000
1111111111111000000010000000000001111111111111111111111111111111111111111111111111111111111111100000000000000000000000000000000000000000000000000001111111111100000000000000000000000000000000110111111111111111111100000000000000000000000000000000000000000000
0111111111111100000000000000000000111111111111111111111111111111111111111111111111111111111111100000000000000000000000000000000000000000000000000111111111111000000000000000000000000000000000000011111111111111111100000000000000000000000000000000000000000000
0111111111111100000001011000000000011111111111111111111111111111111111111111111111111111111111100000000000000000000000000000000000000000000000001111111111111000000000000000000000000000000000010011111111111111111100000000000000000000000000000000000000000000
0111111111111111000000111000000000000000101111111111111111111111111111111111111111111111111111111000000000000000000000000000000000000000000000111111111111110000000000000000000000000000000001000001111111111111111100000000000000000000000000000000000000000000
1111000011111111111000110100000000000000001111111111111111111111111111111111111111111111111111111100000000000000000000000000000000000000000011111111111111000000000000000000000000000000000000100011111111111111111100000000000000000000000000000000000000000000
0111100000011111111111111100100000000000000000111111111111111111111111111111111100111111111111111110000000000000000000000000000000000000001111101111111111110000000000000000000000000000001001001111111111111111111100000000000000000000000000000000000000000000
0111000000001110011111111111000000000000000000111111111111111111111111111111111101011111111111111111000000000000000000000000000000000000011111001111111111110000000000000000000000000000000000000001111111111111111100000000000000000000000000000000000000000000
0001000000000000001111111011100100000000000000011111111111111111111111111111111100000111111111111111100000000000000000000000000000000000111110011111111111110000000000000000000000000000000000000001111111111111111110000000000000000000000000000000000000000000
0000000000000000000111111111111000000001100000000111111111111111111111111111111111000011111111111111110000000000000000000000000000000011111111111111111111100000000000000000000000000000000000001101111111111111111110000000000000000000000000000000000000000000
0000000000000000000111111111110000000011000000000011111111111111111111111111111100001101111111111111110000000000000000000000000000000111111111111111111111100000000000000000000000000000000000010001111111111111111110000000000000000000000000000000000000000000
0000110000000000000000111111111010000000010000000001111111111111111111111111111111100011111111111111110000000000000000000000000000001111111111111111111111110000000000000000000000000000000000000111111111111111111110000000000000000000000000000000000000000000
0000111000000000000000001111111100000000010010000001111111111111111111111111111111110101111111111111110000000000000000000000000000011111111111111111111111110000000000000000000000000000000000000111111111111111111111000000000000000000000000000000000000000000
0000011000000000000000001111111100000000001000000001111111111111111111111111111111000011111111111111110000000000000000000000000000111111111111111111111111110000000000000000000000000000000000000111111111111111111111000000000000000000000000000000000000000000
0000001000000000000000000001111110000000000000000001111111111111111111111111111111110001111111111111110000000000000000000000000000111111110111111111111111111000000000000000000000000000000000000011111111111111111111000000000000000000000000000000000000000000
0000010000000000000000000000111111110000000000000000111111111111111111111111111111111010111111111111110000000000000000000000000101111111101111111111111111111000000000000000000000000000000000000011111111111111111111000000000000000000000000000000000000000000
0000000100000000000000000000111111110000000000000000111111111111111111111111111111111101111111111111111000000000000000000000000111111100111111111111111111111000000000000000000000000000000000000011111111111111111111000000000000000000000000000000000000000000
0000000011110000000000000000000101111000000000000000001111111111111111111111111111111001011111111111111000000000000000000000011111110111111100010011111111111000000000000000000000000000000000000011111111111111111111000000000000000000000000000000000000000000
0000000010000000000000000000000000111100000000000000000111111111111111111111111111101110101111110111110000000000000000000000111111101111110000000000000011000000000000000000000000000000000000000011111111111111111111000000000000000000000000000000000000000000
0000000000000000000000000000000000101100000000000000000011111111111111111111111111111011110111011111110000000000000000000001111011111111110000000000000000000000000000000000000000000000000000000011111111111111111111000000000000000000000000000000000000000000
0000000000000000000000000000000000111110000000000000000001111111111111111111111111111101110111111111110000000000000000000111110111111101110000000000000000000000000000000000000000000000000000000111111111111111111111000000000000000000000000000000000000000000
0000000000000000000000000000000000001111100000000000000000111111111111111101111111111111111111101111110000000000000000001110001111111111100000000000000000000000000000000000000000000000000000000011111111111111111110000000000000000000000000000000000000000000
0000000000000000000000000000000000001111110000000000000000111111111111111010111111111111111111111111110000000000000000011111111111111111000000000000000000000000000000000000000000000000000000000111111111111111111100000000000000000000000000000000000000000000
0000000000000000000000000000000000001111100000000000000000011111111111111000111111111111111111111111111000000000000000010111111111111110000000000000000000000000000000000000000000000000000000000111111111111111111100000000000000000000000000000000000000000000
0000000000000000000000000000000000001111000000000000000000011111111111111010011111111111111111111111111000000000000000110110111110000000000000000000000000000000000000000000000000000000000000000001111111111111111100000000000000000000000000000000000000000000
0000000000000000000000000000000000000011011000000000000000001111111111111110111111111111111111111111111100000000000011101001011100000000000000000000000000000000000000000000000000000000000000000001111111111111111100000000000000000000000000000000000000000000
0000000000000100000000000000000000000001111000000000000000001111111111111111111111111111111111111111111100000000000010101001101100000000000000000000000000000000000000000000000000000000000000000001111111111110111100000000000000000000000000000000000000000000
0000000000000111110000000000000000000000011110000000000000000011111111111111110101111111111111111111111100000000001000111100000000000000000000000000000000000000000000000000000000000000000000000001111111111111111000000000000000000000000000000000000000000000
0000000000011111110000000000000000000000011110100000000000000111111111111111111101100110111111111111111110000000000011110000000000000000000000000000000000000000000000000000000000000000000000000001111111111111111000000000000000000000000000000000000000000000
0000000000000011000000000000000000000000011110110000000000000011111111111111111010100111111111111111111110000000110011000000000000000000000000000000000000000000000000000000000000000000000000000011111111111111111000000000000000000000000000000000000000000000
0000000000000000000000000000000000000000001111110000000000000111111111111111111111011111001111111111111111000000000101000000000000000000000000000000000000000000000000000000000000000000000000000111111111111111110000000000000000000000000000000000000000000000
0000000000000000000000000000000000000000001010000000000000000111111110011111111111111111111111111111111111000000001000000000000000000000000000000000000000000000000000000000000000000000000000010101111111111111110000000000000000000000000000000000000000000000
0000000000000000000000000000000000000000000100100000000000000111111111100111111111111111111111111111111111000000010000000000000000000000000000000000000000000000000000000000000000000000000000001111111111111111100000000000000000000000000000000000000000000000
0000000000000000000000000000000000000000000000000000000000011111111111000011111111111111110111111111111111000011110000000000000000000000000000000000000000000000000000000000000000000000000000010111111111111111100000000000000000000000000000000000000000000000
0000000000000000000000000000000000000000000000000000011100000111111111101000101111111111111111111111111111000011000000000000000000000000000000000000000000000000000000000000000000000000000001011111111111111111000000000000000000000000000000000000000000000000
0000000000000000000000000000000000000000000000000000010111001111111111110000111111111111111111111111111111000010000000000000000000000000000000000000000000000000000000000000000000000000000011111111111111111111000000000000000000000000000000000000000000000000
0000000000000000000000000000000000000000000000000111101101111111111111111000111011111111111111111111111110001110000000000000000000000000000000000000000000000000000000000000000000000000000111111111111111111110000000000000000000000000000000000000000000000000
0000000000000000000000000000000000000000000000000111111111111111111111101011011111111111111111111111111100010000000000000000000000000000000000000000000000000000000000000000000000000000001011111111111111111110000000000000000000000000000000000000000000000000
0000000000000000000000000000000000000000000000000111111111111111111111111100001111111111111111111111010111110000000000000000000000000000000000000000000000000000000000000000000000000000000111111111111111111100000000000000000000000000000000000000000000000000
0000000000000000000000000001000000000000000000000111011111111111111110111111111111111111111111111111011111100000000000000000000000000000000000000000000000000000000000000000000000000000000111111111111111111000000000000000000000000000000000000000000000000000
0000000000000000000000000001100000000000000000000011101111111111111111111111111111111111111111111111111111000000000000000000000000000000000000000000000000000000000000000000000000000000001111111111111111111000000000000000000000000000000000000000000000000000
0000000000000000000000000000000000000000000000000000000010011111111111111111101011111111111111111111111100000000000000000000000000000000000000000000000000000000000000000000000000000000001111111111111111110000000000000000000000000000000000000000000000000000
0000000000000000000000000000000000000000000000000000000000111111111111111111110000000111111111111111111000000000011000000000000000000000000000000000000000000000000000000000000000000000011111111111111111100000000000000000000000000000000000000000000000000000
0000000000000000000000000000000000000000000000000000000000011111111111111111110111100011111111111111110000000000110000000000000000000000000000000000000000000000000000000000000000000000111111111111111111100000000000000000000000000000000000000000000000000000
0000000000000000000000000000000000000000000000000000000010010101111111111111111101010001111111111110000000000001100000000000000000000000000000000000000000000000000000000000000000000000111111111111111111000000000000000000000000000000000000000000000000000000
0000000000000000000000000000000000000000000000000000000000001001111111111111111100101100111111111100000000000000000000000000000000000000000000000000000000000000000000000000000000000001111111111111111110000000000000000000000000000000000000000000000000000000
0000000000000000000000000000000000000000000000000000000011000000011111110111111100011111111111111000000000100000000000000000000000000000000000000000000000000000000000000000000000000011111111111111111100000000000000000000000000000000000000000000000000000000
0000000000000000000000000000000000000000000000000000000110000000001111111111111111111111111111100000000011100100000000000000000000000000000000000000000000000000000000000000000000000011111111111111111000000000000000000000000000000000000000000000000000000000
0000000000000000000000000000000000000000000000000000000111100000001111111111011110111111111111100000000011000100000000000000000000000000000000000000000000000000000000000000000000000111111111111111111000000000000000000000000000000000000000000000000000000000
0000000000000000000000000000000000000000000000000000000011111110001111111011111110111111111100000000000100000000000000000000000000000000000000000000000000000000000000000000000000000111111111111111110000000000000000000000000000000000000000000000000000000000
0000000000000000000000000000000000000000000000000000000010111111111111111111111111111111111000000001111100000000000000000000000000000000000000000000000000000000000000000000000001111111111111111111100000000000000000000000000000000000000000000000000000000000
0000000000000000000000000000000000000000000000000000000001111111111111111111111111111111110000000001111100000000000000000000000000000000000000000000000000000000000000000000000001011111111111111111100000000000000000000000000000000000000000000000000000000000
0000000000000000000000000000000000000000000000000000000000011111111111111111111111111111000000001011111000000000000000000000000000000000000000000000000000000000000000000000011111111111111111111110000000000000000000000000000000000000000000000000000000000000
0000000000000000000000000000000000000000000000000000000000011111111111111111111111111110000000011111111000000000000000000000000000000000000000000000000000000000000000000000000011111111111111111100000000000000000000000000000000000000000000000000000000000000
0000000000000000000000000000000000000000000000000000000000001111111111111111111111101000000000111111110000000000000000000000000000000000000000000000000000000000000000000000001011111111111111111000000000000000000000000000000000000000000000000000000000000000
0000000000000000000000000000000000000000000000000000000000001111111111111111111111000000010001110111110000000000000000000000000000000000000000000000000000000000000000000000101111111111111111110000000000000000000000000000000000000000000000000000000000000000
0000000000000000000000000000000000000000000000000000000000001111111111111111111100000000000011111101100000000000000000000000000000000000000000000000000000000000000000000011011111111111111111000000000000000000000000000000000000000000000000000000000000000000
0000000000000000000000000000000000000000000000000000000000000111111111111111111100000000000111011001100000000000000000000000000000000000000000000000000000000000000000000011011111111111111110000000000000000000000000000000000000000000000000000000000000000000
0000000000000000000000000000000000000000000000000000000000000111111111111111111000000000001110011011100000000000000000000000000000000000000000000000000000000000000000000011111111111111111100000000000000000000000000000000000000000000000000000000000000000000
0000000000000000000000000000000000000000000000000000000000000001111111111111100000000000011000100110000000000000000000000000000000000000000000000000000000000000000000001101111111111111110000000000000000000000000000000000000000000000000000000000000000000000
0000000000000000000000000000000000000000000000000000000000000000011111111110000000000000110000101000000000000000000000000000000000000000000000000000000000000000000000011111111111111111100000000000000000000000000000000000000000000000000000000000000000000000
0000000000000000000000000000000000000000000000000000000000000000011111111100000000000000110011111000000000000000000000000000000000000000000000000000000000000000000000111111111111111111000000000000000000000000000000000000000000000000000000000000000000000000
0000000000000000000000000000000000000000000000000000000000000000000111111110000000000011110000000000000000000000000000000000000000000000000000000000000000000000000010001111111111111100000000000000000000000000000000000000000000000000000000000000000000000000
0000000000000000000000000000000000000000000000000000000000000000000111111000000000000111000000100000000000000000000000000000000000000000000000000000000000000000000001111111111111110000000000000000000000000000000000000000000000000000000000000000000000000000
0000000000000000000000000000000000000000000000000000000000000000000001111000000000001110000001000000000000000000000000000000000000000000000000000000000000000000000011111111111111100000000000000000000000000000000000000000000000000000000000000000000000000000
0000000000000000000000000000000000000000000000000000000000000000000011100000000000000000000000000000000000000000000000000000000000000000000000000000000000000000001101111111111110000000000000000000000000000000000000000000000000000000000000000000000000000000
0000000000000000000000000000000000000000000000000000000000000000000010000000000000010000000000000000000000000000000000000000000000000000000000000000000000000000001110111011111000000000000000000000000000000000000000000000000000000000000000000000000000000000
0000000000000000000000000000000000000000000000000000000000000000000000000000000000100000000000000000000000000000000000000000000000000000000000000000000000000000001101111011100000000000000000000000000000000000000000000000000000000000000000000000000000000000
0000000000000000000000000000000000000000000000000000000000000000000000000111000000000001001000000000000000000000000000000000000000000000000000000000000000000000001111111111000000000000000000000000000000000000000000000000000000000000000000000000000000000000
0000000000000000000000000000000000000000000000000000000000010000000000001100000000000000000000000000000000000000000000000000000000000000000000000000000000000000101101111000000000000000000000000000000000000000000000000000000000000000000000000000000000000000
0000000000000000000000000000000000000000000000000000000001100000000000011000000000010000000000000000000000000000000000000000000000000000000000000000000000000000011111000000000000000000000000000000000000000000000000000000000000000000000000000000000000000000
0000000000000000000000000000000000000000000000000000000011000000000000011000000001110000000000000000000000000000000000000000000000000000000000000000000000000001111111000000000000000000000000000000000000000000000000000000000000000000000000000000000000000000
0000000000000000000000000000000000000000000000000000000000000000100000011000001111000000000000000000000000000000000000000000000000000000000000000000000000000110100000000000000000000000000000000000000000000000000000000000000000000000000000000000000000000000
0000000000000000000000000000000000000000000000000000000000000100000000000001101110000000000000000000000000000000000000000000000000000000000000000000000000010110000000000000000000000000000000000000000000000000000000000000000000000000000000000000000000000000
0000000000000000000000000000000000000000000000000000000000001000000000001111111100000000000000000000000000000000000000000000000000000000000000000000000000000000000000000000000000000000000000000000000000000000000000000000000000000000000000000000000000000000
0000000000000000000000000000000000000000000000000000000000011000000000011111110000000000000000000000000000000000000000000000000000000000000000000000000000010000000000000000000000000000000000000000000000000000000000000000000000000000000000000000000000000000
0000000000000000000000000000000000000000000000000000000000000000000000001111010000000000000000000000000000000000000000000000000000000000000000000000000000100000000000000000000000000000000000000000000000000000000000000000000000000000000000000000000000000000
0000000000000000000000000000000000000000000000000000000000000000000000011110100000000000000000000000000000000000000000000000000000000000000000000000000000100000000000000000000000000000000000000000000000000000000000000000000000000000000000000000000000000000
0000000000000000000000000000000000000000000000000000000000000000000001111010000000000000000000000000000000000000000000000000000000000000000000000000000000000000000000000000000000000000000000000000000000000000000000000000000000000000000000000000000000000000
0000000000000000000000000000000000000000000000000000000000000000000000110000000000000000000000000000000000000000000000000000000000000000000000000000000000000000000000000000000000000000000000000000000000000000000000000000000000000000000000000000000000000000
0000000000000000000000000000000000000000000000000000000000000000000001100000000000000000000000000000000000000000000000000000000000000000000000000000000000000000000000000000000000000000000000000000000000000000000000000000000000000000000000000000000000000000
0000000000000000000000000000000000000000000000000000000000000000000000000000000000000000000000000000000000000000000000000000000000000000000000000000000000000000000000000000000000000000000000000000000000000000000000000000000000000000000000000000000000000000
0000000000000000000000000000000000000000000000000000000000000000000000000000000000000000000000000000000000000000000000000000000000000000000000000000000000000000000000000000000000000000000000000000000000000000000000000000000000000000000000000000000000000000
0000000000000000000000000000000000000000000000000000000000000000000000000000000000000000000000000000000000000000000000000000000000000000000000000000000000000000000000000000000000000000000000000000000000000000000000000000000000000000000000000000000000000000
0000000000000000000000000000000000000000000000000000000000000000000000000000000000000000000000000000000000000000000000000000000000000000000000000000000000000000000000000000000000000000000000000000000000000000000000000000000000000000000000000000000000000000
0000000000000000000000000000000000000000000000000000000000000000000000000000000000000000000000000000000000000000000000000000000000000000000000000000000000000000000000000000000000000000000000000000000000000000000000000000000000000000000000000000000000000000
0000000000000000000000000000000000000000000000000000000000000000000000000000000000000000000000000000000000000000000000000000000000000000000000000000000000000000000000000000000000000000000000000000000000000000000000000000000000000000000000000000000000000000
0000000000000000000000000000000000000000000000000000000000000000000000000000000000000000000000000000000000000000000000000000000000000000000000000000000000000000000000000000000000000000000000000000000000000000000000000000000000000000000000000000000000000000
0000000000000000000000000000000000000000000000000000000000000000000000000000000000000000000000000000000000000000000000000000000000000000000000000000000000000000000000000000000000000000000000000000000000000000000000000000000000000000000000000000000000000000
0000000000000000000000000000000000000000000000000000000000000000000000000000000000000000000000000000000000000000000000000000000000000000000000000000000000000000000000000000000000000000000000000000000000000000000000000000000000000000000000000000000000000000
0000000000000000000000000000000000000000000000000000000000000000000000000000000000000000000000000000000000000000000000000000000000000000000000000000000000000000000000000000000000000000000000000000000000000000000000000000000000000000000000000000000000000000
0000000000000000000000000000000000000000000000000000000000000000000000000000000000000000000000000000000000000000000000000000000000000000000000000000000000000000000000000000000000000000000000000000000000000000000000000000000000000000000000000000000000000000
0000000000000000000000000000000000000000000000000000000000000000000000000000000000000000000000000000000000000000000000000000000000000000000000000000000000000000000000000000000000000000000000000000000000000000000000000000000000000000000000000000000000000000
0000000000000000000000000000000000000000000000000000000000000000000000000000000000000000000000000000000000000000000000000000000000000000000000000000000000000000000000000000000000000000000000000000000000000000000000000000000000000000000000000000000000000000
0000000000000000000000000000000000000000000000000000000000000000000000000000000000000000000000000000000000000000000000000000000000000000000000000000000000000000000000000000000000000000000000000000000000000000000000000000000000000000000000000000000000000000
0000000000000000000000000000000000000000000000000000000000000000000000000000000000000000000000000000000000000000000000000000000000000000000000000000000000000000000000000000000000000000000000000000000000000000000000000000000000000000000000000000000000000000
0000000000000000000000000000000000000000000000000000000000000000000000000000000000000000000000000000000000000000000000000000000000000000000000000000000000000000000000000000000000000000000000000000000000000000000000000000000000000000000000000000000000000000
0000000000000000000000000000000000000000000000000000000000000000000000000000000000000000000000000000000000000000000000000000000000000000000000000000000000000000000000000000000000000000000000000000000000000000000000000000000000000000000000000000000000000000
0000000000000000000000000000000000000000000000000000000000000000000000000000000000000000000000000000000000000000000000000000000000000000000000000000000000000000000000000000000000000000000000000000000000000000000000000000000000000000000000000000000000000000
0000000000000000000000000000000000000000000000000000000000000000000000000000000000000000000000000000000000000000000000000000000000000000000000000000000000000000000000000000000000000000000000000000000000000000000000000000000000000000000000000000000000000000
0000000000000000000000000000000000000000000000000000000000000000000000000000000000000000000000000000000000000000000000000000000000000000000000000000000000000000000000000000000000000000000000000000000000000000000000000000000000000000000000000000000000000000
0000000000000000000000000000000000000000000000000000000000000000000000000000000000000000000000000000000000000000000000000000000000000000000000000000000000000000000000000000000000000000000000000000000000000000000000000000000000000000000000000000000000000000
0000000000000000000000000000000000000000000000000000000000000000000000000000000000000000000000000000000000000000000000000000000000000000000000000000000000000000000000000000000000000000000000000000000000000000000000000000000000000000000000000000000000000000
0000000000000000000000000000000000000000000000000000000000000000000000000000000000000000000000000000000000000000000000000000000000000000000000000000000000000000000000000000000000000000000000000000000000000000000000000000000000000000000000000000000000000000
0000000000000000000000000000000000000000000000000000000000000000000000000000000000000000000000000000000000000000000000000000000000000000000000000000000000000000000000000000000000000000000000000000000000000000000000000000000000000000000000000000000000000000
0000000000000000000000000000000000000000000000000000000000000000000000000000000000000000000000000000000000000000000000000000000000000000000000000000000000000000001111111111111111111111111110000000000000000000000000100000000000000000000000000000000000000000
0000000000000000000000000000000000000000000000000000000000000000000000000000000000000000000000000000000000000000000000000000000000111110111100000000000000000000001111111111111111111111111111110011111000111111111111111111000000000000000000000000000000000000
0000000000000000000000000000000000000000000000000000000000000000000000000000000000000000000000000000000000000000000000000001111111111111111111111111110000011100001111000111111111111111111111111111111111111111111111111111111111111111111111111110111110000000
0000000000000000000000000000000000000000000000000000000000000000000000000000000000000000000000000000000000000000000000001111111111111111111111111111110000011100000110001000111111111111111111111111111111111111111111111111111111111111111111111111111111000000
0000000000000000000000000000000000000000000000000000000000000000000000000000000000000000000000000001110000011111111111111111111111111111111111111111111000011100000111111110111111111111111111111111111111111111111111111111111111111111111011111111001111111000
0000000000000000000000000000000000000000000000000000000000000000000000000000000000000000000011111111111111111111111111111111111111111111111111111111111000001100000111111111111111111111100000011011111011111111111111111110111111011110110011111111110111111111
0000000000000000000000000000000000000000000000000000000000000000000000000000000011111111111111111111111111111111111111111111111111111111111111111111111000001100000111111111111100111111111111111111111111111111111111111111111111111111111100111111111111111111
0000000000000000000000000000000000000000000000000000000000000000000000111111111111111111111111111111111111111111111111111111111111111111111111111111111000001100000111111111011011011111111111111111111111111111111111111111111111111111111101111111011111110101
0000000000000000000000000000000000000000000000000000000000000011111111111111111111111111111111111111111111111111111111111111111111111111111111111111111000001000000111111111111111111111111111111111101111111111111111111111111111111111111111111001111110110111
0000000000000000000000000000000000000000000000000000000011111111111111111111111111111111111111111111111111111111111111111111111111111010111111111111111000001000001111111111101111111111111111111111111111111111111111111111100111111101111111111111111111111111
0000000000000000000000000000000000000000000000000000001111111111111111111111111111111111111111111111111111111111111111111111111111111110111111111111111000000000001111111111111111111111100111111111111111111111111111111111011111110101111111111111111111111111
0000000000000000000000000000000000000000000000000011111111111111111111111111111111111111111111111111111111111111111111111111111111111111111110111111111100000000001111111111111111111111111010001111111111111111111111111111000111100001110011111111111111111111
0000000000000000000000000000000000000000000000111111111111111111111111111111111111111111111111111111111111111110111111101111111111111111111111111111111000000100001101111111111111111111111111000111111010111111111111111110100101100001000010110001011011111111
0000000000000000000000000000000000000000111111111111111111111111111111111111111111111111111111111111111111111110100110011000011111111111111111111111111000000000001111111111111111111111111111111111111111111111111111111110000010110000000001100000001111111111
0000000000000000000000000000000000000011111111111111111111111111111111111111111111111111111111111111111111111111011111111111111111111111111111111111111000000000000111111010011111111111111111001111111111101011111111111000000100000110100000101011111111111111
0000000000000000000000000000000000111111111111111111111111111111111111111111111111111111111111111111111111111111111111111111111111111111111111111111111000000000001111111111111111111111111111000111111111111111010111111000000000000110000011111111111111111111
0000000000000000000000000000111111111101111111111111111111111111111111111111111111111101111111111111111111111111111111111111100111111111111111111111110000000000000000011111100111111111110000111111111111111001100010100000000011001000011111111111111111111111
0000000000000000000000000000111110101101111111111111111111111111111111111111111111111111111111111111111111111111111011111111000001111111111111111010000000000000000000000110000000010000000011111111111111011101100010010000000000001000011111111111111111111111
0000000000000000000000000111101101111111111111111111111111111001111111111111111111111111111111111000000000000000000011111100000000010010000000000000000000000000000000000000000000001000111111111111111011110000000011000000000000001011111111111111111111111111
0000000000000000011111111111111111111111111111111111111111110100000000000000000000111111111010000000000000000000000000000000000000000000000000000000000000000000000000000000000000110111111110111011110000000100000001000100001111111111111111111111111111111111
0000000000000000111111111111101111111111111101100000111101100000000000000000000000011001100000000000000000000000000000000000000000000000000000000000000000000000000000000000000000011111111111111011110100000100001000000000011111111111111111111111111111111111
0000000000000111111111111111111111111111110000000000000000000000000000000000000000000000000000000000000000000000000000000000000000000000000000000000000000001110100000011000000010111011010011111011100100000010111111000001111111111111111111111111111111111111
0000000000001111111111111111111111000000000000000000000000000000000000000000000000000000000000000000000000000000000000000000000000000000000000000000001000000000000100000000101101000000010010111110010101000000010000111111111111111111111111111111111111111111
0000000000011111111111111111111100000000000000000000000000000000000000000000000000000000000000000000000000000000000000000000000000000000000000100000001000000000110100000000111100000000010010111110010100000000000010111111111111111111111111111111111111111111
1111111111111111110111111000000000000000000000000000000000000000000000000000000000000000000000000000000000000000000000000000000000000000000000000000100001000000000000001110000111010100000001000111110100111111111111111111111111111111111111111111111111111111
1111111111111111111100000000000000000000001111111111111000000000000000000000000000000000000000001000000000000000000000000000000000000000000010011010001000111111001101000100000110001001000100000111111111111111111111111111111111111111111111111111111111111111
1111111111111111110000000000000000000011111111111111111111110100100000000000000000000000000000111100011111111110000000000000000000000000000010001110011001011111001000001101000110011000000010000111111111111111111111111111111111111111111111111111111111111111
1111111000000000000011110111111111111111111111111111111111111111111111111111111000011111111111111111111111111111111100000000000000000000000100111000000100001100000100000000000000000011000101111111111111111111111111111111111111111111111111111111111111111111
1111111111111111111111111111111111111111111111111111111111111111111111111111111111111111111001111111111111111111111111110000010000000000000000011010000000001000010000000010010010000001111111111111111111111111111111111000000011111111111111111111111111111111
1111111111111011111111111111111111111111111111111111111111111111111111111111111111111111111111111101111111111111111111111000011100010011000000000001100000000000000000000001000001111111111111111111111111111111111111111000011111111111111111111111111111111111
1111111111111111111111111111111111111111111111111111111111111111111111111111111101111111111111111111111111111111111111111100010000110010000000000001000100000000000000000001001111111111111111111111111111111111111111111111111111111111111111111111111111111111
1111111111111111111111111111111111111111111111111111111111111111111111111111000111111100111111111111110111111111111111111001000000000000000001000000001101111111111111111111111111111111111111111111111111111111111111101111111111111111111111111111111111111111
1111111111111111110111111111111111111111111111111111111111111111111111111111111111110111111111111111111100101111111111111111000010001110111111111111111111111111111111111111111111111111111111111111111111111111111111000111111111111111111111111111111111111111
1111111111111111111111111111111111111111111111111111111111111111111111111111111111111111111111111111111111111111111111111110000011111111111111111111111111111111111111111111111111111111111111111111111111111111111111001111111111111111111111111111111111111111
1111111111111111111111110111111111111111111111111111111111111111111111111111110011111111111111111111011111111111111111111001101111111111111111111111111111111011111111111111111111111111111111111111111111111111111111111111111111111111111111111111111111111111
1111111111111111111111111111111111111111111111111111111111111111111111111111110111111111111111111111111111111111111100111111111111111111111111111111111111111111111111111111111111111111111111111011111111111111111111111111111111111111111111111111111111111111
1111111111111111111111111111111111111111111111111111111111111111111111111111111111111111111111111110111111111011111100111111111111111111111111110111111111111111111111111111111111111111111111111111111111111111111111111111111111111111111111111111111111111111
1111111111111111111111111111111111111111111111111111111111111111111111111111111111111111111111111111111111111111111111111111111111111111111111111111111001111111110111111111111111111111111111111111111111111110111111111111111111111111111111111111111111111111
0111111111111111111111111111111111111111111111111111111111111111111111111111111111111111111111111111111111111111111111101111111111111111111111111111111011011111111111111111111111111111111111111111111111111110011111111111111111111111111111111111111111111111
1111111111101111111111111111111111111111111111111111111111111111111111111111111111111111111111111111111111111111111111111110111111111111111111111110111110010000001111111111111111111111111111111111111111111110111111111111111111111111111111111100011011110111
1111111000100111111111111111111111111111111111111111111111111111111111111111111111110111111111111111111111111111111111111111111111111111111111111111001110110011111111111111111111111111111111111111111111111111111111111111111111111111111111111111111000110011
1111111111101111111111111111111111111111111111111111111111111110001111100111111111111111111111111111111111110111111000011111111111111111111111111111111111101111111111110111111111111111111111111111111111111111111111111111111111111111111111111111111111111111
1111111111111111111111111111111111111111111111111111111111111000101110011011111111111111111111111111011111110110001001011111111111111111111111111111111111101111111111111111111111111111111111111111111111111111111111111111111111111111111111111111111111111111
1111111111111111111111111111111111111111111111111111111111010011111111111111111111111111111111111111110001011100000011111111111101111011111111111111111111011111111111111111111111111111111111111111111111111111111111111111111111111111111111111111111111111111
1111111111111111111111110100111111111111111111111111011111111111111111111111111111111111111111111111110011111111111011111000000001111111111110111111111111111111111111111111111111111111111111111111111111111111111111111111111111111111111111111111111111111111
