1
20
2
-12 -50
75 25
4
-68 -32 -25 -80
72 5 33 84
-47 -29 -3 -59
-87 -88 66 -27
8
-77 -44 26 -69 61 -26 -37 -23
-100 96 23 -60 -54 -50 66 -70
18 -59 -97 -10 -2 36 -25 51
60 72 45 73 84 11 98 60
67 25 91 -20 99 -46 10 51
-50 85 43 -52 -65 9 -69 53
2 -66 -56 -100 22 -29 4 -18
-57 -51 -93 79 60 -94 39 -21
16
-17 -17 11 -66 37 -79 85 40 58 28 40 93 90 71 -1 -8
57 43 -55 -20 -86 1 62 -91 50 70 88 -38 28 -20 -7 -89
63 56 -55 -48 78 82 44 -12 -38 -15 -18 -48 -92 81 -3 66
-24 42 98 -58 95 60 -49 45 -18 91 59 -90 -29 -48 73 86
-92 -82 -61 38 -100 83 -73 -85 -80 -39 -33 81 94 64 47 -30
-42 45 -36 -47 -43 15 50 40 -42 9 2 -18 13 -24 -32 -26
-54 -41 64 99 95 43 -86 67 -96 -67 48 50 50 -5 -80 60
92 -16 66 -98 51 16 -6 62 78 96 96 -57 -76 -84 17 -77
-24 -66 -78 -77 77 88 90 82 -79 39 32 71 86 5 32 31
41 -2 33 -55 66 -73 -93 -4 75 -97 40 -100 71 -91 -77 -53
-57 97 -78 -79 85 -87 55 -94 4 -61 30 -58 44 -38 73 -62
12 -42 -65 -22 -15 -58 27 -87 97 -33 65 68 -72 40 68 -28
37 90 -55 22 55 52 -20 -89 91 -90 -46 -12 -76 -73 -22 -12
-14 13 19 23 7 -54 -12 -44 13 -47 -76 -7 93 44 17 30
-13 62 -96 94 -34 -63 -94 -42 -53 -40 -2 -76 -61 76 12 -23
-11 -69 -99 96 -23 -11 -48 42 -5 -72 -64 -12 25 53 -81 64
32
-32 75 58 34 -88 64 44 -88 -76 94 -64 -84 70 48 -7 -89 32 -54 -93 -91 36 -89 52 -69 92 40 -29 17 -55 -58 -19 -35
-82 -61 52 82 56 -4 94 32 -57 -70 48 -87 31 -58 -75 -37 -12 84 -76 76 48 76 59 40 -32 -69 -91 14 -75 -58 79 -57
-67 31 -74 89 80 72 -26 -77 -97 74 88 -14 68 65 49 -43 2 73 85 -98 2 -3 42 22 -20 3 88 5 45 68 1 30
-49 -21 20 83 -49 46 58 -94 20 -1 -8 -11 -36 93 -2 18 19 -65 20 73 32 -86 -5 64 17 -16 -30 -86 -96 23 45 -93
-98 -83 43 -47 63 1 -88 -17 -100 4 24 -83 -50 -78 35 69 -42 -44 42 42 -30 89 7 40 -27 29 54 -71 -96 -1 -63 -94
16 80 -89 -21 -67 -77 15 86 -20 -61 -97 30 -86 -10 -1 -28 46 93 -86 69 82 -27 9 -92 54 -85 -63 58 15 -74 64 83
58 28 -85 92 51 -18 78 83 21 33 13 35 -77 -88 59 22 57 26 -9 40 51 52 0 6 19 37 -36 -66 64 81 70 22
9 37 -34 -88 -81 -56 96 40 29 9 -72 53 -26 39 -25 -69 -35 18 23 -83 -78 -77 -25 41 13 39 28 -71 -28 -2 3 81
-65 70 46 -46 66 42 46 -4 -97 26 -51 -71 -82 -24 -87 -17 94 36 -48 68 12 27 9 77 -81 -63 -94 -9 -13 9 -75 -26
-69 71 -20 98 -35 79 -6 -80 5 -5 -50 23 23 -37 59 17 51 63 -15 -85 -57 46 92 -38 84 98 5 -77 8 -18 -2 -9
-47 78 -11 -30 57 35 -9 -85 82 41 -10 5 56 -51 -78 7 65 -41 23 -92 58 15 -78 -6 -34 -21 17 74 62 -85 -83 67
46 7 -62 -45 94 29 -30 77 -78 13 -18 78 62 -43 -15 -21 -32 60 -13 -74 -72 -39 20 -6 41 -62 -80 3 -95 -63 -30 3
44 -40 59 39 89 81 16 63 -6 50 41 -91 -93 79 -12 -24 -9 28 -46 19 89 75 -87 30 65 -67 85 22 -29 -92 -74 67
-32 85 -42 -90 66 26 25 -39 -23 -33 -30 -64 98 10 -36 -11 -62 19 -91 -72 -54 -78 10 -89 -92 -4 33 -69 -44 11 98 -24
-4 -91 -14 -85 35 -88 -24 64 -69 -2 -99 -71 -92 -83 18 99 36 -21 -73 34 -46 37 45 -38 85 -69 -55 -59 42 -57 18 91
-96 56 -94 40 20 -66 -44 51 32 -43 32 -8 -25 -97 -9 63 -18 -30 -2 -12 60 95 50 45 -74 95 39 21 91 -43 12 95
65 -30 -13 -14 4 44 89 88 53 -26 -68 80 -23 -24 44 11 46 94 -100 6 89 2 -96 68 -50 43 -11 -59 52 53 88 17
-77 -72 55 27 24 45 -33 -23 -81 -1 -42 -52 75 54 59 22 48 59 80 37 -86 84 5 -36 -21 46 -43 -69 -1 97 49 -26
-75 4 53 49 -99 -80 79 72 20 -63 -80 -5 91 80 69 39 -9 2 -72 5 -62 34 21 18 -68 78 49 32 76 -50 58 -99
7 12 3 -40 32 -18 -67 -48 -29 -47 0 -38 85 -79 53 -71 23 33 -14 62 -81 -92 -20 -48 38 81 36 14 84 -6 -32 -9
-94 23 51 -9 -95 84 -5 -24 90 47 -10 27 69 95 56 -8 28 95 -94 48 55 -14 -100 -7 -80 -12 60 -96 82 -72 -5 41
3 98 84 8 35 -21 36 -23 -73 78 -96 96 73 13 -60 -47 -40 -53 53 -85 -15 5 8 -43 93 -80 -39 76 -52 8 -31 3
-41 -47 -89 94 -16 -1 -29 11 -23 -73 -41 -98 40 -48 -92 -100 -1 61 67 36 -33 -72 94 -40 -52 -93 88 -51 16 -91 52 75
-38 64 21 -1 -85 44 -90 -55 71 -78 -53 -36 -26 -45 -84 25 69 84 -39 -64 -88 -93 -52 -88 -85 89 -39 -17 98 -86 -90 -87
30 31 12 45 -25 -26 90 98 -52 90 -38 22 97 -69 -53 66 67 9 54 79 16 55 91 -17 44 -95 66 -6 -81 76 -41 49
7 23 -54 34 50 89 -15 98 79 -1 21 76 30 68 -5 -3 -71 -51 -72 -2 -96 -80 81 0 77 0 95 96 -24 -94 -3 36
30 43 -78 -20 32 7 -22 -37 -93 51 -60 37 -28 -13 -65 -47 -12 -37 51 -7 -65 -15 45 -88 85 -8 60 -87 -1 -43 49 81
-99 72 -39 -15 -21 -9 49 -14 -57 41 76 -33 -72 63 20 16 78 -28 61 66 9 -41 30 -54 51 -9 -89 -50 48 61 -69 1
-15 -56 39 16 36 -12 55 31 81 31 98 61 -54 18 -71 -76 42 43 90 -97 -98 21 -51 53 -88 -39 56 12 74 87 66 -89
84 5 27 -28 45 -18 -97 -22 65 53 -61 -89 -77 -32 88 66 63 78 69 65 -1 71 19 -37 84 -25 28 10 -86 -6 21 50
99 -52 -78 -4 -17 -75 74 -100 30 65 64 54 85 52 20 49 -18 -59 14 82 64 85 97 48 -88 25 -90 79 -81 31 29 70
32 52 -82 67 29 92 67 -40 57 -17 -86 43 -65 -14 -8 18 -21 58 -48 -56 44 -99 44 56 27 55 -13 -2 -62 -83 -79 70
64
69 -61 37 -50 84 -43 10 41 40 -24 -64 28 14 -20 98 46 -61 -98 90 35 -97 -14 -57 -18 93 31 81 -68 48 -98 54 -31 93 -56 19 77 1 82 -29 93 -90 7 21 -23 40 -29 -77 79 -27 65 -34 -71 -97 9 11 97 92 -56 81 -8 98 -13 61 92
31 -67 69 84 67 92 78 29 0 -49 -94 92 23 81 23 48 46 89 77 50 -50 -11 -1 -57 33 -68 35 32 19 -51 -24 -49 -66 97 -65 53 90 65 -18 -58 -83 -59 -66 40 -78 57 -12 21 -2 -34 -77 48 7 -26 43 92 6 -69 -24 -75 -20 52 -72 14
50 -84 -81 -8 81 1 34 50 -6 20 -10 -31 -71 31 90 27 49 65 -73 -92 -61 23 -100 45 54 -23 22 -66 -71 3 0 31 19 19 -77 -48 72 9 -97 -33 81 -55 36 -90 28 -22 -11 -23 -57 -31 -63 -66 92 -62 79 46 15 -47 32 -4 56 84 80 -25
3 55 -20 -73 -35 -65 -6 -54 -20 82 -91 61 -88 -50 90 -45 19 -72 -11 11 -34 -80 -91 33 -26 41 -71 82 25 61 -90 80 17 -10 -92 82 25 -46 80 57 -63 41 18 -51 92 9 -43 -37 -11 -2 75 55 -29 84 -60 -3 -22 -79 -21 -97 83 -11 84 0
31 92 -66 -92 98 -86 66 87 8 -64 -63 -48 -3 -54 15 86 -4 -10 -7 67 -73 33 -36 5 55 -4 8 38 37 -56 90 -31 88 -76 -71 87 90 47 74 -2 84 63 50 -67 61 -34 72 -42 8 -83 77 35 51 94 92 -42 -10 -47 48 79 -51 38 -52 -62
14 -70 77 4 77 51 -97 13 -33 5 47 -72 23 -29 -62 -68 -12 -84 19 91 62 -36 -51 -96 17 49 83 66 -61 84 56 53 -86 33 -42 91 -63 -87 5 4 -30 -48 -16 94 -25 -25 -74 63 -57 -3 55 -95 61 56 -91 -70 6 44 49 -3 28 5 -49 42
-61 -39 34 -24 -74 91 32 -4 95 68 -58 -30 -57 -80 -67 -14 18 40 -57 -69 -3 -96 -38 -97 49 -89 -48 -23 -32 3 -80 -41 16 6 35 42 -3 -81 91 -8 88 -67 14 83 -46 47 -78 72 -12 -35 55 85 -30 -83 40 -81 80 92 -52 -99 -52 -80 -40 64
26 48 -41 75 67 -50 -81 7 -17 33 -9 37 -19 -35 -39 21 30 -83 -42 52 86 50 23 19 -6 72 20 42 44 80 -41 -29 28 18 98 -52 20 -82 55 55 51 98 -55 84 -37 6 5 46 -25 15 -50 -86 -35 26 33 60 -50 -95 -46 94 37 -35 -35 -82
35 -36 -82 -45 -66 25 63 85 24 -92 22 39 14 -73 -63 42 -5 -12 56 60 66 -59 -28 -84 98 -21 -90 -13 44 -72 5 -68 -56 23 -61 -22 -99 -98 -85 25 -90 37 -84 25 65 -94 -81 -40 -54 27 72 -88 68 97 -72 18 -24 -62 -95 72 -34 -37 -96 10
86 -56 88 39 -54 -96 -36 -43 41 -67 34 -42 91 53 -30 -63 -20 95 -51 -100 92 -23 18 -80 -33 -25 92 34 38 97 96 -23 93 37 -84 -61 -7 -67 -52 86 -82 82 97 -91 -13 -33 -54 19 -86 -53 -29 58 -24 41 78 43 -83 71 -71 55 20 78 84 13
15 -99 52 -92 -66 53 94 -48 35 43 -39 75 -89 -41 -54 77 6 18 36 82 -89 14 25 -72 -63 7 36 57 -15 20 -30 -100 -27 75 60 -41 28 6 11 -85 -50 24 42 -87 83 89 90 -59 -41 -22 -77 -30 45 1 -49 82 60 39 40 -55 -89 62 97 -63
-11 9 -4 -83 -85 -92 85 -83 -16 -21 -70 -80 -80 73 -39 -21 -49 -15 2 96 38 5 31 -2 96 -29 -5 59 85 -8 96 -25 -99 -7 -56 68 -47 -71 86 37 -39 -84 57 -19 41 71 61 45 -92 -85 -7 46 -28 -76 96 -32 -53 -9 -73 -67 83 -76 8 36
-31 4 4 22 34 -10 -89 95 -41 69 -72 -100 -8 89 -3 0 56 91 -54 -72 -85 -58 -52 -85 33 -72 -52 -32 -96 8 -96 -27 -88 8 95 -2 51 -94 -55 -90 27 -26 62 71 -85 -88 -29 72 -97 -31 52 70 11 53 85 96 81 85 -36 37 -55 -80 -90 -42
-19 57 8 -68 15 54 94 95 -72 8 66 -57 20 -62 67 -25 7 -28 -54 71 77 83 19 10 21 36 -53 66 56 -91 -76 -63 66 33 -79 -67 -61 -85 -72 -33 24 47 -38 96 85 82 -28 -56 -94 -30 -85 83 -47 -13 -7 26 -77 -8 -7 79 1 -31 69 -33
54 90 -48 93 -94 -19 -88 -18 80 -73 -22 65 61 2 61 67 72 29 50 78 -84 95 4 -61 -13 97 70 88 -33 39 -93 -79 30 -89 67 -12 -56 79 70 -76 -94 -100 41 67 3 3 -14 -73 -68 88 -95 -100 83 10 -61 -78 7 -91 62 26 1 21 0 -69
33 -33 19 77 -54 -59 -98 -95 93 43 24 -4 -54 -89 24 -70 51 29 -70 -13 91 -79 9 -49 83 -76 77 -16 45 -71 -33 -22 -4 86 -92 -5 79 -90 -48 72 5 28 -31 4 -9 45 34 -57 -74 17 30 70 -10 -61 -79 -27 -37 50 9 61 80 76 -61 -72
14 99 23 -7 -91 27 -34 -33 -44 -13 71 47 84 -43 90 62 26 20 32 -83 12 53 -58 27 4 4 -12 -64 -20 -20 -36 95 -21 40 -60 -59 -33 -42 8 23 45 -21 -77 -19 36 65 -56 -37 -14 76 -68 50 -18 -74 -71 86 30 -30 -78 -89 50 -62 58 81
78 50 -78 -54 -91 -18 21 54 61 44 88 -50 10 -68 -35 48 60 -51 -50 -58 -25 -21 80 -94 1 -98 69 -49 93 -21 85 71 -71 59 -83 -62 -58 -9 45 55 87 33 -95 -51 17 -78 97 -23 -29 99 20 47 -69 0 5 32 -45 -26 36 -52 53 21 71 82
-68 41 73 -26 -68 18 -70 -81 -49 87 -31 20 -90 -82 97 -67 70 -31 80 -99 70 -63 -15 77 -37 73 77 -84 -6 48 51 -21 -59 -24 53 -27 94 83 -55 97 23 -34 17 33 -64 14 66 -94 36 -1 59 -42 -12 -55 -65 52 -82 64 20 -35 -36 -77 44 6
-1 -3 31 -7 -67 76 -58 56 -58 59 -59 -21 -74 59 -63 62 -90 97 -80 -1 -58 -93 -49 -88 23 71 -71 87 47 73 -55 -54 -77 77 40 -92 5 82 16 48 -6 57 79 20 -32 68 -66 -21 65 -94 78 59 -87 81 24 36 4 53 -25 -49 27 21 -2 2
-2 90 10 -97 24 -74 3 70 83 -66 -58 -97 -97 -24 -18 20 -66 -88 -68 -53 93 56 35 -2 9 -89 1 88 -16 51 -10 34 41 -100 37 -82 -74 93 40 61 79 83 65 34 -89 99 -45 -54 -88 -61 -7 -95 95 81 -45 -44 44 9 -55 -72 -40 35 14 54
36 -97 24 14 96 -36 -72 28 -53 93 -38 -41 44 -31 5 56 8 50 62 -45 31 69 12 -73 -22 57 -93 39 -8 21 -55 80 25 69 -5 -27 -67 -25 -99 -19 -80 -36 -8 64 -15 97 21 94 -1 -65 -51 -69 -96 13 -90 -65 -30 -82 26 15 -9 71 -5 -84
-8 42 -10 25 -83 -9 58 -63 7 -50 -98 93 99 -25 39 -1 10 40 -18 -34 -46 -8 1 24 -38 79 -61 54 2 -13 22 94 -71 -88 -28 99 -44 -70 88 15 -67 90 -40 -68 -35 99 31 27 40 -87 94 46 -42 -53 -78 20 79 -86 -74 -19 1 49 -72 -18
13 0 -19 69 30 -30 -63 15 -88 -3 48 -70 -3 -69 57 89 -55 51 -13 -45 51 9 75 30 23 54 -89 -76 3 91 7 -84 -9 40 38 74 62 75 -11 75 -28 89 -95 21 -79 62 -38 -82 -34 49 -27 69 -41 -100 -1 34 54 -38 11 -43 -46 70 -74 45
10 64 -29 -27 39 61 -52 63 50 -95 -15 23 19 -1 41 85 -51 -86 54 -40 67 -95 46 21 -32 -43 31 -26 -73 57 -81 -10 -27 -57 63 64 -96 63 27 6 20 64 -70 -61 -36 23 -75 -35 38 31 -23 5 37 -77 78 57 -19 9 -69 -40 -82 -98 50 -57
-55 -35 -93 -99 -72 35 -40 48 -49 -58 40 15 65 17 32 3 -52 -91 60 37 85 -9 -54 -82 52 -23 -22 23 -68 81 66 -23 -54 74 -69 -73 9 -9 27 60 33 -33 -72 -2 84 60 54 -67 22 -34 22 7 57 69 -23 10 98 55 -67 -70 -12 51 -40 35
25 -9 62 86 34 -11 -1 -33 57 27 17 -7 -61 -77 -22 13 -10 -99 72 99 22 -51 -39 20 57 -54 51 -55 98 63 80 23 -46 -6 10 40 36 -91 -93 -55 -12 -24 38 -21 0 -83 93 42 -82 65 -7 40 -85 55 -88 24 53 15 69 51 -22 2 -25 -16
48 37 -76 -16 -2 83 29 38 -88 -80 -83 -36 -63 -90 -94 -93 76 -49 -1 43 -94 11 -81 60 79 40 -37 -43 -58 -10 -6 43 -73 18 -73 -23 -46 9 -85 -34 -19 -67 30 18 95 -12 -23 23 39 76 -82 -2 -61 -63 -90 -82 78 -27 -72 72 64 22 15 43
92 -5 73 98 56 88 -36 -63 73 46 55 69 86 -68 -56 26 60 -37 76 99 0 86 70 -22 -89 98 -97 75 20 18 -29 -36 65 -56 -37 21 84 -21 10 10 -74 -83 -21 -88 -99 23 -10 61 38 -34 13 -61 -96 -17 -31 -84 -19 -28 43 53 43 -86 69 8
-90 -68 82 47 -36 -8 -43 -10 10 -12 -46 -37 63 -3 -75 2 15 38 41 20 73 62 -12 -94 -65 -69 59 30 98 28 90 60 13 72 7 77 -83 64 -81 -21 -48 -75 42 -84 -26 19 -30 90 -43 -89 -38 82 73 50 88 60 33 47 -10 -17 -72 -19 -56 -7
-95 51 -78 74 -32 93 -47 -28 70 48 -60 -55 -33 10 -65 -23 -27 -51 -41 99 51 -52 59 -16 47 -98 68 27 -65 64 -80 -60 -33 94 -85 35 87 -80 -92 58 68 -52 55 -64 11 42 13 84 91 72 83 42 72 -5 78 20 -3 -2 -53 32 -38 -80 24 30
-86 -9 -83 54 -36 77 -36 -68 -74 -81 -80 37 13 -15 -27 4 -42 -43 98 82 52 76 2 -99 -73 2 -15 -11 22 -91 71 36 -47 89 -58 17 66 6 1 44 25 22 -67 -62 -93 7 -6 -83 64 -56 -100 -32 73 -46 -31 -100 56 54 -11 -22 15 -87 67 20
54 -91 -63 20 16 39 -83 93 -87 -98 84 -80 9 -70 90 -75 -25 90 -55 -52 96 14 -52 53 -80 -11 83 -12 2 50 -92 -44 60 98 29 -72 -11 -2 73 2 0 57 -26 62 40 -36 87 -85 -94 -67 -37 -97 -1 -37 56 -28 52 39 60 -93 -58 20 -85 54
18 -4 82 59 94 55 -39 -5 -35 -12 -43 -95 52 96 -80 11 81 -65 14 -67 -50 -78 5 54 13 -83 61 7 37 29 -39 -92 -75 -57 67 -80 51 81 -33 -84 -31 -24 -79 73 -76 93 -16 -94 80 50 91 -70 24 -52 84 90 -35 -2 -3 54 79 59 62 -96
54 -18 76 5 -37 95 21 -16 -29 -6 -43 -4 -13 -6 -46 -81 96 97 -51 -27 -55 86 -37 10 -64 12 -84 -85 -29 79 71 -74 -87 48 31 -24 -5 -95 60 67 -49 69 -85 -9 -85 -79 10 -88 -82 12 -15 -85 -2 0 -23 -14 -88 -7 -47 -64 -76 -76 -38 -63
24 45 -35 -80 2 77 39 54 47 6 97 14 -21 7 26 -3 -81 63 -36 -31 -85 41 7 80 -66 60 -84 -89 37 -70 -52 -87 27 -34 85 -70 -57 -24 36 42 82 33 -43 -39 92 83 10 64 -1 74 85 -34 -33 -7 -54 -46 -95 -38 -35 42 -8 -35 8 -80
31 -7 -98 75 70 -10 17 4 75 74 18 67 10 -72 -17 61 55 -31 -73 74 62 -26 -72 67 36 -7 -38 81 59 70 -99 -10 -37 55 -35 85 97 35 -58 72 9 60 -9 -81 88 75 80 -5 -56 -92 -30 58 -66 -2 -23 70 44 39 51 3 9 4 45 25
-89 -89 -38 -92 -2 4 32 -93 -36 -76 79 -95 51 11 0 95 -29 22 5 5 -79 82 -72 17 22 31 -80 83 88 65 -40 99 28 23 60 -74 79 -8 86 -56 -32 17 -99 -81 -72 1 66 0 76 -29 57 49 -46 85 -34 28 17 -14 11 -43 -97 72 -44 -16
-53 68 -38 -74 -39 -100 -78 -19 17 -77 1 46 -23 -33 98 -47 39 55 -98 45 -7 -32 -27 62 6 84 -81 -39 8 -73 -3 55 96 60 82 -91 60 -96 -10 -22 80 91 76 -43 -89 74 10 50 -19 -36 -5 74 32 68 -12 90 4 7 -97 -87 -13 1 20 -17
-39 -46 -56 73 -89 34 -97 91 -22 31 -52 -59 -43 10 91 39 74 -62 -35 -42 58 54 -52 -86 -87 -49 -73 0 52 0 35 65 54 79 -9 65 -34 -54 8 -4 78 56 37 -65 -34 -20 26 92 18 92 -50 -72 -2 -50 -58 11 2 -78 64 -94 22 -1 24 -72
-21 -85 46 -3 -39 -46 93 91 -89 30 -73 -71 -90 5 74 -20 -3 -76 8 95 -25 2 -41 29 24 -77 35 98 22 -89 -73 53 -74 73 -98 -60 79 95 83 42 -23 62 24 -61 -32 -2 -29 65 22 79 13 49 -66 24 -22 10 47 66 9 -79 77 -12 27 56
-87 29 48 92 -23 31 35 54 -6 -89 46 62 9 -83 -21 83 49 92 33 83 -32 63 -7 -85 -19 54 89 -89 -58 -32 67 -93 97 -33 52 -74 98 -61 33 -56 -50 -21 58 59 -4 -62 42 97 82 -73 80 -49 43 -26 -82 -76 80 -93 87 -77 -73 54 82 77
73 34 -97 24 73 36 68 -77 -85 27 82 -36 17 -23 -39 -49 -44 94 2 99 -80 -27 76 -100 -68 63 75 -40 -30 58 -63 -57 -8 -60 67 -34 29 -12 -59 -4 67 -76 60 -64 -47 74 -13 9 68 42 -39 88 -85 -63 88 -53 52 64 -41 -78 -26 -4 -82 66
-11 37 84 -82 77 -74 14 44 -98 -25 80 -93 -99 -80 16 69 62 77 9 29 66 -51 76 19 65 -64 -7 -61 -16 11 58 73 -99 42 91 78 20 6 -25 -26 33 -93 -19 -14 -73 50 -93 41 -21 16 -30 -54 65 -53 17 -17 -65 62 22 19 -74 -20 -55 -73
75 -64 -95 -5 -6 -68 70 79 -60 -97 -35 -33 53 -28 -91 -67 40 -21 -69 -42 -22 48 41 13 10 -37 85 36 -4 -70 15 -29 -82 -27 18 13 5 -60 -56 45 -56 10 65 49 34 74 82 -25 -95 -87 33 -16 13 -74 49 76 -11 -14 -36 37 16 80 60 -13
-47 -21 52 10 -29 96 -44 15 -42 -79 -83 93 47 99 -80 52 65 5 -64 -22 31 38 -46 72 -76 19 -38 -7 -49 -78 80 4 1 -16 -86 25 -20 -78 92 -9 -57 -91 -64 42 -91 -44 -5 74 13 -17 -96 96 -79 -89 20 98 -18 82 -9 33 -95 -77 89 -42
7 55 83 39 78 76 -70 73 85 -34 16 46 -26 63 -28 39 -54 -71 35 -32 -60 -44 -34 22 90 9 -93 95 -16 48 -94 91 3 89 -18 -67 17 13 59 -45 31 -73 -99 58 90 -74 -3 88 -45 -67 -92 -5 -59 -74 69 -69 35 28 79 -81 -24 85 62 79
26 -55 65 -56 10 24 -1 93 3 -48 51 -7 -22 -51 -19 33 -66 -10 80 -73 16 49 -42 -96 -71 -63 75 5 74 38 -63 1 35 -98 45 97 -22 96 42 81 -52 -6 -26 -21 -5 7 -88 -19 49 93 8 -82 -6 18 74 24 56 49 -71 30 -61 -34 83 26
-80 28 -25 -2 -24 -82 -21 -23 -36 5 56 11 65 68 92 -34 13 -48 -64 60 70 -90 -16 -22 12 -35 61 51 -16 44 -70 4 -75 5 55 -47 -25 86 30 39 -56 -14 -50 -91 -93 94 -73 20 98 -36 -68 69 -26 16 99 86 34 60 -10 -82 -43 -28 -26 -66
77 -71 -13 -95 68 -82 44 -88 -44 47 -79 -37 -7 -100 36 -8 -36 68 -87 39 -63 -88 -23 71 25 19 89 34 91 -85 68 21 97 -93 26 65 -75 -78 77 -66 21 50 -3 67 50 85 -41 -85 6 -28 6 43 -64 35 14 61 -45 -45 -53 98 -30 -85 -29 -81
-77 49 84 -100 72 61 -66 -55 -37 -16 -88 -86 -31 -77 81 27 -53 -61 -30 -16 74 36 97 81 91 -55 32 -86 -88 -97 -67 87 53 -82 40 -23 31 26 22 47 -90 -13 61 -68 -38 -6 59 10 33 82 94 -41 18 43 -59 -38 40 73 -24 53 28 -39 -8 -19
-69 -68 58 63 11 -67 10 21 -28 -77 5 34 17 -83 96 -98 51 90 -39 -31 -14 -46 31 -74 79 -93 31 8 -79 -76 41 -48 -92 -48 -85 19 -63 -23 93 -39 0 -50 95 69 -81 92 23 70 34 37 -60 72 91 71 99 23 31 -18 83 52 -42 -24 -96 -33
28 72 38 17 -99 31 78 -46 34 26 75 53 18 -1 24 -96 -64 16 77 79 -61 28 -46 70 -90 89 -26 -79 -34 -69 -12 46 55 78 -36 56 -38 -58 -90 96 68 86 1 -62 -63 -75 95 -75 -7 72 -96 33 -48 -89 3 -86 -100 30 -65 -34 13 -25 -87 -32
-46 -71 76 16 -29 87 -36 92 25 65 82 62 43 77 39 -64 49 43 69 53 6 -75 68 7 55 -97 25 -32 -21 -10 -12 -15 19 -36 -99 43 -97 -83 35 -20 82 17 -58 25 -53 33 14 48 -71 -17 2 35 8 -30 94 -85 -75 20 -65 -44 62 23 41 -18
40 -6 77 43 11 -36 -76 -54 33 -82 23 80 52 -63 29 81 21 -69 -32 81 -47 -37 97 -70 35 -68 -13 -3 8 80 31 -52 -73 8 43 -10 24 19 36 -42 -10 -88 -62 94 -51 67 27 70 50 95 52 -97 -90 1 -66 45 33 -27 95 93 -95 -22 93 -68
39 37 -25 -37 -92 63 21 -50 75 12 -56 -75 -21 71 47 82 19 -49 85 29 52 71 -73 -62 96 74 -69 -98 -48 -75 86 43 14 -39 -93 -26 77 -20 25 52 92 69 77 -76 -7 -23 -94 64 28 43 -7 -67 -33 -28 -29 -37 98 -46 -83 -49 -21 56 94 45
69 53 -80 46 -66 45 -1 -74 -34 -72 -98 59 5 -92 23 86 52 69 -81 -81 93 -10 -66 92 44 -48 95 76 -92 41 21 77 -5 -7 -24 -19 -62 75 -41 5 -97 -38 -84 -39 -30 40 -53 74 -39 -34 93 -46 8 80 98 -96 -68 93 80 92 -13 -46 21 34
47 97 -85 38 24 -74 95 -20 -12 -89 41 11 3 88 -15 16 -94 -69 23 14 -89 21 18 95 -33 -49 39 54 5 -40 -12 -96 -90 -45 42 34 -19 -11 -86 70 1 55 -67 56 -5 18 -27 -47 1 96 19 -36 -31 -62 -41 36 -59 98 -10 46 -89 30 2 -79
85 -55 55 -33 34 22 89 87 -23 74 -4 25 -56 21 78 46 17 -2 62 38 -12 -78 -25 29 72 17 -73 35 -52 -19 56 85 26 -36 -96 -87 86 45 52 -85 19 -52 40 64 21 19 -38 90 69 -76 29 -91 98 -96 38 23 21 17 -42 21 98 -85 7 -23
-21 11 -58 -83 -43 46 -68 76 47 73 -8 -32 -56 54 -41 65 31 88 74 29 44 -36 -48 -35 81 11 39 31 -22 -54 -92 9 9 -98 26 18 49 58 -53 -4 31 39 16 27 -54 75 -8 77 63 -34 -42 -41 30 -37 25 -37 26 -84 95 -96 -86 55 13 23
58 91 94 -41 49 -59 7 -67 32 -77 60 78 99 -47 7 14 -29 18 74 -98 81 -49 -35 7 -81 -88 11 -67 68 76 8 -22 67 2 37 -32 43 -56 1 -24 -33 -86 -94 -82 -81 14 -15 -10 -68 -41 -56 65 -38 -38 -28 -19 -26 35 14 94 -37 74 -28 82
-23 -91 -50 -80 -95 4 -52 -75 -30 -45 -57 -11 21 28 31 5 39 28 -30 53 42 -6 -66 -84 -71 0 63 -56 -25 -65 -74 52 97 -72 24 -98 32 25 -73 54 32 -29 -57 -47 51 27 10 -57 -93 32 96 49 -74 -69 17 -93 -17 -20 -49 10 16 -23 -38 13
-43 39 15 90 -84 -5 44 48 66 40 53 -31 -81 -37 12 -74 95 9 27 73 -8 -56 32 27 25 83 -62 93 -88 -48 -42 -31 91 73 -89 59 -80 8 7 38 -100 -40 -92 -81 -25 -28 97 -78 81 24 95 -75 68 -21 53 -55 -38 91 -62 -74 -57 -4 -52 87
-78 -89 46 -58 19 -94 81 -29 -34 41 -10 42 -87 -61 16 47 63 -36 72 -16 43 -23 29 -94 -80 20 84 -36 -84 -68 -97 90 96 1 85 15 7 18 39 26 -41 -71 -80 -76 -79 36 71 84 -100 -4 -80 44 25 50 2 46 -30 -14 62 -62 -29 65 81 -33
100
-82 66 34 -22 -64 -27 -96 -53 -45 -76 -29 -24 60 95 -88 13 -57 -67 -43 68 35 59 14 57 97 -24 47 -80 93 28 -61 -88 -54 26 -58 -18 51 -54 -19 58 -78 53 86 34 0 99 -53 43 84 -44 11 19 67 -74 -24 65 2 75 37 -52 4 77 -88 2 3 -46 37 -46 0 -82 -87 -26 71 51 -92 -29 50 -44 -86 -14 12 -22 -95 -20 4 -67 97 58 -91 34 -94 -35 -37 70 67 66 -76 4 73 -24
23 38 50 -54 -11 59 -30 92 67 -64 -22 -69 14 -64 11 70 -31 -40 29 -70 47 -13 -5 -90 -90 -85 29 -66 19 2 -37 94 92 65 -59 -67 24 -37 -75 -57 -1 -44 -25 66 -8 38 36 61 99 -83 44 46 -43 -61 8 -33 -46 -63 -47 26 -9 16 20 -17 -18 13 17 58 76 -6 -98 -72 50 -71 46 -58 67 -18 56 18 -48 0 -36 9 -9 25 76 -2 62 -71 -76 -46 -2 44 -11 80 -90 -94 -10 38
-47 -56 18 -97 -27 -36 98 -59 -1 54 59 51 -94 76 -88 -3 1 40 95 -37 21 -81 -31 -81 16 59 51 -22 17 -58 -84 70 -14 -13 26 60 51 24 53 -98 -70 12 53 -64 -12 17 -15 41 -43 -19 57 79 -48 -74 98 20 85 2 50 3 44 19 -75 82 -94 51 -6 9 -73 -53 12 -43 12 -35 -55 52 35 31 -6 92 64 -49 71 68 -23 22 -59 -85 -76 91 -30 20 10 -5 2 -32 -53 97 78 -26
96 -10 -16 8 7 29 -39 -58 -40 55 -65 76 58 58 45 87 -68 86 -98 -44 29 -28 76 92 68 -69 -40 67 80 -62 93 76 -20 -23 -63 88 -93 -2 -70 -81 -95 -83 96 15 28 -7 2 60 -69 5 69 60 29 -3 52 -3 28 65 -84 -40 -97 -90 89 -16 -13 -74 -76 -54 -24 -46 -34 -67 -76 -86 48 52 7 -50 -36 -10 55 -67 -50 -15 31 55 34 -89 20 51 -76 -25 61 -87 11 -100 91 35 -53 -33
42 -35 -48 66 -69 -100 -30 -10 -50 34 80 58 20 82 95 -97 37 29 66 -91 -68 90 -15 45 55 48 46 46 -16 45 65 78 62 -83 -4 93 -83 66 -65 -80 -48 -85 78 24 97 73 27 -13 -46 -6 -4 -13 -64 33 -68 92 -18 30 38 18 -73 -44 -4 89 -27 92 34 -57 10 69 -37 14 36 -59 -61 34 66 66 -79 -80 -88 -31 7 -51 -97 -8 93 -63 74 31 7 -98 39 -97 43 -87 47 -22 -44 -91
99 -29 23 36 12 14 -78 -22 -67 95 -2 -55 -84 58 -54 -81 -50 -61 -92 -76 23 15 78 -38 -30 22 -73 69 52 -65 78 3 6 -46 91 -82 68 -87 -52 53 60 -1 99 77 -91 97 48 -89 -63 57 -65 60 -76 66 74 -5 -12 -98 -84 92 -63 95 -5 -4 -99 -13 14 21 -48 15 -25 -87 66 -74 42 75 -77 -10 86 -40 99 73 72 -76 39 47 -29 79 1 -13 23 -10 -66 -81 86 -65 -42 -47 9 10
68 84 -25 -14 -90 -83 -39 85 -40 99 -54 -41 72 70 -65 -36 -31 6 95 70 46 19 -39 80 -10 -53 68 48 0 -23 -90 -80 -87 -62 6 75 -45 19 60 15 18 58 27 -9 29 62 7 98 -31 2 21 -85 -79 82 47 11 81 -33 -89 -66 44 -78 -94 9 -40 13 -16 -33 -68 97 35 3 55 -38 46 -16 -76 -47 -65 -7 7 8 -40 29 -58 60 92 -77 -73 56 -91 24 30 -84 -67 90 29 -30 -91 13
-33 44 68 -78 -94 14 -41 -69 19 -54 -24 -73 54 -11 8 96 -99 0 71 80 -92 81 4 38 49 -10 -20 -22 12 -10 43 79 -66 12 53 93 78 64 76 -2 62 -48 25 -32 -7 -67 -36 -6 -15 88 -25 -54 21 31 84 -30 73 -35 0 -15 55 95 -84 41 -41 22 34 -62 -14 10 -12 -99 15 -87 -31 -92 98 -14 -45 -65 -26 -18 -19 47 -87 -82 -83 39 -17 17 -76 90 -36 -59 31 24 15 -82 14 -99
28 -98 54 95 -85 -76 56 65 10 -89 52 36 -55 86 -17 -90 -96 0 49 -13 69 74 -23 -67 67 60 9 -18 78 -77 -65 -41 -75 90 -46 92 -86 -90 57 -24 73 -38 -88 -82 -52 -5 -71 -96 47 78 -57 -32 4 -28 1 -29 -68 63 53 -89 86 41 -78 -88 31 -24 56 -3 -13 -34 73 -88 28 37 -69 28 -68 -88 32 31 90 75 99 -5 99 -48 18 -69 -85 -76 94 54 65 -84 18 -4 -55 -26 45 32
40 18 44 -32 -45 27 96 -61 39 -20 22 -18 -93 21 77 -94 25 -53 -62 41 -29 84 -53 -64 53 65 -16 98 -61 -71 30 80 47 -74 -100 54 6 49 45 -55 -71 -33 27 -63 40 -44 -57 -34 -44 -67 59 27 70 -94 64 23 71 -100 21 -90 -70 -97 42 29 81 43 -16 -13 -8 81 -15 21 -51 64 10 41 73 6 -93 -71 -9 66 56 -39 24 -28 84 -5 -27 -43 6 -45 -40 -52 84 -58 43 -32 -19 -65
-98 18 9 -97 -17 71 44 -44 -23 52 -63 21 -30 45 82 95 70 19 -58 95 76 0 -50 89 1 -66 83 -56 -45 -36 -20 -43 83 41 -40 -82 12 -96 -74 42 8 -37 -37 31 -92 -55 -22 78 16 20 73 -55 -79 -77 -66 22 -90 -83 66 -35 -67 98 22 68 -9 34 38 -96 38 64 46 99 -73 -91 30 88 -94 -92 18 -25 28 -56 20 1 -33 54 -77 -71 23 42 -6 8 -8 68 -71 84 2 67 88 93
32 -14 92 11 -53 22 -1 -95 -18 -82 -20 62 -38 -100 -36 -19 6 -61 -37 -71 81 57 -10 -26 -22 19 -42 80 -14 98 73 70 -16 65 -18 31 -61 33 36 -27 3 69 -64 17 69 -48 51 -24 -9 -86 -43 -75 71 47 -49 -99 -34 -39 82 5 -41 55 -25 -5 -27 57 78 -36 -9 -34 38 46 -65 74 -36 57 -74 -85 -67 -31 -71 -58 -6 52 90 -3 54 -44 58 36 61 69 -57 89 -36 -32 46 -58 33 89
-39 -29 36 -4 -55 52 -95 -77 67 -62 -8 96 -19 39 0 -77 -64 -46 -69 47 42 45 16 38 34 81 -94 -68 75 39 74 -64 62 -38 -15 59 -86 -58 82 81 -19 -73 29 14 18 81 37 6 88 68 -47 -18 -35 70 -80 99 51 79 -68 -22 -30 -94 -33 -67 -80 4 92 -66 46 27 67 79 54 -52 -7 -76 -71 82 30 -83 3 84 0 68 54 -28 20 -43 -49 4 35 22 10 54 7 -18 -42 -1 16 -95
78 -17 84 32 31 -70 56 12 64 -61 -18 -81 -77 34 40 77 -94 -40 -66 -90 64 21 -16 -74 -24 91 8 -14 -58 -76 -9 -79 -41 -72 5 42 -90 -86 -94 26 -47 -12 46 -24 -78 -14 -95 -71 46 91 91 -38 12 -25 -12 40 -34 96 -73 -40 72 -30 -67 83 -50 39 25 -40 53 31 87 58 72 33 86 94 71 91 75 17 34 66 79 98 -59 -81 39 -41 67 18 -28 39 88 5 22 -61 -56 99 -49 49
-18 90 -41 -94 23 -55 -99 -54 88 28 15 22 -5 -54 -27 -12 -35 64 0 -68 -18 72 23 -78 -71 97 -87 -74 48 -35 75 -69 -45 87 89 31 -68 90 77 73 19 -7 -5 66 -9 20 -94 57 -16 6 41 66 -70 -35 89 -40 -38 54 -14 -89 -81 -87 94 -73 -100 83 10 85 26 -61 58 97 -16 -95 15 76 26 21 33 -90 80 -26 29 62 39 -30 74 54 -76 -88 17 96 78 -37 75 78 -54 -15 15 24
24 -75 -27 -91 -69 88 85 9 -38 -30 -29 -58 44 52 56 -64 -78 31 42 99 43 -41 47 21 22 22 -48 20 -93 67 97 -17 93 -30 -8 76 -89 -71 -63 -27 -1 8 -33 96 -39 -77 -68 -65 54 26 86 -50 37 33 71 -41 -45 75 31 -86 -5 -20 -2 -60 51 42 68 14 24 -95 87 -77 13 -46 -81 26 -23 -97 62 84 29 0 -66 -34 -66 57 -23 -59 -15 61 -92 80 93 6 -80 44 -100 88 -90 24
45 97 0 -42 -97 -29 37 -19 -25 -49 -83 56 51 -97 75 85 60 -96 79 -55 17 87 77 11 -55 49 -93 97 -11 -82 22 -66 67 74 -55 71 -55 82 -96 -28 -67 -79 81 36 -76 56 -26 36 12 -47 82 -70 -60 59 -7 -15 -39 0 -66 50 -30 56 85 -62 -18 -70 -91 28 -88 -87 52 97 -66 33 33 -90 -11 -93 46 54 -40 -20 36 -48 92 -71 -11 -47 -19 24 -97 52 -68 88 42 15 70 51 95 34
16 47 31 2 -19 -83 12 22 -76 -90 -72 -63 -9 64 -59 -17 93 -17 36 -73 -93 39 31 91 -20 -27 -42 -50 76 -95 37 -8 5 -32 46 86 -63 -90 -40 -86 -80 -11 -97 11 -47 -56 94 99 -21 -18 78 -62 -78 9 -70 -46 34 -60 -44 -38 -54 93 6 51 -86 -48 -11 -49 -38 1 -35 -18 42 -32 46 48 -35 40 -1 44 -77 -23 83 97 38 65 -97 -76 -95 -41 -14 -97 -47 92 6 -81 96 47 -30 -42
-51 -12 -8 91 8 90 39 73 -17 -62 -30 -42 -33 -95 -45 -95 22 -90 -71 -21 -31 -33 -17 -26 -41 41 -7 -93 -11 16 -83 -10 -96 10 -19 -36 -48 73 90 35 63 -40 93 -69 -83 -100 88 39 -90 70 -82 -20 89 -47 6 -51 95 52 -92 -16 -32 -74 74 -76 -12 -93 -12 40 32 -22 -24 -4 -10 -31 -21 7 -78 -81 -54 -68 41 -83 12 31 -30 71 32 -35 23 40 1 91 66 -73 67 -94 87 -45 47 19
-14 75 67 76 96 98 -64 -82 -82 -66 -49 59 -49 15 -58 22 -14 74 39 -91 15 93 52 -67 -80 -29 -60 59 27 87 -21 65 14 98 -7 10 97 29 29 67 64 32 -22 67 -53 21 -59 -14 -5 81 -53 62 26 -100 96 -2 -77 88 -42 50 27 -11 -33 -59 -13 61 51 -64 -58 -68 -97 58 64 -18 26 -88 55 67 -50 -50 0 -3 65 78 -51 13 -23 -27 1 35 75 80 76 -57 -79 -37 56 24 0 50
57 -45 9 -27 -11 87 -63 -56 6 -13 -53 59 85 64 37 -66 -23 -86 7 30 1 -65 10 -23 -22 31 -7 86 -93 45 36 16 52 -55 90 -58 84 -73 -62 -9 -33 -15 -50 -48 -51 87 -62 26 54 -2 -92 -93 33 18 -63 63 -99 30 49 -91 -73 -15 -23 79 -17 -33 73 -33 -53 -88 10 14 -3 60 18 -1 0 56 77 -94 -94 86 -87 39 4 -50 2 -42 32 -97 -33 59 -11 44 -9 24 64 -36 43 63
-24 -46 -23 26 66 47 -75 -34 3 -98 -28 -38 40 -62 -99 -55 -12 -44 3 -79 -41 22 32 0 -82 -77 -76 34 -60 20 -3 16 74 26 94 40 -27 -81 59 29 74 83 91 14 -79 44 11 10 -100 66 -17 -40 -60 -85 12 -89 91 37 45 -69 -91 95 -1 83 21 -6 -25 47 -35 -66 -24 91 -82 -81 -42 91 63 69 1 64 -12 36 76 -20 52 -12 -9 -5 77 -63 -22 86 84 29 69 5 75 97 -48 -59
83 -20 84 53 -1 -58 45 -85 64 98 79 -96 35 7 -16 -61 95 76 34 73 65 -88 11 49 -7 -67 -94 -31 -70 -89 -38 -87 -57 -54 67 -5 -59 -36 10 -95 -38 -11 61 97 96 -55 -64 43 73 22 16 38 -14 -72 -61 80 -87 98 -51 -57 -91 11 -92 -96 9 27 -1 50 91 -91 7 -46 -2 -32 -97 -54 -34 92 90 -61 14 -42 30 -99 -62 21 81 -49 19 82 -54 -20 -7 -45 -15 -98 82 84 5 26
94 -88 32 -56 -67 35 -57 -1 27 85 -10 94 95 -80 95 -66 -6 28 -63 -87 10 -64 -54 -97 -57 31 57 -75 -33 -38 3 -87 -73 -65 -42 -40 23 -47 59 -50 -62 -51 -56 -67 -78 91 -81 16 19 -91 -19 -71 -55 27 84 -12 -90 42 -35 -22 56 69 -9 83 56 1 95 -21 54 54 -18 92 56 -22 78 78 -30 97 -54 89 -94 27 71 -97 -45 55 -9 -83 -51 9 -5 58 -22 39 -7 86 92 -11 -34 -1
-57 48 -57 51 -74 -79 -19 -52 71 27 -62 77 -45 61 33 -38 16 -76 -21 18 -15 27 -24 63 -82 21 2 62 -90 68 -39 -94 -32 5 57 -6 -22 -61 43 -51 18 33 -73 25 -6 60 87 62 36 -81 -68 -78 46 -40 37 16 82 -61 -22 92 59 40 98 -73 97 8 -26 -25 -1 -83 25 69 2 4 -5 48 -84 -18 10 4 -47 -5 -22 51 55 68 -33 37 -93 -2 -18 19 90 -68 46 87 40 -80 -86 91
89 -9 61 -57 95 -44 91 63 -10 -46 -32 44 49 -2 -53 -44 -34 15 94 -74 65 -72 45 55 -40 -57 -6 53 -84 8 44 57 -100 -43 -99 47 -35 44 -37 56 50 -17 -48 -1 81 -49 8 -52 18 -46 -26 -17 -18 71 -62 -6 -86 -16 -53 -70 93 44 88 45 53 41 -56 -81 -63 7 27 88 42 31 -61 24 82 47 24 1 -99 50 84 -65 21 75 30 35 -41 77 18 -96 -27 -42 1 -73 51 46 98 88
-95 25 76 48 -44 -84 -76 -62 15 48 39 17 -50 24 4 71 -49 -66 -42 10 64 76 15 -63 86 -84 -84 37 14 -86 -22 -28 39 -46 72 47 -78 96 86 38 -4 -23 -93 46 -99 11 -31 -48 -2 27 15 -38 -44 -70 -49 -58 98 -32 32 -35 -66 62 37 26 -84 9 -27 91 -43 -89 -19 5 -11 -60 -49 -58 3 20 -53 -99 99 62 -85 -45 44 -33 -50 -6 -13 34 59 21 -4 -4 99 -36 57 -75 -45 66
88 -12 -29 -23 -20 22 20 84 94 19 85 46 -19 -99 -99 -75 -80 -97 19 7 -11 -69 80 85 -21 32 -50 -63 57 -43 -97 45 -2 -73 75 78 1 -53 62 -52 66 0 94 -53 -47 47 -76 -75 51 43 32 92 26 -36 78 -94 96 80 95 5 89 50 -97 -13 77 78 -82 -21 -75 32 27 91 -68 21 90 -63 -80 -86 -38 23 9 46 16 -64 63 -6 -58 59 -74 89 -83 -85 39 -80 3 17 98 -27 48 75
-95 -25 66 90 48 8 -73 68 22 -58 -56 83 40 60 -81 3 -46 -87 -85 -68 -98 -68 -53 -6 -48 2 -89 -98 75 11 77 81 38 -5 71 -14 -97 50 -94 -23 92 -50 -40 -15 62 -68 88 -84 -55 -97 -52 -100 87 -52 -6 91 50 -43 93 26 68 22 -41 6 69 -70 44 72 32 2 -99 -23 5 -86 62 -33 -54 50 -64 -57 6 -64 95 -55 -16 -11 -63 -65 -2 -70 13 -82 5 24 -24 -26 6 72 99 -62
-25 -100 15 80 66 -23 -53 -88 80 -17 -44 -62 -28 -97 -17 56 -7 -28 43 43 -45 -92 62 60 32 90 -66 -62 63 -67 -23 -62 86 44 70 52 -78 69 17 54 -95 25 92 -23 28 -73 -67 73 0 29 17 55 37 -69 15 -78 73 1 -40 36 -13 -11 26 -75 -66 -52 77 -92 -82 -54 62 -77 71 54 -48 -48 33 -15 -75 -67 66 42 88 -44 25 -45 -22 -1 9 -10 87 96 80 14 -79 66 14 50 74 32
97 -12 7 20 -58 59 72 27 97 98 61 63 -8 1 -81 70 9 -51 -31 -82 40 -92 -86 -28 -26 -65 -62 89 37 64 21 34 -48 81 -45 -54 40 79 73 -11 77 -14 -95 -78 88 -76 92 -3 -26 -39 -33 66 -79 -19 -62 -4 -32 -24 -15 -95 -60 58 -8 -56 39 -1 -10 -68 -22 -37 -27 -92 2 -22 -70 -10 3 -78 39 29 -65 -94 -53 -44 -61 -15 4 -41 61 89 -84 53 0 -40 49 91 59 -61 75 90
-46 -51 98 56 27 80 98 82 -98 -11 -37 89 -53 10 -55 -14 95 50 -3 8 -9 14 -87 91 26 62 35 -14 53 10 -72 -92 59 78 16 -61 58 15 -79 60 -96 -15 49 -48 95 46 -10 43 -52 88 -49 40 -46 -83 -17 80 79 70 -82 33 -19 -54 -7 92 76 61 -69 34 -24 -95 -54 -67 -58 47 -63 89 -6 27 32 -6 -33 36 86 -27 53 -78 -94 -16 92 76 69 -75 75 -38 -82 51 -76 -99 -14 -48
-94 -16 -63 -100 -68 -26 90 -22 54 22 72 73 -90 59 99 63 33 57 -52 25 33 69 51 8 84 21 -88 -92 22 -50 -88 -19 34 -98 -19 66 -24 -77 -56 82 -2 69 56 8 28 7 -28 -39 -36 -28 38 97 93 -11 -42 77 62 -30 37 -63 -28 50 18 -94 52 51 73 80 75 69 63 -27 38 -29 33 -82 78 57 -69 -58 -71 70 91 -77 -89 -51 52 26 -29 -10 63 43 -60 -19 2 44 84 -73 -24 11
96 -61 36 -13 -38 -30 5 -60 -73 37 -66 -91 -41 -74 84 -78 -73 36 48 -1 -74 11 94 -82 44 -52 14 29 -25 91 92 -28 -70 29 59 -55 51 -84 -15 30 53 -28 39 64 -2 -25 87 25 -88 35 76 90 99 23 -91 43 71 23 -76 -53 14 -83 -29 -3 -2 -70 42 -99 -54 79 31 52 -49 -29 -32 49 -2 -45 -73 10 43 55 -47 42 -22 -38 -63 -50 37 -38 -3 -96 -69 68 1 29 50 95 30 48
26 -39 -48 78 -16 21 -21 35 28 -42 -55 -29 -86 -2 65 -8 12 -97 42 -98 -83 91 -94 -52 59 -41 29 -39 -94 -41 -90 32 -28 -38 -38 9 83 42 -56 12 52 -59 35 66 -8 -47 -89 56 -92 53 58 -75 -3 16 -27 -44 75 54 -30 81 65 -20 -34 89 42 28 -2 -22 -78 -6 42 75 -12 -71 -7 32 -18 4 -12 -10 -42 99 15 55 15 40 63 -57 -6 -67 76 -89 -35 -58 -99 60 23 -1 90 45
46 32 20 86 61 -86 18 96 18 -94 -14 28 57 54 -65 -27 -54 51 -32 -7 36 -56 4 -98 -61 5 62 62 57 52 7 3 -64 80 -11 49 46 59 45 -84 65 -68 45 -25 38 32 0 84 -17 68 -71 -80 64 34 74 -97 91 36 17 48 -60 77 -97 -72 57 -56 77 3 -97 23 -29 21 7 -84 96 -55 1 -4 81 84 -84 63 56 80 -51 30 36 -60 -82 -47 41 -90 -70 44 -62 39 41 -84 94 -4
-9 -34 -83 98 -66 65 95 35 -87 28 -28 -71 -9 -72 62 40 11 -2 33 -19 3 -26 -8 34 70 -18 -75 11 -50 -80 -92 41 -14 77 -9 20 -5 -62 -92 8 67 -20 -10 -90 -40 -48 3 23 2 88 -95 57 -38 -51 -9 -68 31 -31 -4 34 -11 -44 -25 27 85 19 99 -20 57 -93 41 -24 -61 -69 -61 -48 -65 42 75 -11 30 32 -54 44 81 -10 28 -35 59 76 99 -100 -68 -74 27 70 45 -22 -50 -45
-62 91 31 -23 74 70 29 61 -36 -43 -98 46 89 -51 -10 71 -9 71 88 -50 47 87 -98 32 -87 -19 2 59 59 52 66 97 -4 -3 -25 -78 -80 56 36 -16 65 38 83 55 87 -75 -22 -22 96 -34 -20 44 -47 -18 -72 -82 63 30 29 -25 -66 -5 -28 -18 45 -1 5 65 -44 -59 -99 73 31 84 28 19 -90 -94 49 58 -76 82 -46 -71 -84 -18 -52 32 -88 77 -93 99 -27 -21 -19 -82 31 38 35 39
31 36 12 -37 -27 -59 34 -65 99 -17 93 76 -83 -52 -95 -66 30 -47 66 -5 -69 25 -54 -44 56 -21 -74 -13 -82 61 -74 1 -51 39 64 22 32 -2 57 31 34 3 7 51 51 13 37 -67 18 -45 -20 49 80 26 57 37 -94 83 76 76 -4 -97 -23 46 -6 94 -32 -74 -8 78 9 78 -19 -83 30 84 -18 -33 69 52 23 -50 -46 -45 28 -89 44 -14 47 21 -86 -57 24 -8 89 70 -14 -90 96 30
40 5 9 73 -26 91 9 8 -90 -22 -39 33 28 15 41 -91 -22 -15 -53 -75 -94 -38 -31 -18 6 -90 -48 44 72 -100 -26 -36 6 35 -63 80 26 46 -59 37 -75 2 -78 5 69 63 -34 -53 -99 14 -27 59 76 -6 94 -18 -44 -54 -74 -71 99 -48 -55 5 88 -17 -63 -34 81 -22 -97 58 32 -74 -84 1 41 -18 49 42 48 -78 -46 24 -32 -52 58 24 -54 36 5 -55 41 51 50 29 -66 40 95 67
-82 51 26 51 29 -6 -48 -30 76 -99 65 -23 75 -81 -99 -57 -33 12 20 13 -100 -75 59 41 76 -39 -78 62 -99 70 30 72 21 -92 -25 -50 -46 27 -28 -70 -19 89 -41 -92 -92 -39 -96 -73 25 24 -7 -23 49 -96 -81 -22 -35 -59 92 -81 63 22 91 -16 -18 -82 -14 36 45 11 19 78 0 78 39 9 91 43 36 -32 -81 81 46 20 85 17 98 -49 10 91 -78 -26 -35 65 10 0 83 97 88 -20
8 -41 -41 -92 90 50 -31 81 -7 58 -98 12 39 48 -68 25 -35 83 28 75 26 50 -99 91 15 12 -57 -50 -39 -68 30 69 -9 41 29 -19 -9 51 -85 84 9 -83 -52 -100 17 -67 25 34 -84 -95 -39 42 55 -37 -15 -78 75 29 -28 88 61 -97 57 -96 -4 -62 -14 88 41 -47 24 -98 -30 73 -97 39 -94 -20 -27 74 -14 -14 16 93 49 -99 -84 -24 30 -60 -36 -57 -57 73 -52 -8 64 34 -20 5
87 -96 8 -91 29 11 48 35 43 73 9 -71 -41 77 -77 61 79 91 -63 -39 -69 -46 5 -73 -73 53 19 43 -61 99 -51 78 55 57 39 -15 -80 -61 72 63 64 -18 45 -77 -41 68 36 90 11 74 -96 42 80 9 69 -93 -86 -12 51 -95 -61 52 35 95 -39 -74 -20 -19 -35 -48 96 -71 -14 41 -96 -2 -39 41 -60 72 -33 -56 -33 99 53 -64 -94 19 -23 9 -24 16 -87 -89 -37 -26 -63 43 7 -46
48 4 -65 86 97 92 -16 -89 -15 25 35 52 21 -98 3 -25 91 9 46 -32 71 -77 36 36 86 -100 -89 -76 -5 18 -70 -57 74 -34 82 24 -42 -34 35 43 43 -30 -53 -35 -75 50 -8 -84 -89 90 -16 34 -87 -80 -29 -100 -80 -66 76 16 52 58 11 -21 -76 -7 -97 -66 12 38 29 -93 60 28 -28 85 -70 16 -99 94 7 -63 28 -28 -90 51 -76 82 85 -100 -2 -10 59 62 69 35 -93 24 22 19
-86 -49 27 74 32 51 60 62 -80 13 56 27 3 -63 51 13 40 76 -5 26 76 46 68 -13 -40 -11 75 -33 -87 -51 87 -73 0 -34 53 84 69 -35 47 89 31 3 -32 -66 -8 -80 -1 -67 96 94 11 24 -8 -21 64 52 20 39 -80 -15 88 59 -36 -60 -75 -83 -75 94 -17 24 84 -86 79 -96 -100 -28 -76 -1 5 -80 -55 -84 -3 38 -53 -39 -58 67 52 -38 -96 -8 73 -32 -16 98 -15 -39 45 20
85 -19 -14 65 -15 -62 -63 10 37 -6 -18 35 -38 31 -27 9 92 -33 -72 44 -18 -68 88 -45 -48 -27 -46 37 34 99 -90 20 -68 -52 -63 17 -13 -74 79 -76 20 -86 59 34 45 84 95 38 -96 -77 -66 -14 -93 75 41 -89 -52 95 0 34 46 10 -94 30 59 -57 -52 -54 -79 79 -78 -7 93 34 -73 -9 -30 -78 81 -26 97 -85 60 56 90 2 67 90 -51 -32 25 48 30 31 -22 -11 27 -22 -13 48
-42 -38 -58 -97 96 -31 -6 -34 -56 -73 41 -59 -57 1 50 85 55 17 28 -95 37 -47 5 -32 36 83 9 -37 -86 49 64 -76 -89 -94 -73 59 -73 -26 -75 -29 1 18 -35 -4 72 -85 -66 27 -16 62 -16 -78 67 89 -10 3 25 51 19 39 0 -17 15 -37 -59 42 -78 -32 68 -52 -8 -78 18 57 -30 -10 24 -44 70 -92 -82 -46 -70 85 96 -28 -59 21 76 60 -88 -24 95 27 40 -64 -79 62 -44 42
62 48 16 -19 -43 86 23 81 -57 -7 90 -87 48 72 51 -4 97 92 -83 73 4 81 -99 -1 -40 -7 -13 -19 -92 43 75 70 -56 -9 -97 1 -70 27 -65 -75 72 77 -62 20 49 41 68 -2 33 37 -29 89 18 -75 -12 78 18 27 -88 26 -77 87 -51 -33 -69 -96 20 -39 -17 7 -62 -44 -16 -24 28 -66 -82 -3 -16 3 -66 56 -7 5 33 33 -17 -49 -39 -53 30 -64 -65 31 -45 -82 -13 27 -21 71
-65 17 79 19 45 -41 5 15 56 90 71 43 -2 -36 -52 -69 49 -17 -66 -90 -17 16 98 -30 -53 -47 -12 35 81 67 -42 -84 -64 89 -13 33 -52 93 -51 57 83 -80 0 -19 -64 0 -36 85 35 -2 48 -82 -85 46 -12 -86 52 28 1 -15 -5 11 1 -17 0 40 -83 49 33 -82 -42 -32 90 58 1 -74 -90 65 63 -3 -36 11 16 -69 -90 56 -55 62 -15 -1 -53 32 -90 0 68 11 -60 37 -88 26
55 -30 94 -3 80 -4 -25 42 -87 -62 -61 -71 2 7 -40 12 -36 -42 -74 1 57 -75 -67 67 -23 53 -70 -31 -10 -58 95 -55 -36 42 -6 96 -62 69 38 -97 -92 78 -67 -38 -63 -7 74 1 3 52 54 -40 77 88 80 -94 41 -90 -25 -68 -95 -29 -71 -79 65 24 -82 55 -55 56 58 -47 -14 91 15 24 -63 -59 77 40 45 32 -99 -26 -28 81 -20 65 43 56 49 0 79 79 22 44 -45 40 -49 0
-52 -91 6 -13 -99 73 -89 -62 -85 40 78 12 -28 31 87 -4 -36 -33 -38 60 75 -89 -40 6 90 82 -98 97 -26 -47 -50 23 -37 56 62 -84 29 25 -46 -4 -35 84 -91 -10 -32 96 86 32 -85 -52 -56 43 -40 5 -51 -98 -61 -96 52 14 -43 -98 89 20 58 51 36 -61 -24 42 36 -7 -21 -3 83 47 -55 70 -69 -40 70 -24 55 82 33 57 37 72 61 -11 -62 -82 -57 -73 -9 53 30 -73 92 58
22 -20 -48 53 77 -65 -48 -78 57 -65 -65 -20 11 90 -38 96 47 51 69 8 92 59 -21 -65 87 70 88 -31 49 33 -72 -29 -87 -20 76 43 -33 -72 65 -75 -36 52 5 27 43 19 24 -58 -77 -55 3 -85 -96 82 -49 43 52 -61 -87 1 72 93 25 38 -27 1 -19 40 -18 98 17 46 51 74 -75 -54 -6 1 -60 17 46 43 32 3 -23 35 98 81 27 63 -17 -49 56 60 89 -71 -87 -30 22 -5
-79 -61 93 72 -86 -81 -82 -40 20 -42 29 -81 54 -87 -26 -69 49 -28 -87 -24 88 -52 -21 -4 60 -31 26 73 -9 -100 -79 12 -61 -86 -16 -95 85 -46 -83 6 -35 46 -23 -81 12 51 -98 -87 75 67 -59 63 -85 20 -40 75 89 38 1 -67 -10 22 45 -19 -12 82 -13 -26 88 -44 80 -47 -97 -91 -76 -33 60 79 -20 -13 46 21 -97 14 -59 -85 -59 83 5 42 -84 95 -84 13 -24 5 -53 15 79 88
72 11 93 27 20 -82 46 -20 49 -74 19 -5 -1 22 -91 40 37 -97 -25 -58 45 -57 89 62 57 -34 -33 56 33 -54 44 -43 57 -10 84 -71 -40 -18 9 -91 8 80 4 -93 3 -34 0 -60 -31 75 -65 66 -81 -76 28 28 -58 47 -16 76 45 81 -67 -46 -29 70 -17 31 -48 44 40 13 25 96 20 -72 -86 72 -80 -65 48 -93 -98 67 -68 -18 -53 -74 -70 31 -98 75 -36 88 -70 -13 10 -35 -82 14
-90 10 -73 35 -41 0 63 -27 -28 35 9 72 43 -37 -9 27 45 38 53 27 -78 8 -45 -14 -4 -63 26 58 2 -4 -28 12 -93 0 -53 -82 52 -90 -9 76 -2 52 49 -59 67 -60 68 13 31 -27 -60 53 81 -5 91 -23 -16 -31 -65 87 66 -40 -1 73 12 47 91 -36 9 -66 92 -93 39 41 -100 6 34 20 71 -83 94 64 22 75 -89 13 -47 -4 35 -60 -17 1 0 82 -74 -88 -19 -83 -72 91
-97 -79 50 -6 14 51 53 -52 -29 -24 -35 -35 -60 39 -59 -96 -95 -54 -48 40 -62 35 -59 39 -31 -33 3 51 -64 -16 -6 91 5 -56 -14 71 47 91 -80 -81 -33 -63 -64 -40 77 -71 -84 82 -25 -32 -26 14 -97 15 -95 -76 82 -40 27 70 44 73 61 -99 -82 99 73 17 90 45 -12 -90 34 25 -30 -37 6 -62 97 82 6 -29 -52 -39 86 -47 -15 20 -35 65 -10 -90 38 -48 -89 8 -49 36 -74 94
-19 -34 -96 68 43 -74 -69 -50 -36 -71 84 70 -48 -68 83 91 -63 -80 11 2 85 54 -36 -24 -94 -24 84 -91 64 62 55 98 81 59 66 24 37 97 74 -99 78 10 23 -69 42 6 74 31 -21 -15 -66 -84 -61 -2 -8 97 26 -71 59 -57 43 14 -59 24 -74 -93 -51 63 56 75 65 35 -14 -60 18 80 -1 -8 12 78 29 -2 94 21 96 -61 -30 -25 -32 81 18 63 -4 59 -12 22 18 -11 -15 -26
-36 -98 61 2 95 -69 -17 -6 -25 47 -76 -95 -55 -82 -22 93 -91 48 -32 -71 30 38 93 78 -51 -19 0 67 70 37 94 86 -8 55 -59 -13 39 24 81 -86 -77 -95 -81 -32 75 -51 -39 37 98 -18 66 -20 -80 59 -42 -78 -60 10 89 62 99 35 1 -9 -57 42 30 82 -82 -37 96 -59 -80 68 9 96 -83 70 33 -85 -48 -49 -53 -75 -89 5 -53 -97 67 88 66 67 24 -33 -90 19 -91 41 1 -73
-96 -3 -80 -75 -83 29 73 -65 -49 -42 -98 4 9 -50 -19 -28 55 28 -24 23 -32 -58 -58 92 -39 -48 11 -78 93 64 -99 50 -86 -79 27 -69 50 -48 -34 53 10 -31 -91 71 -29 -10 -56 -74 -82 20 1 -13 14 -5 -69 75 48 -5 49 -7 -41 50 -57 -27 71 22 5 -27 74 23 -74 -64 92 -64 -92 -37 26 -96 -58 -3 -24 -5 36 42 91 19 17 -9 -86 -34 84 -74 68 -72 -49 39 2 8 -88 -23
-68 90 13 76 -74 -27 92 5 -23 86 -98 5 -19 -10 -53 -76 -91 16 15 76 82 0 -98 2 -20 -47 -59 82 62 -95 -89 94 96 25 22 -78 50 14 27 -72 0 -19 33 34 71 33 10 81 -51 -74 57 84 -22 11 -14 10 64 28 -56 -22 33 -44 -76 -19 33 47 -44 -17 -87 83 -37 -34 -83 49 -100 88 -18 10 21 31 -12 -70 15 66 41 -98 -72 -42 -18 -27 -12 67 29 13 -51 -86 -88 5 -3 77
-60 61 -57 -91 10 -57 50 92 6 -29 -25 94 -46 91 13 95 45 41 -95 -73 -86 -6 94 -5 59 95 9 23 0 -93 0 -7 20 44 2 -70 39 -48 74 -55 -24 -51 92 30 92 -43 -23 37 98 -17 64 65 29 59 -88 -60 6 22 63 -93 -19 -37 -48 53 59 54 35 -1 59 9 -4 -65 10 -60 17 3 -3 94 -60 -52 -71 57 -87 10 -32 77 50 74 -49 -35 33 32 -19 85 -63 -60 -8 72 -9 -49
-67 88 -62 44 -72 7 99 26 1 91 74 -17 48 39 93 -84 16 -4 91 68 61 24 -48 -58 10 -58 -65 54 -86 26 57 -100 14 95 44 -5 -46 -5 73 7 -14 -1 90 -65 90 36 -49 6 84 94 -74 45 19 -69 40 81 -27 75 -13 -61 1 -56 -61 68 91 35 -85 -55 -70 88 52 -31 -13 -5 4 -23 -69 7 35 67 -46 14 -36 25 -3 -96 6 22 31 93 61 85 89 53 5 80 -12 20 -75 -29
8 29 -8 47 -76 48 -76 -93 -45 11 74 -39 -75 -61 86 22 -57 -56 -56 27 -63 58 12 -74 11 69 58 51 -11 83 74 97 13 -34 -4 37 -86 20 45 -78 83 -29 -17 -91 10 -30 -17 6 14 -20 -67 4 -62 -3 -18 1 -34 -59 -96 55 76 79 4 -59 97 -100 31 64 -28 -72 86 -45 -1 -79 -84 -90 -57 0 16 10 32 49 66 70 98 -100 -77 -36 93 -73 71 70 58 -25 63 56 -73 -6 20 -1
22 -42 6 -78 -69 23 84 -73 75 0 -11 7 -99 -45 -71 99 -45 -48 -37 -99 -21 -66 71 90 -39 -14 46 -12 81 -82 39 -45 -72 97 -23 -89 20 -87 -62 -53 13 27 54 -34 34 83 -35 42 87 -20 43 -81 -34 -34 -91 27 52 7 67 33 -23 -42 41 -43 -44 70 -32 28 84 -41 28 -3 38 -18 64 -27 -82 81 -85 57 -86 58 76 -20 76 37 60 28 -56 -21 -86 -27 38 55 30 46 25 99 -74 9
-42 54 59 48 89 -25 -79 59 -92 -64 16 -78 46 -7 3 22 -70 -37 -97 -73 42 -83 0 -68 24 -69 30 -51 82 57 11 92 -37 -78 40 -48 -3 62 63 5 50 -20 -20 -51 73 83 71 55 98 26 82 -8 43 -17 -23 -33 -34 -93 -31 -52 16 80 -60 32 -98 32 36 -49 -6 0 8 97 80 88 -54 5 71 69 -40 21 -4 95 -86 -61 -70 -9 -41 -4 -50 28 -4 19 -40 -12 -49 -86 -80 87 -35 -33
-13 25 -36 -81 14 10 24 -63 -69 85 59 27 32 25 19 62 -84 78 -42 -82 -42 54 37 -30 94 40 -16 -86 -20 1 -19 19 -74 45 39 40 -93 -37 30 -61 -100 -11 66 -16 -86 -63 -54 82 67 -44 52 -75 62 -58 -5 56 82 31 71 -38 84 -96 82 -89 50 -27 3 9 -12 -67 48 -11 -26 -33 73 -60 -44 72 74 -76 -72 27 -51 91 69 -3 47 3 80 18 18 65 23 0 76 -75 73 -69 -14 -39
-83 87 2 -9 -46 -72 -16 10 -100 -42 34 80 37 36 71 -42 85 19 62 65 89 -20 30 -36 32 -42 -59 -43 -58 28 -30 -41 15 73 2 21 53 86 83 5 97 -30 -15 34 -94 -43 93 43 28 7 8 -31 39 91 34 -29 -99 27 28 95 -45 98 -46 70 23 9 -57 -72 -53 -73 33 -56 -3 -81 31 -45 -72 24 98 8 83 6 77 22 -51 -37 93 -97 91 -27 98 -54 -77 -47 69 -1 14 -88 27 61
91 -87 58 -12 84 -11 43 64 -87 41 -28 96 -100 -51 -30 -99 13 -85 -96 4 -60 -97 2 -85 -92 -29 14 22 -64 94 -65 -73 -93 93 -32 43 -18 63 7 -53 5 79 95 -43 80 -35 -42 -55 -20 -85 49 20 -82 -96 36 -74 -73 -98 0 -37 48 35 -57 55 -19 11 -50 63 -74 57 -89 -17 -12 -94 40 -31 -76 51 14 -44 66 -84 29 36 -80 -83 62 -53 -81 -86 -37 68 1 6 -25 82 69 26 -2 95
-65 9 -21 24 -33 71 93 -57 22 -41 0 -60 -25 -71 76 -5 -54 -10 43 -35 4 58 85 58 -36 -87 40 85 -9 90 80 26 -49 -89 -50 19 83 95 62 -43 -45 -86 -50 30 -57 -74 78 -11 17 21 7 73 -21 -56 -17 -5 -43 76 -20 48 66 -88 -73 -82 -76 -23 -11 59 -75 -97 68 -20 -82 -82 -90 -39 -55 88 3 14 -39 -90 -61 -8 -46 23 39 -36 -1 71 64 -83 84 91 -65 60 -31 24 -29 -54
28 -61 26 -2 -42 -12 59 -45 -23 -38 21 -10 -76 12 35 -69 87 -26 -5 -14 -54 -41 4 82 -49 -9 42 -28 68 65 18 -52 -96 96 46 -86 -16 -43 -79 13 -28 42 56 -4 -93 -9 27 94 17 74 -19 15 -66 37 -3 -63 80 91 -39 48 56 31 96 13 27 -6 27 -89 52 49 -23 -76 -57 -67 -28 -50 24 52 -55 93 26 -22 9 12 67 58 49 47 50 62 -52 -42 -7 96 71 72 -9 -1 36 95
-100 -87 71 -57 -54 -57 -6 22 47 39 15 -26 -83 76 86 84 35 -12 31 -63 -98 31 -5 -52 28 -81 -80 -81 -30 56 66 -30 69 37 13 67 32 -93 -59 -20 -2 9 6 15 -15 -56 -49 72 -16 35 61 -13 -34 -43 35 94 -72 55 65 -2 -36 31 68 85 -80 -67 5 5 -59 46 37 39 -93 -57 -93 -7 -61 -42 -83 24 93 79 63 -40 88 -50 -94 -84 57 72 -34 -79 -45 86 -93 -24 -81 -36 33 -88
-90 -30 52 -82 -35 11 -37 -44 69 -68 80 15 63 -5 75 51 45 81 19 3 5 85 24 61 71 -17 89 43 -1 22 55 10 44 -41 -20 61 70 -5 -83 -8 -21 98 -93 -57 -55 34 46 91 -33 -34 -6 73 -97 70 34 27 -94 -25 -30 5 97 77 67 -7 -63 99 -46 -93 -54 -29 -49 -22 -79 -42 21 -33 92 -33 -90 -40 -15 -44 -67 -59 78 19 68 84 46 90 -58 43 67 61 88 56 13 -58 16 59
-35 67 -63 -13 -74 10 6 70 30 16 -70 -85 24 -85 -92 2 -14 28 -61 -68 -30 -67 27 90 94 15 46 7 9 -38 -81 27 -70 -92 -86 -92 19 -28 78 -99 40 61 68 -36 28 77 18 -85 5 57 -53 76 90 27 66 37 94 -36 -56 4 27 -85 83 9 -76 49 -31 -5 -79 -53 -4 13 -92 -36 77 -11 93 -5 4 -49 -95 3 -73 95 -70 45 32 77 -91 29 -67 -12 -4 -84 49 20 65 -82 67 86
-82 -85 -49 78 -20 -72 -33 -75 -25 71 -24 -68 -73 -45 80 -91 -100 -36 86 62 93 -81 -98 -10 -65 4 62 -100 22 30 38 40 -3 89 19 77 69 86 55 97 10 -69 -71 37 -13 -91 46 -61 -26 -15 -99 -81 4 56 -39 40 -40 76 -8 34 -42 83 -25 55 24 46 -15 -54 -16 -60 -57 46 -29 -76 -65 58 86 82 50 -88 -81 51 -69 23 -41 -55 -85 19 -79 -40 -94 -21 -57 -19 -66 67 79 19 -87 -85
59 -92 62 83 -67 49 -7 71 31 -57 83 2 47 -86 -74 -94 -41 -59 -22 -68 1 -16 11 -4 17 46 -84 -52 -83 81 -37 29 42 77 12 75 27 -95 46 -90 -51 -19 13 48 -5 -9 6 7 32 84 39 86 -80 -97 -66 -11 1 -50 37 18 84 53 -53 26 30 11 -47 -91 17 51 72 18 -68 -63 -82 27 28 24 86 -88 9 -22 98 -19 -19 -67 71 34 -65 8 -48 -81 -87 -48 45 -4 15 98 5 84
1 -71 -46 33 -34 -28 -87 94 97 99 -93 -42 -71 57 39 -38 42 10 96 78 71 -99 49 84 -95 -53 -20 20 97 38 5 -1 67 59 -68 -66 84 -55 80 81 97 87 -61 78 45 30 -59 -13 93 -63 -83 64 90 19 0 95 18 33 -32 15 -29 73 66 90 -16 51 -76 -32 48 -95 -99 -3 44 92 -24 -59 23 17 -19 -32 6 -2 -68 -51 69 -16 -56 -13 -83 12 55 -60 -63 21 -69 -26 -28 -93 42 -79
64 -4 -30 9 -12 46 50 63 -85 -69 -69 -26 -18 -85 23 -49 0 19 -9 -31 -68 -54 -38 -79 67 -7 -5 92 -48 90 65 -83 -14 -65 26 26 82 -72 -10 49 -88 21 -77 -6 37 46 -3 89 -34 88 -90 -50 -66 -28 -77 54 17 19 -2 70 -39 -37 87 -1 -50 -35 -75 84 -55 -33 34 -43 41 9 51 -70 -44 -51 -81 -26 89 81 -24 76 -46 -1 30 71 70 80 41 83 95 -20 -18 -55 45 -40 82 91
-21 -32 -100 -80 77 52 -50 -67 53 -79 -41 42 -97 35 18 -43 87 -100 80 9 32 -26 -7 27 54 27 25 -48 87 7 95 -33 75 95 -61 52 -1 -10 38 -48 -37 49 47 -34 -15 -83 -25 -76 70 -44 33 2 -18 -74 -70 -64 54 7 -60 -7 66 -65 12 41 83 52 -55 -18 94 35 35 -43 -15 -66 -24 22 -49 51 46 -79 59 -69 -24 -59 -90 -42 -70 16 65 -30 -91 31 6 -26 -76 -59 -74 -31 23 72
57 -42 -71 -58 -8 -43 64 -4 -91 -38 17 20 -7 45 14 3 -97 44 -81 68 66 81 -49 -76 -45 -25 -35 -67 -3 89 -95 -46 -53 86 -4 -8 -56 -88 40 -95 -26 -91 25 19 55 -61 -77 58 35 94 27 2 27 78 26 82 -94 92 -85 3 81 72 57 80 11 -47 -76 55 -83 64 60 -9 74 -63 62 29 -71 85 -61 16 32 66 -82 -41 -3 -3 94 3 -59 61 -94 -78 34 15 54 -55 68 79 52 85
-5 -36 -72 -79 -47 90 2 -18 28 42 51 -88 -40 21 -29 57 -82 -83 -88 -41 79 70 -67 13 -15 88 10 -95 19 -86 42 66 -22 22 88 31 13 -10 66 93 84 17 -95 -55 -62 -72 54 -91 -54 67 -32 -75 -11 2 -10 27 -58 52 -16 61 66 -73 -21 -56 49 -33 27 -86 10 -7 59 -6 62 64 -9 53 45 -54 62 43 65 -70 68 -46 -16 -90 33 26 14 -82 -61 -20 97 19 -24 46 38 -97 13 -100
-51 -28 -53 -89 89 38 64 34 84 -22 -71 49 9 49 56 45 59 -59 -76 -27 -41 -37 5 -44 34 81 55 -75 36 -32 -75 85 -8 -28 49 -67 63 -35 19 47 44 48 -51 -95 -3 57 2 -92 98 26 -67 -42 90 38 -34 -24 -29 -79 -47 -92 -59 -69 45 -14 -45 -54 19 -82 -36 -61 66 60 39 67 17 -63 24 -81 -55 22 46 -69 32 -12 69 99 64 93 72 70 53 66 -99 -50 -48 -44 -3 23 -25 13
14 93 -27 -46 60 42 -57 -16 61 -12 58 7 -29 -57 47 93 -58 -36 86 66 -66 39 32 -65 89 36 -9 -62 -40 18 3 26 11 28 80 -29 -30 -77 7 -68 -36 -82 -9 35 -39 -61 28 3 3 -34 -79 -11 -95 6 24 47 -58 67 37 -46 -14 -59 81 97 69 13 -79 92 37 -20 -76 53 -2 -33 -12 59 6 69 -86 61 -65 -64 -98 93 42 26 -8 36 -54 -71 91 -16 -78 24 -67 44 -63 -46 36 26
35 12 -21 85 79 68 45 -62 -11 59 51 24 47 54 17 -59 -68 61 78 -22 91 21 62 65 -55 96 9 -66 -98 97 61 -11 9 -60 -25 -11 60 -80 27 -51 31 -22 26 -21 84 95 -28 -83 57 -50 -5 0 71 -90 -83 68 58 -21 55 60 -24 -32 -98 86 8 -23 -73 -79 -51 6 -78 80 36 48 -89 21 -4 -16 38 -95 -14 85 5 -90 95 22 30 5 -99 -15 -82 -70 53 -80 68 -86 -3 95 87 -2
-47 -91 -70 89 10 -58 10 58 -22 -100 63 64 86 -80 26 33 42 -43 -61 -4 -6 -43 26 -52 -23 -6 -86 26 -59 53 -76 -6 14 -46 -17 76 -52 46 34 -22 46 -3 95 -16 17 21 -82 -88 78 -91 -40 -75 -34 86 -27 -5 -68 -61 73 -27 92 97 19 6 -97 54 -17 -96 0 69 -18 99 -81 -23 -17 -12 51 -47 -48 -19 -38 12 6 -20 -50 31 27 -18 70 0 7 14 -51 -74 73 -47 33 -92 -91 -67
77 -9 84 96 21 -80 -63 -28 -27 -11 5 -12 -98 -88 20 -48 43 -52 -13 -34 0 94 80 50 73 5 55 -42 13 64 -9 -9 -93 -72 -61 28 -52 -72 52 -27 18 -42 61 20 -78 -66 24 17 -18 -89 83 34 58 16 -16 -17 -79 -61 41 35 -97 84 78 63 -88 69 -9 -40 98 96 34 -32 -94 -53 88 80 -19 12 -3 15 -24 -19 -50 86 97 -14 -31 70 26 -90 -43 -19 46 87 -56 59 9 -12 -81 -41
-16 5 27 -58 53 15 -78 86 79 19 -46 -93 52 -44 93 1 42 -38 -28 -32 -76 -19 2 71 -31 46 -18 78 -66 1 -63 -30 59 64 -36 -36 -69 -14 -50 62 58 -44 70 10 12 63 64 -45 78 -64 -25 -98 17 77 25 38 24 -93 -32 10 -39 -43 33 -80 -79 97 -16 -96 -64 -14 67 46 43 37 -92 -93 -48 72 -38 -70 -92 -10 -67 -22 -33 58 68 43 18 -63 -94 79 -6 39 99 -32 -12 -65 -76 24
-27 91 -30 68 -20 -21 76 33 -49 90 63 -88 -20 48 -58 0 7 62 95 77 99 -99 56 -54 -8 7 -34 81 42 -10 5 -85 -66 28 36 14 -93 12 -53 -90 -46 63 -78 35 11 -84 87 70 79 82 47 30 36 3 76 -72 -90 94 61 4 -15 -33 -28 19 95 -92 85 54 -28 -67 64 26 96 39 -87 -41 55 -100 -70 34 35 77 -35 -77 -19 93 -49 -57 88 -87 0 -75 -68 72 -4 79 80 -19 33 -48
-34 -3 30 -86 -64 44 -26 44 44 4 -22 -69 -19 -5 -46 14 -11 -42 10 -71 -77 -90 -46 -93 82 50 86 14 83 19 18 -50 68 -52 -84 57 92 -10 1 -11 94 31 -28 -72 -73 -21 42 16 37 -96 -3 12 -86 51 19 48 -47 5 -38 88 76 32 90 -4 81 -93 -47 25 -3 6 66 -56 -62 91 -28 -83 -30 66 -15 59 71 82 -29 37 33 90 -14 38 -53 48 26 75 -67 17 -29 -86 24 -23 -9 73
83 -90 -83 73 -99 -59 90 -77 60 -25 82 -17 -43 -47 -80 42 95 -42 -68 94 59 59 69 92 -72 -60 -94 4 -31 -51 -23 -47 -41 -53 78 -88 -60 69 -65 -100 96 -83 -65 -94 -78 -44 0 -83 -34 33 63 -75 -56 32 -83 -28 25 75 28 94 -75 57 99 -64 56 78 -99 97 -1 -64 49 -53 -94 85 -47 -72 93 6 98 -41 -61 13 -15 -17 -54 2 7 71 -22 87 17 -45 44 17 -57 1 -5 -56 -2 46
-67 99 93 -61 84 99 -81 29 5 69 89 -4 -17 -74 31 -19 28 -62 -96 58 -75 21 65 21 -62 -91 -78 -15 -95 -28 -69 -62 -28 77 -71 -92 28 -51 38 -67 70 27 -19 -95 53 -88 -14 -67 -50 -10 44 -73 -88 9 0 -98 -30 23 -60 -24 47 -77 -34 -81 -100 -4 80 -20 -3 18 13 -33 97 46 -27 50 58 11 35 60 54 -69 39 18 41 -60 20 63 63 60 91 -38 36 -42 -66 36 54 -86 -83 -49
32 -18 -30 29 -71 -5 -69 39 -93 18 0 13 50 -61 -69 -57 -21 3 -94 94 -84 50 -43 52 -92 -57 -60 62 -43 -91 65 41 -8 -65 -30 -27 31 -47 64 38 23 -36 -49 -27 -44 -66 16 35 37 -25 -18 5 -75 -9 -43 -67 34 -2 47 91 7 12 -16 51 47 6 76 -70 59 41 68 -18 57 71 8 -87 57 -76 49 -5 -49 83 -100 -72 -26 -90 -87 60 8 12 3 67 -76 87 -29 24 -7 -53 54 -48
40 -25 -14 -2 98 94 11 56 71 -40 -97 74 95 55 55 -31 65 68 81 -75 -19 -16 45 -43 -29 -84 81 64 -85 -12 68 56 63 -93 -46 13 53 65 -31 24 78 -76 -49 73 80 -94 95 -3 26 76 -25 -93 -39 -80 -35 32 88 98 -51 -97 -62 69 59 53 76 -87 -33 30 31 -12 -94 9 13 -91 -66 -55 -85 -71 42 42 -94 69 1 -81 89 18 3 29 -31 52 33 7 22 -56 -39 -50 -90 -20 80 41
68 39 -50 -67 48 -16 -22 64 -34 73 -42 -76 42 59 -57 -16 -70 -2 -87 -1 -49 -2 -94 25 43 -81 27 53 -1 8 -6 -80 99 -4 -47 47 32 32 11 98 -43 21 -78 99 -67 -35 -65 -37 64 -51 62 67 -1 20 -56 -58 -8 71 47 43 -69 93 63 -70 -59 -83 30 74 1 -59 72 58 15 95 9 48 -88 45 63 28 94 -23 -5 -55 49 -9 -60 -59 -85 87 85 98 33 48 -71 74 17 59 48 -82
52 -27 28 -81 -32 -62 19 -68 83 -18 61 29 59 -92 26 9 0 66 2 15 6 -13 13 -61 88 -6 65 5 -95 14 -24 10 87 -96 29 -93 94 -51 -61 29 -17 -100 -42 95 61 85 4 -39 3 -94 28 -91 -54 93 -52 -66 -60 -86 -9 -55 -20 67 7 -81 24 -63 -74 18 -62 -83 -52 -27 70 -42 -32 31 95 24 44 -1 31 -28 8 29 -35 9 15 -43 -25 -94 3 55 74 62 74 -2 51 52 68 89
21 -84 -85 -9 -73 -17 74 74 -92 18 -27 -9 42 34 -80 60 95 35 -83 -30 41 -28 -75 -33 -65 51 17 86 -45 -14 28 76 -46 43 -80 -19 -74 94 -44 -66 -35 -19 25 -93 67 -3 67 62 -68 85 -68 26 -43 -91 45 -8 12 -37 -21 67 49 59 44 -97 2 16 -63 28 -38 -55 15 27 -22 92 35 -54 -10 2 60 -26 -61 93 52 -3 54 -2 41 -33 61 72 -66 10 31 30 -35 -67 -54 2 14 -39
-1 -71 88 78 -79 23 76 -37 78 36 38 69 -19 -10 -34 -64 40 60 3 1 32 -11 -89 -84 72 -71 -99 70 31 15 -69 83 -4 -80 61 -30 -5 37 33 -75 -75 -77 95 7 -34 -87 43 -94 73 98 -40 -42 -61 -77 -74 -89 -48 -73 82 36 -5 -87 19 43 85 -68 -87 -19 69 -1 6 46 -26 1 -47 -8 -33 48 -49 92 46 11 -50 86 34 -72 49 87 -44 31 23 3 -3 94 -54 -18 -74 -40 63 47
11 -78 -7 37 -25 47 -70 42 -5 -19 35 94 92 37 32 -22 66 -19 -83 74 -87 -8 -23 10 -14 23 44 -36 35 8 -89 98 30 -43 36 -95 56 66 0 -49 99 -65 97 43 24 29 -79 -10 -89 -61 -36 76 -17 -7 -62 70 -83 82 -66 4 -58 98 3 24 -45 -61 30 -89 57 82 -86 8 69 64 -49 -7 -7 -76 36 -44 -85 -100 84 -1 -54 74 -79 -85 9 -45 19 51 -95 74 -24 -40 65 58 -77 22
40 90 -70 9 54 -67 54 99 -42 -10 -44 -27 -57 92 24 -11 67 45 4 -24 53 75 79 58 50 -93 71 15 65 94 90 -43 84 72 18 -10 -94 -27 -10 -84 15 -2 -59 58 -10 66 99 -91 11 -45 -63 -36 -69 -83 -77 81 76 46 -52 42 40 -62 51 -23 -89 -30 19 69 -5 -91 85 62 7 -74 21 50 44 20 59 -92 76 49 -28 59 18 -53 40 -6 93 40 88 -14 79 40 15 42 62 -66 11 -91
-56 -52 71 3 -74 -8 -47 71 65 65 79 -7 14 -97 -48 -68 -97 44 -22 48 -16 -33 -66 -85 -93 1 57 21 36 -80 30 32 -32 1 -65 -53 46 -59 -82 11 58 49 56 -28 4 60 -44 7 -44 -14 -44 -8 53 -58 8 12 -4 -83 -67 -68 -62 63 16 -42 -83 3 5 63 -4 -25 -74 -46 76 34 -22 -19 -6 -14 40 50 73 48 -58 26 43 2 91 -61 20 -76 -77 10 40 39 68 57 94 -74 -28 -9
-47 -2 45 82 84 -76 -37 -22 -38 55 80 -65 4 74 14 -53 -23 -43 -14 49 -19 -39 -41 73 -100 79 -18 94 57 54 -63 -89 -96 83 93 88 59 -92 -82 -79 63 50 -91 -33 25 -25 -34 54 32 4 -45 65 65 14 39 65 -55 -79 12 -97 28 49 -86 32 -16 59 -27 95 67 -57 69 -18 94 78 2 -29 -95 68 77 37 -27 -68 2 -62 -2 93 56 43 67 -80 46 -5 21 12 79 58 -29 -48 53 90
0
