39 85
388 1007
378 1008
1524 598
829 508
2817 256
1453 219
187 880
34 498
1230 3208
1065 810
2022 114
308 5359
718 923
1751 965
254 1694
133 43
742 1763
214 800
1075 756
1286 1653
659 1703
1689 757
239 1027
358 835
2198 1450
1125 2150
4542 2457
1130 1747
2005 1233
694 1665
2579 2217
993 1470
337 964
2468 293
769 36
350 464
793 552
2227 3712
157 622
1926 2000
1417 992
942 2257
378 1132
710 645
254 2984
998 2495
69 867
147 120
29 5641
204 3144
391 1009
567 343
123 1347
194 501
285 179
494 450
879 234
66 694
2 1291
281 371
504 2394
2 69
368 1887
1436 1264
2041 1165
2124 394
590 1242
52 345
316 2160
284 5
667 489
26 3488
243 1303
530 1508
1127 17
627 2983
1566 26
642 1041
1587 176
1900 293
122 1011
1051 284
247 1038
87 2248
212 129
460 74
963 2305
1890 936
3419 2002
210 650
2034 2290
938 1120
1395 1851
6585 356
402 864
315 78
2184 1941
23 485
273 2939
311 193
1744 3058
177 1068
791 286
313 2257
699 98
360 1218
578 583
986 1129
293 252
831 727
790 176
459 363
467 618
57 3826
120 806
2184 709
77 3011
1762 446
279 1209
2437 615
91 167
1482 1641
1995 2067
47 1838
1110 1002
182 2059
340 491
1760 1369
2124 3745
1346 784
2285 287
2930 626
4360 798
2923 756
350 1746
514 641
2053 24
934 355
1797 207
264 154
261 18
699 681
157 680
984 655
329 117
885 1457
820 564
958 2294
1499 15
25 239
728 1226
782 192
616 298
611 60
3013 540
505 235
1720 132
2944 157
2426 764
1306 1059
88 155
1625 1360
224 3689
837 1419
773 2233
2225 690
1055 1403
123 2218
2451 279
602 352
961 1606
396 1072
777 693
1832 208
1028 1133
1113 3039
479 1225
159 4030
131 2019
179 60
195 103
103 1178
1372 1356
452 88
75 1061
2681 1095
1410 2920
342 538
45 1606
2195 862
438 62
65 73
4075 3823
2831 73
42 761
1759 2663
192 887
383 4873
1333 170
1868 1160
2923 439
309 1020
2061 73
1363 130
204 2009
2743 13
1033 2119
548 3370
1806 675
1011 3077
1164 7458
1291 3
304 469
1521 105
221 95
87 872
475 335
716 481
1579 3178
189 323
2397 147
680 843
769 1399
110 818
1332 790
1179 3362
601 1130
401 697
1666 1020
693 283
2728 666
22 1889
560 1693
660 61
1353 414
724 545
473 347
200 517
25 104
1979 1361
71 799
526 306
2240 425
255 663
1523 415
833 4775
462 1239
43 82
372 325
175 2647
775 221
1051 503
263 2211
840 3469
829 171
929 1020
1728 536
847 756
747 997
21 1687
1484 2198
103 233
1970 695
1199 137
1740 601
66 82
287 2259
337 91
163 1428
218 403
216 1226
485 472
5357 357
47 512
1725 1249
2638 1068
62 834
247 219
1339 357
2723 343
276 597
638 3319
4 152
68 539
727 257
580 60
4 2384
1051 789
1456 2149
1696 505
143 126
1506 1333
575 272
62 97
159 288
2504 861
706 1349
404 2368
1414 439
2973 1237
1402 2183
641 11
1239 79
140 1558
249 248
234 1256
484 531
232 814
3743 1115
2287 2888
769 709
1837 227
3919 602
1544 740
2560 182
147 749
407 1349
767 648
125 1886
402 1347
2430 580
2468 2192
861 3025
308 3233
987 638
3003 227
944 1922
1408 318
147 4679
204 1374
385 5188
2114 212
495 431
370 678
1496 3231
900 1487
632 721
7 70
1197 806
1050 652
2858 645
2458 1195
420 3097
238 838
168 1131
1752 909
16 20
2514 8
700 7790
417 1271
189 122
1791 1097
492 791
1559 171
1627 926
3011 523
4126 322
472 612
419 12
233 946
101 813
161 553
1858 2378
920 2350
2129 779
365 50
336 347
532 2426
132 846
1392 364
1284 26
1890 216
474 1997
4 1231
742 2573
5468 1366
285 1474
833 1472
2158 46
1323 1295
1499 422
350 20
4031 666
1030 332
2849 157
283 328
1489 496
1677 1533
1854 1267
233 48
1115 1579
2446 1824
1111 398
525 774
824 658
52 67
38 4848
1289 690
2551 212
769 2472
1042 535
1229 183
218 1696
381 1833
1034 3415
1067 784
959 89
95 126
531 2865
90 258
352 1340
4433 13
649 1922
56 3844
277 757
1636 806
68 951
1097 263
297 367
1287 1303
1310 661
4427 189
484 947
287 1389
944 384
1015 435
773 4169
1202 490
5007 190
75 1579
664 570
394 1334
1047 1511
446 291
2340 1289
1517 760
1068 2346
963 1501
1049 364
432 244
622 102
390 38
209 304
3671 622
75 250
896 378
403 2012
833 961
398 206
4509 84
609 24
742 1960
466 838
536 1670
242 203
2917 372
54 1771
1362 2532
1350 1520
1862 932
977 278
647 3203
2223 60
1155 92
447 2885
236 262
442 305
1329 658
396 657
1233 918
210 111
39 1105
269 648
799 1176
791 72
43 2173
662 168
651 801
1170 101
1489 675
208 5985
174 452
93 466
1262 1814
1219 65
1291 1413
848 3349
9 351
1105 927
371 4478
174 619
685 2368
2510 120
332 780
1178 489
942 3139
1080 1531
391 792
666 12
2114 2423
692 584
339 385
3558 319
3634 1458
217 862
61 345
1266 2194
1042 628
3461 1124
252 553
167 83
1063 531
1439 441
102 713
4767 2434
1327 606
1244 195
962 2080
271 53
2956 30
2939 1133
171 199
3569 2892
149 1475
889 1920
372 2636
954 1012
1607 68
432 426
1899 980
1756 343
116 92
1648 1274
1483 636
649 498
1644 31
72 1780
9440 1147
1395 447
2970 1656
26 291
937 224
872 610
2573 529
1543 423
1053 128
1758 491
945 1446
593 762
883 1670
1168 2493
2152 3694
393 39
972 833
2308 6333
911 321
353 1958
1890 166
1183 541
7 2492
192 283
1112 44
1846 376
774 1049
591 113
1788 569
577 1045
1390 420
185 1869
2572 2260
1325 1325
1102 1558
1517 750
1578 1191
1078 114
92 372
980 859
928 407
1217 267
10 267
2600 87
264 480
771 204
38 253
1422 141
18 2567
133 307
3001 1329
3176 738
534 573
195 59
412 972
538 1059
1064 2555
1776 159
386 1571
880 775
2593 1217
3210 1357
148 57
1541 752
2670 858
500 613
525 3138
981 123
721 1303
1115 992
2939 395
2956 793
839 49
237 993
22 166
776 1259
701 467
103 1134
182 10
3447 234
305 628
1482 2440
2440 429
1191 888
881 62
4 1019
1196 136
214 1677
201 1586
996 4
1019 2929
309 737
4193 1237
2065 791
844 1583
897 1168
281 50
627 1131
1559 425
1051 519
2345 1686
219 164
679 295
44 4359
701 846
59 1797
888 53
1688 151
998 452
218 756
1105 281
4119 727
1420 1121
43 567
723 788
955 1682
2220 288
253 1855
1721 182
412 1104
3482 695
1403 830
332 374
904 2462
3215 545
1714 740
47 943
447 3147
472 1862
458 1574
467 1828
1418 423
591 282
1689 380
139 123
544 1304
1510 381
2255 1130
213 1642
485 508
312 3678
2345 701
699 2358
354 1359
2033 202
1320 742
941 133
1340 71
1858 303
126 133
778 1425
132 81
1466 698
1773 3513
1595 1723
1845 515
1631 38
856 76
187 116
830 1026
669 721
3143 305
157 1557
1090 28
819 331
602 12
924 574
135 4149
915 690
692 168
3496 717
6112 710
350 16
1243 217
713 2478
2263 214
305 579
1282 484
855 689
1301 629
1375 3630
1210 1087
159 2440
1078 2939
263 1495
311 2036
2183 430
3579 3316
1968 55
20 1645
1280 1265
1457 1005
2059 337
476 872
3837 789
68 306
1594 2915
71 785
499 553
967 53
1135 2797
459 160
433 832
510 537
1573 486
2643 846
2452 879
1212 1332
1550 1682
8798 1976
4422 389
1541 2457
609 1261
1249 286
644 132
1024 578
161 188
799 668
325 1391
1255 2156
454 172
175 413
482 466
1815 2005
995 117
4705 846
1928 1212
515 659
2230 61
804 1188
274 929
640 148
1005 1557
7 1403
1312 345
243 1806
1399 1077
7 278
109 95
2889 1426
1476 1914
1251 594
910 471
349 2190
1357 1473
632 484
217 381
1207 1782
694 514
160 2238
791 414
1699 1982
60 2744
348 31
393 2964
3813 1971
335 2821
123 800
246 1238
107 344
602 51
3477 735
132 1299
1517 395
737 1756
423 1080
1627 1901
79 318
2495 2720
576 661
341 1317
1247 415
1518 1653
222 636
488 136
2761 800
5835 534
625 625
2629 100
3081 879
1848 347
393 1083
609 194
37 1111
40 571
519 337
2125 535
1163 1764
205 5
329 1336
1780 1157
2354 1392
1723 1666
1403 243
1387 210
202 1506
1656 194
2430 2081
2668 1238
14 55
509 1693
1295 2517
6835 449
54 23
565 52
345 2748
2463 36
369 836
829 3565
276 307
2428 1732
1678 1423
84 999
168 302
1638 517
106 596
450 255
2523 3319
214 1193
715 739
234 534
436 2819
714 1610
865 376
2069 436
1297 338
3391 1207
2375 1053
446 183
259 783
181 183
2309 694
3 264
396 648
123 854
52 643
433 790
1779 297
1407 831
147 1173
381 2090
1542 583
400 236
19 168
54 409
85 1453
944 1463
18 2921
815 1122
425 2174
515 1359
614 5053
371 3202
191 1722
446 2840
768 1486
1837 54
127 760
1278 3545
1677 343
92 95
608 164
634 164
279 138
99 423
2946 4274
1381 69
57 1984
1685 219
1001 1244
83 292
813 65
2079 47
322 293
483 2430
48 714
3164 1037
780 1748
758 879
1042 547
517 433
1293 1402
393 4
172 112
206 529
290 40
392 58
1715 1087
280 149
84 1399
2633 1994
1072 2853
1551 1252
117 535
1540 1222
388 413
1533 499
2256 4226
437 5080
216 1474
1436 1366
3 2688
1002 10
2144 258
520 820
502 269
1604 312
749 326
3012 1825
450 448
257 87
837 199
1139 145
1436 1857
1382 684
108 370
249 406
2882 543
324 2023
854 164
514 51
48 1928
3349 796
571 836
261 1036
51 2503
1356 85
2589 781
1697 763
387 355
992 361
75 564
2013 553
1633 1146
3299 1783
1276 1330
1653 675
1316 243
1440 7
143 1675
575 152
571 1303
119 324
520 308
228 157
569 1778
62 441
779 188
1702 170
2011 1229
1442 425
174 206
107 741
2466 530
276 287
35 260
155 152
808 803
1918 1054
234 2409
655 151
303 45
0 0
