989 76825
49924 82006
2901 50906
38376 62450
29997 42768
55133 57503
2615 13048
2798 47812
46781 62764
21330 81664
7443 23989
20262 26192
5144 16874
52249 95403
2250 22273
61112 61669
4973 11385
37359 59975
11071 49371
21875 23741
75200 92562
4937 88016
460 1282
7339 11459
9649 10361
30971 90164
3950 24146
4803 11707
3330 46836
66196 95786
9887 17207
19501 68205
318 1128
45894 90881
7399 50603
18404 42637
29385 95864
47380 48772
40041 66479
47020 61191
27399 53353
8672 11189
15503 67710
2694 18517
4292 30004
39493 83653
37211 71756
55247 75801
53369 80036
7164 23382
53674 81302
56949 73802
21822 96670
46926 74310
29396 82804
14459 39989
44451 86855
7451 13654
23830 74073
2817 69109
24520 46473
9349 51286
1252 4619
77131 91112
13590 93767
11481 15293
71731 80511
40313 52232
3097 11668
38101 40330
49831 62042
14976 30627
13947 31496
193 3459
55478 76450
2211 9644
15433 25329
12323 41150
28395 88016
11941 14601
13977 46754
15500 56849
1725 18988
1363 4445
15950 35622
24539 25126
13990 25092
26346 46558
17 32
47537 62155
16215 22583
47625 99403
13272 32728
16150 77858
67323 72814
495 2525
13271 22352
19360 46832
35100 68453
2933 71994
93283 96050
368 1736
25534 52871
41120 77728
39209 98310
6140 29384
3363 11681
30555 68804
32355 69339
27463 65151
26474 39119
37939 61719
2313 27048
2683 2809
44752 59826
55638 99574
942 71922
19095 77017
27155 49603
37226 77695
6698 94627
4340 68805
13488 35864
2639 50716
13371 84270
11076 47354
7579 83542
8986 84859
15449 17622
4716 6089
3538 62470
11461 33323
721 6972
33483 59184
24002 65084
2679 4486
32216 43956
52696 66019
1824 10899
80914 85022
10555 32601
2996 18557
1416 41448
15791 26732
29894 91082
19556 36517
26877 38483
39973 87943
37785 80178
918 2028
5472 84003
1391 4973
56654 79804
7055 7778
81409 87725
17454 85871
1115 25175
24296 36468
4957 7842
25415 25691
59730 96019
18105 52475
12953 32046
9773 79955
71769 87543
41128 57485
55272 88495
67960 99504
2436 33448
12492 59001
37 81
10481 41498
38437 49299
52499 91876
7232 41165
20847 56064
6812 79773
8472 71684
25280 48956
8775 24041
27409 33620
1779 8043
3319 43983
70007 90412
7327 14827
14699 98604
37809 94285
17504 40162
5788 18066
429 723
28169 49604
28323 96413
44485 65325
5883 41195
12875 19735
27093 50778
27505 46761
68483 75468
43722 66366
55353 68174
10213 15293
9203 96100
2495 6878
13260 53159
36801 68299
15070 84174
8597 10668
35929 47279
43073 48684
61764 90273
22047 53708
102 21773
97114 99870
60415 91212
37485 63120
37190 47428
11389 26163
29073 87989
32832 79789
27884 57985
40063 95030
3760 65990
3018 22745
58350 81690
1254 1742
22095 39846
8018 13011
7203 55918
27740 58859
17389 79116
1730 6516
128 391
61930 70072
32768 65719
6999 29527
24053 97948
42110 65861
26807 30254
9221 77206
47396 60034
83803 83904
33336 34397
55542 61498
1995 9796
33292 37444
18611 42335
6604 15455
65546 76638
13175 31104
21455 35386
22020 66059
27192 85188
15019 97270
15287 20526
22060 27383
6030 53423
70641 80439
3440 8202
14062 78133
9704 62292
320 6908
13314 59537
17129 47351
6189 7888
33983 78530
17428 39085
18594 76606
56521 76508
38535 39713
32441 48350
1375 77593
45486 78382
77571 89591
67701 99966
2852 4580
9569 83301
28651 66883
4818 33850
32977 79011
53333 92688
27010 85011
1312 2128
44071 56044
33985 35491
63442 75669
33476 62852
35301 85613
8492 11291
3132 27816
13907 42927
19281 73514
17727 43882
53684 69064
26263 54630
9212 19468
252 5614
6123 79089
23221 66094
1369 86377
19166 30889
80079 85426
10874 15307
9302 34973
29035 46242
33754 37854
10821 95184
6015 15396
43721 51765
1074 16796
11798 32534
20489 53711
13363 40741
3137 45888
21918 67932
8320 8419
88505 94310
8901 92561
17865 64883
4029 36214
66900 90323
250 292
13402 85435
9140 24570
61 146
14247 43594
75537 77629
13011 70826
5032 30104
24710 25205
16468 48978
41927 96857
24562 27468
48857 52904
15107 16951
253 3473
2379 63184
45108 92779
3375 19451
16817 85818
17269 58714
18998 52275
6172 26715
31087 54712
31818 39814
48706 54854
7001 13539
13155 32080
34951 41127
19373 33356
27290 74100
24365 65351
23596 40592
51578 85902
54132 75477
27229 79638
361 1130
19640 70533
13889 55014
80284 84663
2040 5161
15637 83619
14321 91226
19317 59706
634 681
67624 90430
16673 29890
8503 12064
13626 13909
27284 30523
7081 69684
16696 23577
39595 42073
95783 98657
16126 19354
22533 91914
17248 22835
6076 43214
2664 91231
42658 46412
35361 95981
17254 66692
72944 92622
6292 96351
20618 76719
44507 95916
7219 37034
13619 17215
2159 13602
25110 76193
67555 99190
12658 57470
299 43639
12583 36085
2973 3603
26669 26780
18076 19338
3044 25454
15749 72225
9050 18489
7012 48679
81723 95345
4258 33897
30788 64819
11660 28430
22221 80453
3458 9118
26191 49645
33096 38605
36985 87624
9827 68225
36594 41792
5295 7873
79714 99521
16038 89050
10957 29041
7905 32414
15544 23441
32607 36944
9027 13807
27591 29271
35699 92993
13721 32181
64517 91144
22344 28366
12550 12993
51044 93171
878 84152
18434 22030
8991 81141
172 1683
16642 48808
24974 34566
291 406
8600 60507
33113 36883
2532 8472
11450 28165
14001 72512
101 11438
23961 98076
88935 97467
64655 79215
1149 92290
47944 65292
8255 12325
51114 83611
195 1070
493 33381
84204 89686
4169 15688
20213 83664
6677 56444
18767 64812
23742 31137
8715 29833
186 680
16346 20459
1137 8919
60214 81140
80546 86178
28742 41184
23069 54596
77389 87965
33955 43728
48640 81863
2765 4219
50698 83575
37430 77355
7610 89617
4792 24636
9545 37704
27191 46749
2901 5210
61231 70911
17057 29877
56715 79813
9248 26876
1976 13313
12768 22384
3928 92491
15916 16457
22 69773
27038 57371
22750 48417
40631 55619
62001 66437
12970 98367
1841 51485
15420 68852
88782 89925
55429 79483
4437 69788
3445 4145
5624 21199
5495 40141
17418 30775
57 10398
38376 56628
2406 47675
486 14755
63408 78097
73876 96616
45396 94377
50608 80040
49321 70495
30964 61956
12603 39700
24700 56335
11509 14844
38694 70372
1046 91221
188 11582
1156 1694
34255 69386
61637 73255
27043 52662
32193 65331
16608 27815
7648 97377
15567 22935
66061 77818
3127 17847
12341 16635
19316 61361
16410 51714
37123 86464
32236 32878
15403 44552
9234 66255
33164 83939
35897 98077
57613 90861
16038 85877
19244 23115
12217 26530
2223 51124
21340 30940
10402 21863
35913 43152
74994 79053
9798 14955
18080 37799
52343 63561
24569 82403
63879 96287
65417 69325
1771 2942
51311 57770
63786 78861
3885 72072
6247 26933
5635 9736
29123 92165
1924 5446
12525 14822
8987 30181
34000 50014
10535 77609
30204 50330
20227 43390
3351 26353
12005 40978
71987 72900
9376 18113
71816 79632
3752 57150
8949 13379
3572 64436
68823 98485
5437 40860
38632 54380
1893 43082
8074 39020
16055 17968
49516 80701
2537 35965
56993 74072
17073 36348
41222 75690
54619 98731
24948 44645
35908 61885
5993 22766
13508 63567
4258 96202
17479 34555
58591 75467
7964 54975
71722 98327
3032 3836
13652 34300
7206 86082
3756 16742
51153 55341
41576 76890
10284 47753
960 9952
26029 79558
15506 35957
17355 53966
42092 47550
19043 82740
24952 66158
24183 37502
4406 10657
19562 43513
24012 81137
52195 53326
4509 52023
26111 90311
23881 62739
36670 50447
14312 47700
4524 5407
43418 73128
3270 15815
47202 47894
6140 43692
29449 36269
36853 78536
4968 22531
3369 91881
23346 51641
57 1545
49487 53874
5412 32576
24839 29918
69314 89302
12338 13027
52790 61274
41690 54081
135 6830
38216 75642
1909 16026
29990 31715
31915 58835
8424 16609
39525 57912
57032 95922
35810 71913
2303 51312
53942 66407
48752 87511
316 58847
10144 50417
3900 86690
90908 97207
4715 6472
9908 44041
64209 84758
7437 17058
10101 30001
82908 94308
1729 1916
34972 47369
39497 40025
5037 78317
52602 79910
24083 62140
8334 66363
31235 58875
9565 17055
10957 46572
26215 28930
6300 46024
41866 66368
55200 57280
49910 96748
83154 84280
13235 41817
59329 72492
15409 30328
9037 88273
8386 16634
40663 48993
4954 62970
28848 36049
52835 63949
3298 3550
36304 73232
2600 6565
8080 12655
3382 35967
3125 15431
4618 8066
41806 51895
32140 39089
8582 31365
44379 92460
32240 77775
12628 30994
33065 49319
2756 20767
12077 49661
1407 6144
9390 73891
54083 62491
75372 76552
88256 95948
751 18705
34757 49231
74693 84571
8417 52821
7101 15681
59749 63933
82332 86732
12329 34198
34061 61968
5735 49317
43971 79282
18356 34521
66132 68169
17762 39718
34050 95470
5202 36703
34098 39679
20557 84772
27914 74252
36139 40184
3411 82873
58041 83387
17416 99042
3451 5655
39881 72549
37648 72637
747 10432
3932 5002
1865 4169
23236 23320
48249 80384
2771 13811
45304 45955
8954 44311
30566 36175
1931 10138
82872 88610
77705 88652
10476 11108
40707 48660
10495 49277
21188 35486
11521 28454
12498 38308
52512 85207
21160 32261
9975 21650
57905 85652
13380 44654
70976 87811
14161 14457
3062 99875
80977 91472
2340 90717
32616 82832
27689 86235
13179 60673
81833 91816
18740 62208
10313 21749
49555 91752
1743 13004
79 80
36237 81006
19694 28618
11011 25562
16983 66764
26870 46140
5147 13963
58865 60814
35867 76232
10667 28902
14247 68769
8064 26031
24292 50841
33389 78391
1636 1789
1047 55994
33319 90050
8700 46602
4198 5817
44812 61741
7691 97599
3563 30816
40992 44736
1752 8355
14410 38678
4310 57872
48642 57974
3387 38424
5327 31682
17206 51407
608 8208
34723 35338
36382 44401
8499 16924
42559 54102
11787 22797
46399 86544
19788 63262
32401 45242
43845 52246
898 8873
61075 91366
28008 94019
19445 75660
12614 46603
32431 59169
32575 34468
41854 53068
53505 76445
8885 29085
25244 48656
28951 82247
2501 5494
33728 66478
3207 17124
9009 34654
7505 28841
21224 92842
38231 55809
1171 48560
7386 95569
17187 57221
230 2235
7005 8903
30496 80279
2670 9226
82204 89868
61159 64134
11320 36980
24940 46096
39838 49335
62619 80100
4938 6769
649 1036
20554 41444
24053 64987
12730 57323
39932 67047
24681 32496
4885 38237
6615 13937
1587 41708
2275 38935
75281 99166
16499 36453
25752 30018
2632 26010
20966 63963
53987 83059
23364 95355
8806 14593
44237 61513
23576 82550
4735 31473
3143 4508
5131 27819
11940 17172
12483 22249
16139 75367
3785 32020
41363 66674
90465 97606
44424 72154
14059 25462
5531 26566
32809 79714
33459 81159
8329 13073
31086 69785
58508 78753
937 14255
29144 92737
11404 76097
45047 87532
7117 36399
1945 63283
49678 81588
51461 95756
4765 22457
4390 8954
37272 42035
20916 90180
973 29893
86621 86901
31381 47798
45900 73970
48179 72224
45168 93477
66178 81692
18051 99783
353 559
17384 21162
4053 23953
16656 35889
17101 38136
76508 95431
28688 33509
2133 3363
80212 88863
23125 63078
20716 55917
27778 98711
3462 3755
65332 76460
55806 73196
2608 3536
9708 39307
35364 55902
38200 41616
7711 9668
1868 36632
42029 59921
57405 90710
26690 33541
51737 53548
1537 16232
5031 33666
14072 37604
1003 7131
18368 22866
23842 90305
16014 54081
5101 51100
86105 92871
45 1772
27829 72466
2474 7637
8401 8542
40260 95670
38350 77918
36436 38700
42466 58682
8756 9093
1588 9786
3380 10349
631 96549
29898 59053
3073 30264
14022 60611
1789 2867
19340 25672
262 784
720 7718
1073 31655
4922 51408
47401 52605
421 3723
8006 62473
5471 7571
5204 29038
1257 4909
11879 18572
37220 76215
27293 74114
55403 71970
96867 99207
52307 52312
18580 30950
5833 9316
38509 63417
11564 72178
38581 50830
3633 27308
30943 88716
15190 85560
47765 52797
30931 43339
10643 54430
5767 20204
51965 56378
3071 5524
51945 89814
11540 55575
11594 17866
67765 83369
14227 25613
74382 97304
7740 31447
18094 89744
44797 59489
4658 37914
53441 65771
16899 83654
32 805
27874 48744
52113 96030
10960 12767
8272 12103
1980 6607
29900 33231
6620 11250
3894 45521
27158 35285
8301 33165
89993 97128
117 332
3265 4939
14436 16294
14757 86302
3239851 9244972
6572340 7428109
7774314 8931118
105052 7432233
4482478 5538802
2780928 3138096
3022646 7090310
779472 4746114
4235275 5118406
7877270 9338974
703717 777438
624127 7700148
2094306 2555895
3105752 7420680
4267803 7053276
3712898 5895128
3175437 9555255
4367239 5146178
522898 2027985
6528410 8627719
0 0
