87 321
33 77 60 3 18 13 31 61 5 86 81 68 30 8 87 63 41 33 54 48 51 57 81 7 98 94 78 16 47 43 1 52 47 24 95 84 56 17 85 3 16 41 5 93 42 49 85 99 71 1 13 82 36 34 30 43 93 19 53 65 31 84 33 42 87 55 59 92 86 100 40 22 71 50 75 28 3 18 37 1 49 90 69 22 24 44 20
37 49 81 35 46 87 33 69 45 64 34 90 34 67 59 30 42 52 4 5 55 84 53 38 52 78 97 47 61 75 47 88 34 55 66 90 100 81 18 31 12 14 47 15 49 27 61 43 82 50 22 62 86 46 35 6 92 71 53 65 23 78 46 3 79 45 54 92 82 48 8 55 64 49 8 2 88 62 91 26 89 84 46 11 71 86 75
50 99 71 78 3 42 91 45 85 5 36 97 84 23 25 49 76 24 54 80 3 54 70 85 1 14 1 18 47 93 13 19 36 30 33 84 0 64 53 31 83 7 11 4 24 19 69 27 0 64 31 12 71 19 28 89 18 47 32 0 95 77 5 84 93 35 98 89 96 5 45 92 41 9 17 75 38 6 19 40 12 91 1 89 62 11 60
89 57 94 66 34 41 10 13 24 56 41 4 2 23 85 35 26 46 35 94 28 20 86 56 62 64 6 52 68 69 30 95 77 100 34 63 45 83 12 29 7 51 41 90 45 21 79 11 87 12 8 31 33 65 90 30 39 43 21 7 58 28 54 11 99 40 31 2 33 23 53 25 29 41 70 42 49 18 81 86 21 47 66 41 47 34 77
24 11 3 49 17 45 8 22 74 23 94 88 70 21 29 24 5 6 18 41 91 73 42 47 4 66 31 92 18 46 3 27 10 53 46 72 47 67 88 66 97 80 64 16 78 3 82 43 100 98 93 70 75 47 75 30 26 22 9 31 42 20 87 67 96 51 74 45 3 42 54 64 97 31 98 74 98 41 86 30 52 62 27 72 13 89 21
53 53 87 30 96 62 73 60 9 73 85 12 30 59 43 1 20 72 84 2 59 28 21 71 79 80 52 90 38 85 84 34 35 20 78 5 38 63 12 31 13 76 44 41 40 88 90 94 65 39 29 2 34 18 74 86 74 78 22 26 28 3 99 87 65 36 55 12 51 27 19 54 52 44 69 11 13 29 35 15 44 18 11 79 34 43 17
63 93 91 55 51 53 19 24 49 92 85 83 29 1 17 98 89 4 10 63 77 45 29 25 13 72 46 78 7 69 57 21 82 34 26 93 97 49 50 77 73 2 85 6 15 9 91 99 3 22 43 69 100 48 23 41 75 5 11 70 33 61 87 28 55 15 47 72 95 98 69 1 50 57 48 66 54 58 86 77 13 56 17 86 78 52 73
29 15 36 94 50 61 92 80 12 68 12 29 34 91 52 40 40 89 55 71 37 97 84 29 78 79 49 30 48 82 63 6 5 74 6 16 82 84 72 60 17 21 24 50 63 45 84 34 1 31 66 10 37 22 39 98 69 72 51 8 33 1 87 71 9 50 100 65 46 14 74 58 30 60 99 18 18 59 33 14 78 40 57 41 12 21 54
29 82 15 18 11 17 37 24 82 12 65 38 0 42 43 8 40 20 88 90 74 73 16 76 15 16 90 46 48 84 90 39 53 56 99 37 54 46 3 37 86 33 63 23 33 24 53 79 41 15 21 32 53 43 26 61 73 50 15 91 36 16 58 33 41 79 34 78 88 13 40 83 76 16 12 56 41 29 17 46 9 77 88 94 77 60 27
24 1 95 49 20 65 63 6 53 22 46 62 92 67 0 98 55 19 44 14 37 6 40 6 95 59 100 91 26 61 16 98 4 88 58 6 48 94 80 5 17 85 57 70 44 93 22 39 20 78 51 99 6 94 55 78 39 47 71 31 66 10 32 39 16 79 24 62 89 24 18 71 83 8 41 94 27 30 63 10 35 85 3 58 56 49 30
32 24 83 44 1 81 25 38 81 86 43 2 100 22 74 6 40 35 80 4 27 44 57 91 54 49 34 69 26 80 14 96 48 55 58 15 10 16 86 71 84 100 20 53 93 82 74 98 79 22 57 59 91 6 83 67 32 4 65 89 100 84 63 16 56 39 26 20 3 56 8 60 2 69 67 22 58 61 58 57 78 93 61 40 47 85 1
5 70 68 65 4 61 45 39 39 67 42 92 100 64 21 23 25 89 55 36 18 100 24 37 1 35 22 53 57 16 3 69 93 5 56 9 3 63 19 30 39 47 73 17 0 90 55 99 82 99 74 7 88 14 7 76 87 55 23 61 9 18 82 12 10 75 52 36 39 89 24 44 81 93 93 88 11 25 58 6 84 62 91 94 89 91 10
99 82 86 17 35 97 44 38 98 68 70 86 1 68 78 46 62 47 98 76 26 68 56 13 34 21 46 48 60 17 94 5 78 88 22 59 56 31 95 98 49 45 11 36 9 35 92 52 43 47 82 19 53 23 86 70 84 70 39 19 77 38 13 14 35 54 62 54 27 51 8 81 15 51 68 82 14 69 98 23 85 32 11 34 14 66 45
13 38 32 55 84 14 25 100 94 61 13 12 35 82 84 78 38 3 78 57 6 5 48 97 2 53 47 88 8 85 82 62 100 0 84 64 20 62 12 24 80 0 28 83 61 48 57 40 12 3 19 61 86 72 8 82 86 57 43 25 20 55 39 27 12 8 75 18 6 56 45 21 60 41 20 71 79 19 42 55 47 96 84 8 76 43 81
48 86 6 49 94 56 65 2 49 63 76 52 32 20 4 5 71 16 78 94 20 100 70 24 92 69 54 24 33 21 52 43 29 86 86 52 38 22 53 78 38 93 54 62 59 59 35 23 62 7 86 92 74 66 42 78 82 82 23 46 79 74 71 89 73 84 29 86 98 64 19 3 41 16 0 77 86 34 78 73 90 20 81 19 60 13 62
40 61 7 20 67 68 92 90 80 39 65 14 60 38 10 92 3 64 3 55 87 22 54 74 41 72 2 54 55 73 78 42 47 86 38 25 87 72 61 41 83 90 70 93 32 66 92 13 47 15 56 50 8 70 22 21 63 56 68 4 83 41 58 93 52 90 26 60 6 75 68 3 35 9 97 62 49 83 53 86 100 2 37 47 67 61 39
6 22 30 39 36 0 60 27 63 67 22 15 53 25 91 57 27 19 98 19 89 21 57 41 61 38 2 94 61 49 15 98 13 86 23 8 12 74 12 35 100 23 20 20 28 60 79 3 26 6 100 92 74 79 41 35 84 13 6 90 4 66 95 84 4 23 49 12 35 86 41 96 100 100 15 16 30 57 46 55 64 34 72 9 57 80 69
44 27 44 44 93 69 68 42 50 6 99 6 29 5 26 56 92 41 60 28 61 84 4 97 27 65 89 98 84 53 40 35 60 72 88 74 24 59 87 72 36 11 36 40 11 91 95 18 74 64 88 77 44 65 35 86 89 30 9 50 90 65 97 6 57 59 81 64 26 98 72 4 94 5 90 46 48 20 25 21 21 68 45 23 61 87 36
90 48 31 24 15 17 76 78 41 74 86 100 27 11 17 65 51 64 84 81 6 62 48 49 90 79 70 90 52 94 0 92 72 26 13 88 19 89 68 15 21 74 44 88 100 32 61 87 4 37 21 93 44 30 26 97 84 0 7 6 86 74 85 62 57 93 11 21 68 35 17 76 98 39 100 30 92 63 45 67 83 16 26 82 62 87 91
80 81 39 4 78 72 91 23 87 44 23 78 28 69 65 94 72 98 53 73 47 38 17 98 58 11 81 37 8 89 91 54 86 38 79 67 53 43 0 47 21 7 12 58 45 0 83 17 92 81 72 17 34 2 44 46 42 78 44 4 77 87 21 84 62 37 52 53 89 43 29 91 16 58 15 90 30 32 22 18 36 79 21 21 27 76 85
54 31 85 91 34 61 40 18 97 30 1 29 89 0 52 74 24 61 55 89 9 25 72 99 40 38 88 9 28 98 54 38 30 1 13 35 51 34 31 42 86 31 96 5 40 93 41 18 2 52 11 0 7 62 47 22 21 78 57 19 94 74 10 34 56 85 84 38 100 44 71 44 84 88 100 2 27 84 63 84 66 53 74 73 25 29 80
95 55 77 41 22 79 66 34 0 30 9 45 40 6 79 41 39 93 67 47 90 71 34 24 57 71 1 21 65 34 15 49 58 10 46 14 26 66 24 15 57 57 62 100 55 65 84 99 36 84 21 16 98 35 68 92 70 21 36 97 61 88 80 29 61 66 96 98 99 43 99 56 39 60 92 50 51 64 20 85 20 74 96 30 12 19 65
46 11 42 46 62 24 49 87 51 46 84 49 71 28 9 82 82 20 17 34 97 57 76 85 24 63 76 17 52 0 58 96 70 14 34 81 95 0 83 6 21 82 65 27 24 10 66 37 30 8 7 64 91 96 38 53 63 83 56 87 86 29 52 70 79 81 47 39 28 91 38 40 50 36 28 4 31 33 85 82 75 47 61 67 19 77 54
87 67 42 20 91 19 86 62 23 99 60 13 85 0 23 76 88 12 91 99 37 93 46 48 16 2 98 4 76 53 24 80 74 33 43 31 26 68 71 89 5 8 82 41 1 72 52 32 0 5 57 80 2 77 32 14 1 48 10 46 74 30 4 63 27 78 86 97 77 43 98 88 13 98 24 75 86 29 61 89 47 82 29 32 56 51 12
44 1 66 54 61 93 61 45 53 88 35 60 94 59 68 62 80 54 64 47 92 92 10 65 81 55 83 68 16 84 54 84 73 37 46 69 29 31 63 16 51 35 45 12 99 92 97 88 25 14 16 25 59 30 46 19 13 98 83 60 46 25 28 76 11 89 66 8 4 98 91 36 74 51 77 92 40 12 55 63 47 90 83 46 5 86 35
31 47 29 34 48 12 73 63 87 45 35 70 67 40 48 61 94 22 19 4 77 81 70 69 98 42 95 82 70 96 65 26 90 26 31 51 17 84 75 9 52 98 50 0 4 66 52 46 85 91 32 68 33 67 91 65 70 6 66 21 53 72 79 93 40 85 32 15 78 37 36 43 56 52 67 100 80 6 93 57 23 89 77 6 21 18 20
91 48 15 31 95 19 71 43 4 55 39 25 35 91 32 41 15 83 57 26 94 57 61 12 64 100 30 61 83 66 29 87 100 55 72 5 81 43 24 6 25 60 82 39 71 42 35 50 68 49 7 19 81 47 2 7 56 65 72 73 85 15 78 68 24 96 19 10 79 10 20 7 45 88 78 75 5 50 95 92 55 47 70 12 74 53 35
50 11 2 32 8 30 97 95 42 86 68 63 23 87 88 90 71 67 62 12 67 45 46 49 2 18 77 59 26 82 12 94 41 2 63 37 22 59 22 20 32 24 35 67 81 94 25 45 8 55 85 86 70 13 96 85 18 43 39 62 31 36 96 80 43 57 86 89 83 88 2 70 69 24 83 37 18 60 5 88 50 68 58 41 74 49 53
90 19 49 42 16 49 55 44 10 74 35 36 32 35 6 4 11 61 73 51 86 100 10 44 63 32 96 31 85 30 55 5 64 38 87 61 52 74 4 32 14 91 55 68 2 87 25 100 36 86 6 48 44 36 21 36 98 6 82 29 45 38 88 19 70 33 64 58 61 37 29 73 25 0 67 81 65 93 58 12 37 14 60 54 76 98 68
85 29 61 21 16 27 45 18 99 77 45 38 25 65 19 28 39 81 59 43 77 3 71 40 14 0 15 68 18 49 57 25 82 16 54 21 17 1 55 62 90 22 85 12 39 9 47 33 26 47 38 76 76 59 80 67 28 17 90 29 24 25 5 26 17 60 89 54 56 37 97 2 79 47 27 60 58 8 23 20 81 43 47 83 17 59 28
59 34 77 27 14 17 3 50 23 62 91 15 38 73 90 82 18 60 89 17 31 16 71 75 59 98 45 47 41 21 81 23 33 57 51 100 14 23 34 16 62 81 24 12 50 5 21 3 53 66 89 52 95 19 22 13 72 60 13 6 8 58 49 39 61 58 36 34 72 86 12 6 11 39 89 87 4 32 18 29 46 81 30 61 13 41 100
3 95 22 79 53 69 31 32 35 67 53 25 38 97 23 21 32 70 26 11 92 21 66 6 55 73 85 86 55 10 80 76 43 3 28 46 63 98 80 28 44 85 69 79 93 35 68 12 98 83 31 70 36 60 34 57 96 13 49 19 20 38 25 12 86 69 26 97 73 63 100 81 45 23 59 89 26 76 62 52 100 39 38 84 31 9 65
49 71 20 24 77 30 97 20 7 5 72 36 86 73 19 19 4 41 9 90 33 50 46 98 17 53 62 72 40 33 0 93 99 3 95 98 21 100 27 1 43 9 83 92 97 60 83 3 50 70 10 27 98 51 80 89 83 96 55 98 55 37 58 93 58 18 43 76 66 87 39 89 71 47 60 18 75 87 87 40 52 47 96 10 7 90 27
2 33 56 73 77 46 85 82 20 4 20 82 91 66 9 55 24 94 25 30 32 51 36 30 81 45 64 26 28 50 37 47 30 91 90 0 65 17 7 90 7 7 76 73 22 23 61 9 81 80 79 21 58 30 57 14 83 36 95 34 43 55 88 9 50 26 64 27 99 15 59 21 31 43 0 36 41 69 69 70 55 30 58 88 66 37 50
87 26 28 76 48 38 95 29 32 91 17 94 59 63 98 28 55 46 3 25 29 1 69 61 67 61 24 0 3 52 90 87 72 89 54 39 32 16 13 84 89 32 78 86 85 14 93 37 10 66 15 28 2 59 58 3 25 5 36 12 73 75 23 89 44 61 73 52 88 90 31 64 98 5 49 54 88 37 45 52 73 7 63 65 51 0 72
53 10 80 17 2 62 36 73 75 91 26 23 29 36 46 6 92 58 59 5 55 5 55 47 98 71 0 18 14 44 83 17 6 81 90 71 64 63 99 100 73 9 79 33 92 18 70 54 48 26 97 87 46 73 28 43 26 41 9 1 19 92 47 0 100 32 73 34 36 25 10 94 39 19 79 26 9 28 41 50 9 78 28 72 35 94 63
31 13 27 64 59 69 42 28 63 79 54 71 53 71 57 96 79 51 80 20 18 19 15 73 18 59 46 58 29 3 98 33 100 73 11 51 14 27 34 58 72 70 88 45 70 33 67 82 0 94 48 51 42 40 40 99 2 80 76 55 97 90 89 34 38 21 49 27 92 60 49 52 27 9 5 48 37 99 36 83 33 38 18 95 84 74 40
31 42 49 84 50 35 87 15 90 11 20 13 0 26 85 73 81 59 68 70 36 73 33 5 80 92 73 0 75 82 39 29 16 83 96 0 23 10 6 2 23 100 43 10 2 21 86 83 56 40 35 1 68 0 28 17 90 41 53 66 54 61 54 47 23 22 39 66 83 43 9 2 32 0 35 26 35 79 42 30 60 71 36 98 89 8 0
75 64 3 72 75 97 32 7 21 74 89 72 27 33 28 67 53 32 6 73 49 83 43 68 85 25 68 57 2 97 58 74 32 53 55 56 42 64 88 47 84 17 11 30 22 4 66 49 1 82 23 44 4 3 61 17 74 95 75 44 93 99 2 8 6 94 6 99 93 15 23 80 55 63 85 24 79 88 83 90 64 12 60 67 67 89 82
79 89 47 36 67 60 23 29 47 28 73 34 22 76 99 46 67 13 42 96 59 24 22 28 44 9 88 65 93 86 18 51 77 78 93 3 74 17 82 54 81 69 47 19 38 14 15 37 48 59 28 47 4 66 52 26 91 38 59 14 27 54 64 33 21 22 3 93 93 3 75 76 31 85 91 53 6 38 78 41 36 71 58 19 84 98 39
91 50 6 60 87 24 30 25 2 66 70 26 69 96 80 14 12 44 83 11 61 51 2 62 68 0 73 94 47 77 37 100 53 51 10 48 83 79 62 57 11 32 43 59 31 56 95 47 52 38 96 14 31 48 16 38 92 31 17 73 38 28 79 76 27 49 91 56 87 95 71 61 74 60 98 81 99 61 9 2 3 18 23 26 88 16 19
6 32 83 33 40 76 53 21 42 13 42 79 7 49 69 81 97 26 71 100 24 31 86 1 22 24 1 84 91 0 97 17 84 97 20 75 16 69 34 96 29 16 86 64 27 89 67 51 67 31 33 98 10 12 6 8 70 52 37 33 87 63 33 37 91 16 4 27 0 78 43 90 47 62 91 56 95 90 29 54 77 52 8 0 67 37 75
26 29 54 82 78 96 77 12 43 59 3 80 51 23 25 75 77 60 64 47 18 52 68 20 94 98 84 32 42 60 51 88 79 83 8 2 66 57 78 96 22 79 76 52 98 14 57 84 11 100 95 80 99 54 73 70 15 34 95 16 85 12 79 88 42 19 83 76 83 40 76 30 20 9 1 67 29 32 49 29 42 63 44 62 93 97 76
49 31 42 96 57 83 95 63 67 33 95 20 45 17 97 72 65 29 33 32 28 19 65 49 10 65 48 97 70 21 72 65 64 22 94 95 79 49 34 66 7 68 29 54 53 51 94 15 2 8 68 2 0 8 24 22 8 93 98 86 29 18 94 90 50 74 99 97 5 63 74 30 68 98 49 75 24 50 75 79 32 84 27 89 64 82 24
49 97 57 22 27 53 46 38 59 39 7 81 100 28 26 29 18 84 97 87 18 56 22 88 93 74 87 19 18 53 43 17 62 56 95 10 82 91 49 5 78 20 9 10 78 82 72 65 46 46 52 44 90 96 21 32 73 1 70 37 65 31 56 8 90 1 17 69 25 54 78 15 75 29 84 78 38 54 37 42 59 66 1 77 34 56 82
50 62 18 78 77 82 63 19 89 50 28 35 31 60 80 38 90 36 53 41 58 27 82 87 46 13 51 43 5 34 67 40 57 3 9 52 92 37 72 77 81 88 48 94 91 91 44 54 55 57 68 11 45 85 40 54 96 17 87 31 18 47 100 9 97 92 4 60 73 26 84 14 66 41 46 53 94 92 67 36 67 75 8 46 21 31 54
44 8 59 74 94 32 74 50 62 80 31 0 31 32 50 18 59 54 45 23 4 17 41 62 57 26 84 66 1 67 94 64 64 27 49 62 28 61 54 22 100 50 67 39 99 97 27 11 100 11 26 94 86 36 82 4 63 0 47 51 94 88 91 65 90 94 100 4 29 11 6 81 80 64 93 41 92 47 57 29 99 82 79 44 25 16 62
22 46 90 40 33 43 72 32 37 65 85 89 19 25 84 16 77 66 72 47 89 24 18 48 92 55 64 95 10 47 58 80 97 68 98 35 25 10 25 9 83 85 40 69 6 27 75 82 18 97 41 76 84 88 33 65 58 34 23 72 37 23 64 53 20 76 23 44 29 43 49 17 41 12 63 10 84 23 16 59 80 0 32 37 95 91 94
10 10 97 16 24 8 15 9 65 53 57 61 28 14 95 18 49 61 11 6 29 73 17 6 79 50 28 84 94 98 88 44 91 31 58 39 3 10 37 68 44 55 98 98 54 81 1 4 3 98 73 97 86 2 13 96 53 3 58 93 59 48 96 16 2 76 71 59 88 18 78 74 10 36 73 98 63 51 3 7 29 5 69 92 79 57 0
50 1 86 48 12 32 75 62 79 44 96 1 69 33 19 0 1 8 37 69 81 35 96 56 56 33 5 88 88 81 97 77 46 10 80 3 55 13 53 43 98 53 82 100 68 30 54 0 32 78 97 4 1 55 9 100 63 99 3 100 0 99 79 33 32 45 79 66 59 54 43 75 28 22 69 16 84 4 73 65 39 35 18 94 49 49 38
84 38 55 2 95 64 88 94 87 47 4 77 55 44 31 27 57 6 37 50 49 36 74 100 84 99 27 36 37 22 100 5 94 97 14 29 24 24 54 74 96 33 28 41 56 84 12 50 49 29 38 22 18 21 30 59 30 44 45 67 77 16 35 51 27 54 75 46 44 42 20 4 30 96 52 1 57 44 62 98 5 61 49 11 28 49 30
16 31 24 3 16 9 54 13 30 16 81 70 14 93 89 53 75 17 53 77 62 95 85 16 36 99 8 65 47 59 50 100 25 57 21 91 36 89 15 78 93 53 63 12 0 31 85 59 75 95 85 35 71 85 37 21 76 82 5 91 19 58 9 31 44 66 14 68 40 71 53 95 24 0 78 75 100 91 43 36 16 99 28 12 16 48 57
40 10 18 87 31 50 27 52 56 64 52 27 86 66 99 73 49 16 92 25 85 35 23 67 64 99 56 80 57 25 3 20 62 58 62 85 54 22 0 74 45 67 5 92 18 60 54 9 57 28 76 46 90 43 54 6 69 43 60 96 12 20 97 61 43 25 12 45 32 88 42 71 36 96 45 19 56 14 7 40 46 35 66 54 14 26 81
66 97 31 30 68 78 17 88 76 58 76 47 18 88 87 60 18 29 81 67 4 42 13 83 85 71 75 16 83 71 46 37 25 4 54 32 1 92 53 77 46 62 71 59 2 5 32 42 8 48 82 63 21 7 44 83 92 52 45 22 98 41 21 43 47 32 38 46 100 71 38 15 65 75 23 44 56 51 31 24 62 86 58 13 43 72 64
12 67 69 58 89 39 81 82 69 33 6 26 50 20 64 20 78 82 28 73 37 90 46 40 52 18 35 13 6 83 56 67 40 94 89 69 74 57 85 83 35 23 98 94 43 15 16 65 49 16 27 90 34 39 72 77 32 65 20 4 52 16 21 57 0 5 22 84 45 0 30 75 72 33 3 42 60 9 17 9 49 35 32 55 16 60 83
91 75 79 0 65 39 17 29 8 99 82 12 34 75 25 5 10 38 89 47 42 32 42 89 72 39 53 92 29 58 35 68 73 11 91 55 16 66 63 48 18 20 93 9 96 65 56 99 9 27 7 100 90 65 50 66 38 37 46 3 83 30 61 37 63 67 45 89 92 85 100 82 80 52 13 65 97 20 98 33 24 11 69 55 9 48 36
47 46 0 42 31 90 12 11 41 83 98 68 86 32 96 85 59 1 69 55 26 62 44 97 41 94 69 75 61 86 44 29 3 85 59 28 22 43 3 15 23 69 24 63 51 15 84 82 74 93 70 58 25 40 14 68 73 79 60 50 35 55 58 60 49 43 19 5 44 79 49 4 57 53 7 27 15 53 1 58 69 3 22 41 47 5 85
11 61 93 69 43 99 3 14 42 99 55 65 78 61 28 38 12 38 56 100 7 10 40 80 34 8 6 31 58 75 7 29 46 16 14 20 55 63 65 17 31 28 52 81 49 55 79 85 97 4 1 94 72 88 72 24 5 58 34 71 74 62 26 25 4 71 36 81 90 15 6 37 52 39 3 69 39 33 16 21 97 76 100 100 46 15 98
80 15 68 95 93 76 81 77 41 34 76 84 19 68 69 4 54 35 61 66 78 94 2 42 3 42 74 22 60 66 88 94 8 31 26 42 77 35 3 80 48 98 77 64 41 10 15 82 78 20 15 53 25 61 78 24 15 35 30 21 39 22 10 90 34 72 76 5 36 100 71 25 95 12 4 29 53 83 48 59 55 0 61 76 63 57 76
52 57 98 76 2 57 46 89 99 27 58 66 42 71 25 29 67 80 54 61 87 8 59 84 70 68 30 66 49 60 41 73 0 65 23 47 81 11 91 27 74 72 74 56 57 54 89 36 6 77 31 79 62 58 49 60 30 54 9 88 30 36 20 0 39 69 95 36 93 65 80 79 27 20 42 26 8 78 9 99 31 89 77 38 7 21 30
88 56 85 16 43 94 2 76 50 52 13 8 15 15 73 69 0 28 56 32 14 85 75 32 57 100 30 44 11 36 67 74 92 54 70 48 31 99 74 77 70 21 59 82 54 98 46 36 62 61 91 8 91 70 93 57 72 0 90 40 61 59 69 55 59 60 87 2 90 83 47 27 77 16 40 52 81 67 76 27 5 81 81 11 23 68 13
41 30 67 60 73 88 97 40 46 50 54 12 39 84 15 65 79 1 67 19 25 88 89 99 37 58 67 30 63 5 29 57 61 8 44 25 47 10 81 12 33 36 33 91 74 72 14 100 24 49 67 1 16 6 57 16 23 78 90 32 37 47 7 41 44 54 70 19 50 100 52 20 73 42 32 17 94 95 37 13 64 70 34 93 86 29 86
45 95 53 72 29 76 15 29 93 87 39 91 50 83 32 55 57 19 61 81 49 35 95 38 51 83 89 66 25 55 76 78 9 43 58 92 80 74 25 44 53 27 40 76 65 72 41 83 93 24 38 97 74 63 4 0 14 32 82 46 70 31 77 92 95 45 73 1 27 86 18 40 38 47 6 67 53 16 63 54 79 66 45 98 49 15 95
27 44 53 90 59 33 75 1 31 98 14 10 22 59 41 21 20 21 4 79 82 34 92 30 50 21 11 45 66 16 84 11 13 40 55 57 20 88 91 18 48 31 86 95 46 82 21 56 11 97 27 92 47 49 4 29 73 81 88 72 13 64 5 52 98 34 25 1 51 40 18 82 83 23 21 85 57 54 76 99 93 14 25 22 91 7 80
54 64 32 0 87 41 7 77 9 75 87 49 13 41 56 46 25 59 77 42 96 28 85 46 31 71 4 38 67 19 14 16 23 4 75 69 52 35 47 58 28 44 45 70 15 88 68 77 74 50 75 69 20 37 55 53 75 63 51 52 45 84 67 100 89 90 30 51 86 43 27 32 59 59 61 80 76 33 33 34 6 24 76 31 18 87 85
44 56 64 12 21 78 37 29 44 63 30 86 60 30 15 79 6 36 49 62 32 86 19 13 69 28 44 69 53 86 56 10 53 89 78 35 97 54 41 80 43 2 20 16 34 98 1 88 20 92 5 30 35 76 95 40 23 26 97 43 70 50 89 50 25 52 83 78 98 81 93 34 14 59 95 42 80 13 90 30 11 41 84 74 10 47 0
19 39 18 75 91 74 70 23 47 66 78 40 8 34 84 1 47 8 59 87 66 46 93 23 49 14 1 63 28 46 35 38 47 32 70 34 17 2 48 36 96 33 56 42 21 77 65 19 80 52 40 49 81 84 98 0 22 35 24 17 66 28 82 60 14 22 21 87 60 76 67 0 0 62 27 56 70 33 38 25 7 50 7 46 43 58 77
71 48 82 8 22 54 6 86 74 98 100 62 18 22 93 89 24 20 87 75 94 30 38 96 39 65 66 87 85 53 92 25 22 25 66 44 42 73 96 99 25 66 83 58 90 90 37 5 34 79 80 11 10 39 42 8 77 53 52 88 29 30 82 3 87 8 68 53 68 31 49 71 0 36 97 22 100 1 66 64 16 85 6 14 86 31 40
52 35 80 41 61 44 44 18 54 24 54 18 97 74 10 59 43 4 64 0 61 78 18 72 15 12 50 5 78 97 51 96 21 82 2 22 53 95 52 51 65 96 39 66 36 50 4 73 52 58 64 66 73 77 67 76 41 88 64 73 68 70 18 58 59 23 8 50 61 2 49 22 62 22 6 43 88 72 49 62 11 34 58 98 73 8 15
0 69 72 93 7 62 92 3 90 16 1 19 69 93 18 0 65 40 73 27 8 81 94 20 99 76 36 15 24 6 18 61 86 56 22 68 44 72 13 60 98 3 43 15 34 84 9 38 47 30 51 6 37 83 15 90 49 33 14 47 36 88 4 83 16 86 18 60 30 16 13 67 15 61 9 29 32 85 66 93 64 71 22 6 0 60 58
72 40 9 50 86 87 57 93 24 6 32 57 91 64 8 51 98 49 88 34 37 91 36 43 60 37 35 26 45 59 34 51 74 83 83 45 17 28 74 91 78 82 93 91 58 91 91 28 19 84 2 49 49 60 85 97 47 31 13 99 47 4 27 57 78 28 6 33 69 71 75 78 44 59 49 94 54 80 97 77 58 46 49 42 42 25 38
8 24 21 43 66 66 39 43 77 50 34 59 8 56 7 38 80 8 88 16 56 44 54 21 82 51 21 58 96 32 4 66 23 87 39 100 59 100 62 5 55 58 0 90 34 7 32 67 2 1 84 28 80 69 21 40 36 81 100 23 5 99 6 54 3 15 88 34 96 8 80 89 17 77 88 55 97 17 8 13 74 89 75 56 90 46 57
27 49 92 88 53 42 2 44 96 65 40 39 64 29 96 65 73 27 65 100 52 21 54 66 52 86 27 38 60 18 70 51 64 44 97 73 23 16 39 81 17 30 0 15 45 63 72 85 23 41 76 45 10 39 42 45 99 31 40 12 94 25 12 76 60 71 39 3 74 52 33 86 33 77 47 92 82 35 78 7 86 69 55 60 0 83 54
40 24 97 25 89 27 91 20 32 5 47 78 33 23 3 58 31 71 14 71 34 85 71 38 67 36 31 26 10 19 69 26 43 47 56 90 26 88 4 68 43 96 75 92 0 4 0 90 26 61 76 42 59 62 25 73 92 41 38 38 10 31 60 18 63 52 56 51 7 44 14 84 39 72 98 30 14 89 59 82 78 100 71 53 64 6 98
3 6 46 66 65 39 93 88 52 5 5 73 47 54 100 71 40 77 11 7 42 90 97 24 67 9 44 53 54 48 62 35 83 3 38 48 8 78 94 78 52 98 53 87 52 81 34 3 93 23 71 2 75 100 3 38 63 2 65 96 74 43 75 49 86 86 63 26 89 15 31 42 19 8 57 28 73 37 94 46 76 76 61 57 49 95 57
40 38 26 59 79 99 21 5 9 52 33 52 49 9 100 7 19 18 96 25 73 7 18 27 33 73 24 67 40 86 27 61 14 93 74 70 16 58 64 3 8 89 73 49 99 62 66 13 5 65 49 41 2 10 70 56 30 74 58 32 37 46 34 48 77 84 94 33 44 42 37 62 66 65 94 75 18 90 52 80 14 11 80 11 95 14 76
59 84 44 91 54 66 81 48 84 45 94 55 67 0 55 31 40 6 77 69 51 36 56 75 25 22 1 73 59 49 90 16 71 85 90 51 16 78 56 85 15 68 33 93 54 14 35 46 97 32 21 1 52 84 54 21 35 34 87 11 44 22 48 48 59 88 34 39 53 54 14 96 32 36 19 27 87 5 22 17 31 5 91 81 85 97 26
43 50 96 7 50 87 59 2 80 4 79 85 77 80 79 82 5 74 7 63 92 9 5 21 76 97 22 88 61 1 8 66 22 68 43 92 34 23 56 40 100 9 96 7 19 84 2 30 10 79 67 24 11 2 59 1 49 55 40 60 75 37 28 61 7 74 54 83 41 51 63 39 93 87 63 59 31 31 67 94 71 43 55 5 2 61 77
59 60 56 98 71 73 82 25 52 95 2 94 7 11 12 79 31 2 14 53 1 46 36 23 31 2 0 87 28 22 19 32 58 54 41 84 8 9 76 74 72 64 49 15 87 55 51 63 64 27 64 31 88 18 19 19 98 97 0 16 26 81 23 80 65 80 68 44 30 7 37 46 13 4 7 2 45 18 61 46 27 45 89 73 21 57 50
99 30 62 29 20 16 86 71 29 76 67 86 24 60 30 39 77 28 59 73 27 45 94 13 100 94 76 28 86 92 68 30 2 29 1 100 53 38 11 34 99 74 39 56 77 94 45 30 86 85 37 83 73 60 2 5 5 61 89 74 27 92 90 97 69 67 91 100 100 69 78 42 53 61 34 84 3 25 17 62 77 81 11 81 42 71 26
48 86 33 66 75 71 37 19 67 17 9 64 19 68 13 12 80 45 96 12 42 24 32 19 19 25 67 0 90 85 45 67 93 71 83 73 12 36 70 97 57 44 87 31 79 66 37 76 77 49 67 51 67 88 2 26 77 28 27 89 61 89 65 99 81 32 12 85 63 16 27 59 11 68 87 22 22 48 97 33 9 1 73 19 2 40 25
2 28 67 61 97 29 32 31 6 74 76 19 20 61 67 56 58 2 49 66 90 44 73 65 37 0 12 88 72 4 22 25 38 36 1 5 17 39 13 29 15 7 37 62 15 61 98 48 55 56 59 86 5 81 45 33 44 95 86 84 65 63 0 22 78 23 29 94 27 15 12 22 46 21 36 97 58 83 63 43 51 71 32 30 75 64 43
6 44 58 62 84 66 59 7 70 12 72 46 11 70 26 18 15 99 80 54 85 42 23 49 30 45 37 91 29 1 7 42 70 2 94 82 79 0 55 47 91 95 89 6 88 56 35 0 81 25 0 93 61 5 59 48 99 48 11 30 2 21 45 15 29 68 4 5 72 26 88 80 45 74 38 34 86 50 33 26 75 8 76 33 99 13 72
54 56 56 24 5 49 77 18 79 100 60 22 40 58 93 34 27 38 15 34 58 11 90 58 6 51 31 35 23 16 62 24 7 27 28 27 57 70 69 46 61 59 25 32 83 24 53 76 59 8 77 22 54 92 100 39 8 2 2 83 65 9 45 95 6 85 47 34 83 99 66 33 6 93 55 10 80 45 93 48 94 6 24 15 76 41 91
43 13 90 70 77 96 39 93 48 49 83 32 82 64 47 81 57 25 32 9 15 77 91 73 55 82 22 33 58 23 59 8 81 58 70 1 20 24 78 20 58 15 61 65 90 98 40 91 68 43 47 83 17 99 32 93 33 4 71 90 84 21 28 30 88 35 92 85 17 66 26 48 35 49 96 100 59 97 5 91 82 87 30 37 13 26 85
100 100 64 81 100 99 60 76 98 8 45 48 79 29 62 13 44 97 14 17 54 40 83 31 78 20 86 11 91 91 68 36 69 65 56 9 99 84 71 97 41 21 50 21 93 40 66 94 0 10 95 94 36 19 95 23 10 26 4 21 68 19 38 84 88 66 96 29 85 89 34 45 49 9 54 86 97 80 75 66 5 88 39 48 31 36 92
7 2 79 51 66 24 7 69 76 26 78 1 31 32 34 39 75 99 51 71 53 29 13 99 64 100 15 41 95 6 85 94 99 44 80 66 83 57 93 32 45 15 36 36 56 39 45 23 10 30 80 58 57 73 43 1 62 87 67 48 26 84 4 54 94 90 81 45 70 82 48 7 100 95 79 60 15 99 34 37 5 54 47 27 23 59 60
43 86 86 46 43 61 96 90 65 52 80 27 8 54 2 22 94 20 0 30 86 69 51 19 33 40 76 61 5 8 3 41 38 15 15 86 30 94 79 47 84 97 80 85 52 45 84 17 43 17 93 37 31 26 64 86 50 37 63 60 73 67 2 19 10 19 41 84 51 35 99 30 43 72 80 23 24 70 67 49 32 12 0 87 76 55 69
93 17 92 43 96 75 23 89 55 31 7 41 42 93 48 0 97 2 31 47 84 79 80 66 21 44 16 61 39 76 17 8 50 6 23 35 4 14 70 38 37 44 21 64 81 36 93 74 84 42 24 19 5 38 74 40 26 29 4 1 48 2 95 73 46 95 92 28 77 17 26 6 48 96 13 76 78 69 45 6 33 71 67 78 6 86 62
71 7 94 44 19 85 91 28 81 53 83 49 49 29 83 50 47 54 13 58 99 71 73 18 57 78 44 19 56 94 88 83 100 75 94 0 87 100 15 92 19 64 4 39 67 85 81 81 8 69 30 85 9 69 66 57 43 89 9 65 14 14 92 94 56 10 49 46 71 13 55 9 74 89 93 86 48 24 43 72 89 12 31 75 98 55 96
45 39 82 55 42 30 48 40 60 66 1 55 27 10 46 68 15 10 94 63 75 24 81 70 87 26 76 88 40 23 34 14 4 20 54 5 69 3 34 7 89 46 21 26 63 4 21 44 50 73 48 21 31 96 62 27 56 17 1 94 4 71 79 39 69 3 57 92 99 4 56 46 12 20 45 94 73 68 26 75 45 80 29 90 6 96 58
64 0 50 32 24 66 30 76 4 88 42 98 6 67 77 50 24 13 91 91 30 71 52 61 54 18 51 86 17 85 52 34 20 65 77 27 66 4 13 39 25 60 1 51 91 70 26 60 13 27 11 93 30 47 69 39 69 92 6 56 29 5 18 74 34 78 58 100 20 70 82 90 26 12 22 69 84 100 98 30 49 58 28 42 44 48 97
97 50 31 80 10 6 71 42 63 80 60 73 81 69 89 30 81 98 45 88 61 71 16 97 14 88 4 19 10 65 42 60 45 60 84 97 94 58 59 39 98 4 95 82 32 98 46 53 70 78 29 74 1 23 36 64 1 23 75 95 56 4 39 45 81 60 56 85 31 79 100 22 93 69 11 63 29 43 31 42 87 42 83 38 37 20 22
74 91 36 4 63 51 54 12 83 77 6 1 20 59 98 34 24 93 4 10 46 56 50 85 41 70 52 13 18 65 30 21 30 51 62 40 23 81 12 47 34 44 95 9 94 8 24 63 73 33 1 61 21 34 29 98 86 1 98 20 38 64 73 22 71 66 52 24 85 71 72 95 48 34 63 89 5 44 47 25 46 30 86 77 79 69 87
25 28 19 61 71 45 27 3 12 45 38 86 5 66 78 68 81 44 52 61 37 14 93 84 41 81 19 86 10 48 99 71 15 8 32 24 12 8 0 17 24 38 4 45 37 80 63 84 55 87 44 24 63 74 15 24 24 5 32 76 21 16 88 96 27 30 29 86 97 75 39 2 67 39 64 14 58 28 76 35 30 90 33 100 89 54 37
4 13 60 94 8 33 99 15 3 2 4 80 33 10 33 69 23 47 24 74 35 58 49 19 23 57 6 35 50 77 37 21 22 0 69 78 90 73 60 30 30 5 7 66 37 19 8 58 28 19 79 28 29 43 36 91 24 8 31 21 33 36 67 23 53 23 97 8 40 96 47 9 88 14 70 90 60 10 43 87 54 86 64 23 59 31 56
19 25 64 29 35 82 10 1 30 86 46 19 23 92 34 40 60 95 66 53 70 27 32 71 87 68 51 65 85 76 51 79 72 79 16 10 37 49 15 83 87 3 43 1 62 91 97 61 58 29 26 70 32 67 32 47 71 13 47 30 76 75 47 44 12 38 23 94 17 33 74 61 84 28 5 28 43 70 67 26 59 48 53 91 2 30 1
59 44 91 52 33 30 29 50 81 13 29 41 32 76 30 31 33 6 58 66 20 11 33 70 55 16 95 49 17 43 58 18 18 29 19 77 60 5 1 10 75 80 98 43 45 47 92 45 49 2 36 5 100 21 89 36 50 88 78 58 48 84 76 78 62 31 72 59 12 61 80 35 7 14 36 85 14 83 41 57 92 57 59 36 44 17 87
67 8 33 67 86 57 63 51 91 32 65 60 94 11 61 51 23 14 19 89 70 21 76 44 58 77 53 66 76 5 91 2 90 28 5 93 64 24 74 24 48 93 8 96 80 97 100 37 92 85 95 5 61 27 64 63 14 95 9 46 94 98 13 73 14 55 56 45 24 57 88 32 13 7 11 79 32 26 85 40 4 10 27 22 82 96 90
89 54 32 48 46 2 94 19 62 61 70 57 48 69 40 50 61 95 97 37 59 65 43 64 41 66 62 48 41 99 85 2 57 11 53 45 62 72 89 48 29 49 53 82 98 0 94 62 61 75 63 41 76 12 64 54 57 49 33 12 100 26 56 98 100 75 61 61 7 15 60 100 53 17 32 96 41 75 93 6 98 61 41 64 94 92 10
83 88 72 70 38 56 87 52 75 27 80 78 5 89 24 78 18 24 63 87 83 65 96 49 86 45 71 85 76 79 17 4 66 86 47 56 15 3 85 69 62 45 94 39 54 21 88 5 68 51 52 19 18 32 23 80 52 40 12 56 37 63 22 6 76 21 29 35 98 5 18 100 74 41 38 36 94 94 39 12 81 26 33 75 43 40 12
71 60 39 32 9 86 1 14 5 10 87 76 80 87 58 43 23 13 47 52 10 76 46 56 9 37 58 8 55 92 87 76 33 3 81 4 7 26 90 55 100 52 59 71 42 88 100 73 39 34 11 20 0 73 39 72 60 88 94 27 6 55 18 31 24 28 50 6 51 37 55 48 94 10 64 95 83 56 85 82 7 82 4 14 91 8 80
78 38 91 24 75 18 17 12 85 69 36 57 78 0 46 52 23 59 29 31 59 17 49 75 39 65 99 81 12 64 0 39 40 70 83 42 2 35 86 87 9 94 14 60 84 18 93 38 75 19 63 73 10 98 23 90 16 20 55 42 62 18 10 63 89 77 45 33 79 39 92 37 94 51 77 27 0 93 84 31 6 36 54 69 43 95 85
30 13 76 29 71 23 60 4 66 99 87 77 98 58 76 29 84 95 63 94 74 98 92 12 15 44 16 65 5 23 33 20 42 15 88 50 65 57 99 34 34 17 35 46 17 20 96 66 9 36 11 13 37 22 80 67 7 46 27 32 56 19 77 91 35 77 52 67 66 99 36 24 61 1 10 54 78 46 87 69 3 20 95 66 48 46 5
64 55 95 92 67 6 47 64 15 96 76 31 49 10 73 48 96 0 46 51 78 82 24 93 85 98 80 9 42 57 56 93 69 61 56 54 35 0 23 79 20 97 33 59 16 81 1 27 1 50 52 45 54 68 65 51 2 88 59 100 59 56 80 43 33 16 86 51 46 27 36 19 76 20 66 45 25 3 20 85 83 69 69 13 80 59 41
38 32 60 81 82 52 10 95 2 100 69 6 71 23 26 93 2 99 37 15 47 40 39 46 40 65 74 80 46 21 13 26 66 13 85 51 41 79 43 56 49 71 53 70 24 61 57 82 92 17 62 98 98 20 91 29 23 93 61 29 14 74 87 79 65 44 91 22 20 2 72 87 27 31 5 67 11 96 44 87 68 51 65 29 90 30 0
59 41 74 41 80 88 66 6 91 45 89 41 57 39 56 4 92 45 30 32 38 27 46 63 92 25 15 77 81 89 93 59 42 24 82 69 52 42 78 64 68 50 55 74 56 92 26 82 43 77 66 50 60 23 67 49 81 12 26 82 75 90 25 25 55 68 69 29 77 93 16 38 57 99 8 34 93 18 32 91 93 83 9 2 46 34 97
51 25 80 34 1 88 34 77 41 78 37 56 62 16 47 74 60 95 79 98 30 42 61 8 45 56 1 16 23 88 28 48 52 95 74 91 98 52 18 29 100 6 19 4 99 93 46 81 79 24 30 40 9 46 31 31 16 98 58 52 9 38 44 96 59 20 19 91 32 71 78 83 12 28 99 81 40 6 34 37 10 67 53 85 81 18 26
30 36 94 33 91 52 81 49 88 66 3 60 54 71 67 91 40 63 42 55 91 64 59 15 58 93 37 51 100 4 46 38 57 66 20 32 80 34 32 21 28 32 14 34 2 13 100 69 97 40 3 23 3 6 5 98 34 17 37 78 60 95 48 48 84 46 38 31 24 68 44 95 50 50 76 20 61 2 53 63 47 38 36 45 51 43 5
100 35 56 73 94 9 3 86 62 84 98 93 1 62 61 87 92 53 50 55 40 1 11 69 52 38 41 95 40 55 67 80 24 81 55 73 35 65 30 95 85 91 14 72 86 63 50 72 69 31 0 81 27 79 47 76 18 22 46 5 33 56 55 69 21 68 1 8 76 49 51 88 89 100 99 13 31 20 37 4 36 63 99 31 38 88 63
3 21 70 91 23 37 83 78 89 54 32 72 88 21 6 96 11 64 54 48 61 11 10 55 89 98 44 6 11 79 69 80 88 73 14 90 85 45 94 86 1 10 98 28 52 71 38 51 19 50 48 41 0 27 19 68 47 52 62 63 6 87 78 41 25 28 77 60 26 28 75 9 46 56 66 37 45 67 89 54 91 78 96 75 31 85 3
63 43 70 81 8 12 8 36 44 86 65 28 60 17 2 69 58 98 76 88 98 11 74 82 30 54 61 82 5 64 28 87 81 68 41 88 50 86 91 74 67 12 57 20 71 9 10 69 46 21 62 5 83 26 93 5 94 51 43 17 28 81 98 84 20 32 100 34 72 92 40 94 49 54 62 17 46 5 5 45 4 61 43 22 9 29 16
56 15 10 65 85 26 6 52 63 21 55 62 26 82 4 19 31 54 1 1 92 89 13 22 84 37 64 64 32 43 78 18 28 0 13 28 100 9 29 62 36 97 10 87 44 23 77 51 11 23 55 77 41 75 53 66 47 82 38 34 39 79 44 88 63 34 2 53 28 46 28 52 24 64 6 7 24 62 23 23 29 77 92 37 4 52 59
19 93 90 28 12 58 24 90 72 39 45 9 37 28 55 50 72 18 9 5 80 46 54 64 82 36 92 68 68 33 24 24 47 83 25 6 99 5 56 74 72 31 79 38 17 11 82 56 32 90 98 68 87 51 60 23 25 74 25 47 35 67 72 72 90 17 78 34 97 83 47 31 48 68 50 95 42 36 65 70 89 19 7 81 15 62 55
80 39 43 7 77 51 45 32 76 46 47 99 50 30 52 20 13 44 5 2 92 49 47 65 81 75 91 52 86 96 31 9 17 51 73 34 46 84 58 62 84 45 43 45 27 5 72 67 89 8 57 70 55 20 9 91 63 79 84 43 68 82 32 22 62 89 19 57 80 57 84 1 9 18 11 22 0 51 55 82 96 26 83 31 90 29 13
68 95 97 54 19 55 21 26 47 92 40 19 84 5 32 80 49 69 22 4 49 5 60 11 77 34 10 71 58 20 99 84 76 24 79 79 66 2 77 58 84 10 11 29 30 76 59 91 100 13 95 81 69 7 52 77 9 11 5 28 38 30 26 88 6 88 55 49 32 24 52 12 11 81 26 61 48 51 91 73 82 7 36 59 12 70 61
11 50 34 34 55 64 89 21 55 51 27 12 51 15 10 57 9 80 20 71 77 25 0 81 9 61 25 74 70 5 50 74 89 53 95 95 26 81 80 42 29 37 39 79 34 48 41 99 21 40 79 89 58 79 79 26 53 53 15 12 87 20 43 30 24 9 22 84 48 0 77 64 34 33 38 43 81 66 90 19 64 5 19 27 63 72 85
67 0 17 81 80 61 61 19 23 74 35 77 30 68 50 21 8 72 85 41 59 73 65 93 78 45 32 45 38 46 39 62 58 51 34 16 62 70 22 7 30 33 50 37 25 66 92 23 96 53 55 1 70 33 21 27 23 10 26 9 3 83 99 46 14 87 6 18 89 67 61 44 56 81 14 6 50 80 67 79 67 32 33 95 58 59 12
33 16 10 90 56 25 1 83 32 76 99 16 68 45 86 33 76 48 78 94 30 68 12 82 100 6 22 61 77 95 20 12 21 67 54 32 85 50 23 90 12 92 50 7 32 54 7 29 6 53 91 12 81 35 2 16 6 90 91 80 33 99 6 22 23 68 0 73 38 91 74 39 97 74 67 73 48 19 86 35 5 79 21 64 68 10 59
28 54 56 71 81 80 92 47 61 93 6 70 6 29 67 57 3 67 84 35 34 84 89 57 27 68 61 33 100 1 13 80 64 5 99 47 22 26 10 36 36 9 20 3 36 15 27 65 4 14 48 89 26 87 82 3 41 21 99 37 24 0 18 82 0 47 5 26 39 33 27 23 87 45 10 58 1 60 94 9 66 68 29 35 58 83 50
74 20 68 11 15 49 61 79 95 26 42 94 86 11 47 12 27 65 14 67 55 98 27 24 73 76 13 36 98 98 42 7 3 76 25 4 85 18 47 90 50 65 40 100 12 70 14 89 5 53 36 67 94 67 96 38 48 90 1 79 0 34 1 89 21 6 28 79 92 64 41 96 55 80 34 13 90 45 25 100 46 72 97 82 23 50 3
63 6 49 68 4 73 28 2 9 66 49 95 27 53 34 13 48 46 42 93 7 28 92 3 68 15 46 52 94 31 79 6 45 69 89 61 96 12 22 43 83 29 81 52 0 25 1 32 81 45 77 36 51 67 17 47 40 82 92 51 91 1 81 66 55 88 52 75 32 24 33 41 51 62 70 59 14 29 67 15 75 82 98 13 14 50 75
90 45 96 54 7 99 34 23 1 36 55 18 19 7 6 44 65 93 80 17 27 68 64 3 64 28 85 14 17 68 14 4 90 58 3 1 25 95 23 25 29 24 25 94 39 88 47 34 45 99 33 39 17 97 82 99 42 29 26 51 53 24 54 65 91 73 23 43 50 14 56 2 85 98 32 50 36 46 83 94 67 83 48 19 62 90 83
26 1 88 43 1 0 19 49 57 57 16 2 23 34 80 52 35 98 59 1 81 7 42 44 47 7 76 73 94 65 22 92 6 44 68 25 55 21 32 98 84 80 75 80 51 47 48 69 62 58 75 25 79 8 79 63 88 56 9 72 26 12 83 78 32 16 70 4 23 54 58 62 76 74 1 77 26 84 35 42 89 7 60 56 56 0 85
62 58 48 51 70 98 64 34 87 45 83 61 53 74 23 13 27 49 0 94 6 37 1 48 48 38 88 22 7 27 71 85 52 80 77 65 41 28 82 55 11 66 98 72 14 26 37 96 12 10 36 9 34 3 27 4 45 40 53 53 78 24 69 98 98 85 86 23 60 96 73 40 77 62 96 15 36 46 76 13 62 90 78 68 33 37 5
92 89 88 27 25 73 87 38 20 98 84 38 50 98 36 63 10 70 70 19 30 62 48 28 69 65 73 100 34 39 25 62 83 52 49 41 12 40 14 62 10 39 4 35 11 42 95 91 91 11 85 20 22 80 71 9 50 70 20 37 33 68 9 97 15 11 82 1 21 35 77 29 88 43 49 64 34 65 56 12 86 67 99 51 79 63 60
61 23 26 29 10 9 58 23 99 1 6 96 21 55 2 16 54 81 64 14 94 70 61 47 29 78 100 91 7 7 55 1 55 56 45 29 7 43 91 6 74 31 68 70 57 84 69 25 55 62 0 86 14 66 2 81 67 76 1 7 56 28 10 64 12 61 65 30 28 35 55 20 25 93 6 88 76 32 88 61 67 34 20 24 15 99 54
11 56 5 5 33 2 44 43 96 95 31 45 83 62 36 77 4 32 20 99 18 22 66 73 88 79 98 49 94 66 23 68 21 49 74 46 71 23 20 81 94 36 73 86 97 20 47 77 86 60 99 28 14 55 74 84 92 63 37 5 3 38 34 13 28 17 62 84 3 71 81 66 82 58 38 85 9 27 3 54 55 19 99 8 4 11 45
25 68 68 70 92 8 59 73 55 10 21 44 33 68 12 10 75 88 46 14 78 75 27 89 51 48 42 51 29 60 29 16 80 92 80 81 97 85 56 44 23 18 2 75 93 85 5 18 33 57 85 0 88 50 42 92 32 87 97 18 73 77 61 51 34 77 65 85 58 67 67 88 47 58 73 33 24 57 36 72 65 19 62 95 52 58 54
46 14 43 71 11 20 54 72 12 54 58 12 63 43 37 5 39 54 1 31 69 76 82 59 13 89 13 3 61 94 41 50 74 33 95 21 49 48 40 4 88 94 75 35 72 87 57 93 42 13 6 22 68 98 97 39 71 74 49 91 70 69 50 78 58 35 7 68 6 99 65 73 30 9 60 49 97 48 84 6 22 100 53 64 51 93 76
66 77 94 14 14 54 5 11 54 50 52 35 78 15 85 94 4 61 27 0 6 70 25 50 9 69 17 72 52 80 96 9 35 70 36 75 63 35 30 14 71 22 19 2 19 61 30 21 64 36 95 27 69 14 75 99 38 94 28 98 8 35 50 97 7 85 46 74 35 68 67 64 96 77 76 88 98 91 55 87 71 77 92 57 54 94 55
6 44 63 49 18 90 71 77 37 13 93 87 34 10 24 98 43 76 81 2 69 39 15 28 79 2 82 66 33 89 74 65 80 9 55 84 40 79 17 10 51 56 25 44 49 29 69 89 35 46 13 76 42 19 31 44 100 41 30 31 42 69 39 78 43 77 50 52 79 65 51 76 51 44 90 66 50 41 29 41 100 9 78 14 29 71 41
16 42 14 83 16 51 98 86 83 76 82 44 12 10 97 64 30 38 79 63 28 5 22 25 84 26 78 69 84 4 38 83 13 61 76 30 57 45 93 66 48 18 11 0 54 68 6 65 46 69 91 79 74 67 89 76 77 100 6 89 8 41 74 54 61 93 33 47 13 62 18 36 95 46 89 88 87 95 37 49 3 69 18 37 53 38 55
48 79 10 74 27 89 77 33 14 37 59 13 20 83 12 67 46 20 8 28 79 42 53 53 11 82 41 39 69 99 30 25 5 83 71 2 26 36 12 92 77 86 10 48 9 66 58 47 0 13 3 78 20 14 95 39 80 42 12 94 39 34 25 75 49 69 11 22 54 59 43 44 6 50 49 9 15 21 4 65 32 95 51 50 64 91 65
23 47 3 2 30 71 50 97 9 88 75 29 94 88 16 83 14 24 14 60 20 60 64 39 29 26 9 48 99 32 38 21 22 32 76 83 76 15 97 51 81 82 82 88 22 33 67 70 4 100 8 5 58 35 77 60 41 43 12 67 20 80 11 60 13 73 98 40 84 22 25 96 83 84 88 64 14 49 39 91 2 39 3 100 54 26 95
26 49 77 56 52 76 34 95 52 87 23 14 96 42 86 17 28 34 37 47 25 62 61 89 71 64 79 29 43 50 82 37 80 51 92 13 62 42 74 64 2 16 70 17 12 73 5 84 21 18 7 13 18 94 48 95 4 46 52 60 95 24 53 62 93 14 20 63 9 59 18 52 2 75 16 76 80 3 96 8 28 20 83 53 83 29 97
65 34 56 73 23 30 64 55 12 5 27 79 90 71 43 26 59 3 8 90 6 5 78 40 86 31 34 33 84 57 71 90 3 67 10 32 15 42 14 91 73 7 41 30 53 60 38 25 33 55 59 46 89 34 95 61 75 68 80 5 24 31 46 14 63 34 99 23 11 7 17 75 84 46 54 21 54 90 3 90 71 39 27 99 48 54 16
77 63 3 60 49 66 40 62 27 32 46 52 78 68 86 23 19 71 23 83 54 60 94 27 98 32 75 67 61 1 31 50 62 26 54 66 21 9 42 98 4 96 8 75 20 34 29 50 86 65 100 21 4 48 100 67 49 31 100 88 30 70 32 77 31 55 95 64 15 87 40 49 82 59 18 57 93 10 96 51 40 11 6 24 37 38 17
78 22 96 27 9 67 89 95 80 22 24 52 13 12 4 61 35 14 18 76 53 46 5 74 47 88 44 58 58 74 30 48 77 92 9 25 67 13 20 20 31 5 75 95 78 68 52 18 77 35 10 87 31 7 16 23 6 16 58 87 22 34 96 92 38 91 17 78 98 4 43 35 81 29 90 96 99 71 28 45 3 55 74 87 81 46 4
52 89 70 0 6 50 100 98 79 97 7 57 1 52 86 85 38 96 94 52 72 22 94 88 89 32 98 24 63 14 78 3 53 78 12 5 59 35 16 76 45 4 95 7 85 78 30 0 95 74 15 23 43 9 89 64 13 7 75 61 95 11 83 45 93 65 57 48 56 37 31 23 38 20 38 46 46 16 24 11 38 77 13 62 74 30 80
92 81 95 76 44 58 36 44 85 93 95 48 38 88 35 58 94 66 32 78 42 79 37 29 73 26 40 72 10 42 58 62 10 22 13 67 74 34 25 36 73 96 6 69 61 67 74 71 79 58 36 93 85 25 9 17 73 56 42 11 55 73 49 6 57 98 6 19 21 74 23 46 52 54 60 51 65 72 32 72 87 22 9 91 34 57 95
75 72 53 3 95 46 8 55 76 41 57 88 66 64 83 3 36 38 8 13 72 59 17 74 47 94 45 65 55 78 99 41 44 65 31 42 20 74 25 22 47 42 67 45 70 61 100 65 65 14 55 1 39 73 13 4 71 72 31 85 85 9 0 9 43 76 45 10 76 2 41 17 25 90 57 1 18 50 46 5 1 89 86 62 56 72 99
90 92 5 5 7 43 36 7 85 42 90 41 37 17 97 83 27 29 6 50 3 14 28 73 8 34 27 50 98 41 1 7 31 53 25 37 90 96 56 17 90 37 87 64 58 52 49 93 89 14 55 48 94 54 39 86 55 18 69 91 63 57 66 8 4 18 86 100 30 58 75 28 42 92 56 1 39 52 71 64 98 61 1 19 82 59 30
38 13 84 30 25 78 3 37 67 0 97 28 17 98 33 45 100 99 49 66 63 85 84 36 38 97 62 67 23 99 74 49 6 88 32 86 40 72 54 44 50 71 65 15 13 82 10 48 100 24 6 53 79 21 88 3 49 87 92 28 46 74 74 20 71 19 83 87 9 8 48 15 40 37 90 28 12 89 14 36 27 23 15 85 82 76 88
75 57 29 7 42 92 89 25 92 84 69 69 39 76 97 82 52 79 79 50 42 95 21 83 11 21 70 53 8 6 86 40 89 54 93 62 17 57 9 2 45 9 66 70 16 11 40 81 66 77 53 70 56 50 6 10 3 85 96 88 29 0 46 81 76 18 13 87 8 54 62 45 58 92 60 12 50 87 20 47 12 38 85 19 20 47 42
98 31 51 97 30 49 22 91 15 29 8 28 60 46 28 31 97 46 25 60 75 11 79 29 45 28 64 0 54 59 75 89 6 32 82 11 50 96 3 2 92 74 6 40 60 96 14 43 56 12 35 61 31 27 16 25 74 74 17 26 34 20 83 28 41 74 46 34 6 80 48 25 12 86 19 75 16 20 72 0 3 47 43 64 6 3 14
30 26 44 78 13 39 67 52 39 5 21 14 9 28 82 1 8 20 36 60 44 13 54 59 50 44 19 11 73 6 71 8 78 41 70 48 73 93 88 66 13 47 81 71 84 32 28 22 7 6 36 88 97 16 84 47 100 57 93 95 84 6 38 83 23 2 3 77 83 67 51 40 47 43 38 14 53 36 17 92 14 19 22 100 54 11 8
73 96 40 69 34 51 47 97 23 11 43 68 38 2 26 0 7 44 88 30 72 1 92 4 12 7 8 23 37 100 41 48 97 36 29 62 83 7 14 5 86 46 7 13 64 11 60 6 92 61 39 14 69 54 75 70 52 94 47 7 77 99 62 13 57 71 27 86 65 45 10 97 1 13 76 86 56 30 43 8 56 82 89 84 48 37 77
9 60 21 6 62 88 33 42 92 77 41 52 16 51 51 9 98 50 32 83 50 18 39 47 47 96 100 57 38 0 81 3 0 61 78 46 42 49 81 2 44 54 69 33 35 75 79 73 9 11 16 81 56 38 5 51 51 90 75 49 98 68 68 43 93 18 38 14 64 75 94 3 62 39 98 30 41 18 100 43 34 6 3 12 5 77 1
14 32 87 54 72 55 42 54 10 44 82 91 93 0 88 26 88 39 97 69 49 13 34 97 98 51 48 64 10 2 90 1 28 60 45 14 5 89 98 24 5 24 91 15 40 46 48 14 47 24 59 33 9 8 26 93 73 49 34 23 7 47 35 87 64 39 16 74 27 58 0 75 94 18 87 50 97 15 54 59 15 18 81 68 9 88 35
19 25 54 94 92 85 57 24 42 94 57 66 77 97 44 25 92 24 82 86 37 75 77 65 25 42 54 17 73 42 38 77 42 82 49 16 22 81 87 96 84 71 50 28 44 14 60 63 34 91 79 62 10 95 14 78 18 89 43 90 59 29 50 93 22 94 5 20 58 74 62 47 7 51 31 42 37 64 76 27 30 47 37 95 56 100 6
87 19 7 18 67 9 8 62 9 27 33 5 57 59 15 1 44 33 51 39 60 83 50 45 92 80 28 36 63 29 72 60 9 35 35 37 70 69 93 45 2 1 18 35 34 31 43 74 12 91 88 0 99 56 49 30 98 84 90 95 6 37 16 11 22 15 68 73 93 53 13 55 70 6 3 84 99 9 77 71 36 1 53 91 52 50 61
25 61 67 46 69 21 63 91 3 16 49 87 96 77 26 0 19 50 73 21 90 9 70 1 20 25 78 92 45 11 75 18 5 24 27 72 87 76 62 37 34 68 63 72 76 21 8 49 16 56 77 18 95 42 68 62 97 0 38 7 39 99 65 81 13 52 0 50 57 39 74 79 57 61 71 97 34 10 88 92 18 38 33 85 0 8 55
86 24 100 79 20 32 77 64 49 30 17 12 8 21 51 80 31 59 26 57 3 53 33 16 23 31 66 17 1 0 22 18 33 96 54 3 89 37 2 81 21 97 62 22 67 84 97 0 58 81 54 35 17 23 61 48 44 6 40 86 16 19 49 19 47 57 65 33 99 88 25 51 21 81 44 15 52 10 40 100 51 15 13 52 34 61 73
5 16 48 52 31 17 78 46 66 22 84 71 30 78 46 52 82 62 42 70 97 67 13 33 82 26 62 6 75 37 52 17 29 66 19 69 36 59 72 33 10 51 69 3 25 73 12 20 66 98 33 92 40 73 70 99 100 72 61 12 22 67 94 37 47 60 78 27 22 18 96 52 72 15 76 17 74 9 89 53 60 48 48 97 11 89 46
96 35 50 83 87 7 29 66 69 83 26 100 89 14 36 71 39 90 57 45 10 68 0 8 59 46 96 51 38 53 64 66 1 25 55 52 2 22 75 37 27 66 5 72 46 53 80 61 97 60 92 42 53 15 69 82 9 30 46 1 19 7 38 46 76 6 84 80 74 63 90 21 49 17 93 52 45 8 64 6 69 99 33 0 8 74 84
74 68 53 34 17 49 88 0 85 15 9 87 82 14 85 35 2 25 76 43 80 36 75 66 24 8 83 6 85 28 84 61 34 15 16 25 78 72 20 3 29 65 29 48 36 82 91 59 0 38 10 18 57 20 42 50 89 89 30 55 50 65 62 30 81 68 50 32 8 41 65 97 76 19 54 92 17 92 85 25 4 43 76 24 21 50 95
72 71 71 81 95 27 43 67 48 99 38 51 78 28 13 96 30 79 29 59 33 60 46 40 65 48 37 2 17 15 33 49 92 31 69 95 20 20 26 91 26 39 43 83 21 40 98 28 83 92 79 100 87 14 18 96 13 50 99 17 47 64 27 55 27 24 92 63 67 61 92 31 91 20 100 2 67 80 33 88 35 36 10 86 44 2 12
73 27 63 91 80 65 11 91 94 86 40 69 60 62 36 3 98 51 59 97 14 44 9 62 1 98 40 10 11 85 13 27 64 68 51 42 87 19 86 56 18 20 18 23 97 96 65 73 39 14 59 30 7 10 51 93 61 61 41 43 85 15 47 36 62 65 43 89 16 42 32 39 62 83 39 53 78 78 91 43 48 37 60 76 96 3 29
90 15 22 13 30 11 84 69 45 94 30 51 27 93 32 39 47 28 58 38 92 100 42 75 99 16 75 4 59 17 22 54 94 24 47 6 78 64 100 54 69 32 85 26 57 43 7 92 84 12 83 43 43 66 52 55 62 26 26 82 89 38 51 98 71 70 99 92 44 71 30 22 18 46 100 43 57 78 35 34 28 98 66 41 71 6 21
12 90 24 15 43 79 60 4 25 2 76 45 98 95 73 50 91 8 4 37 22 9 28 26 16 71 85 22 78 77 8 4 59 53 89 9 91 52 44 7 91 79 5 26 42 96 47 10 22 0 3 99 47 87 88 33 51 9 70 57 70 11 21 23 68 81 30 1 49 6 100 58 69 67 30 8 100 97 92 31 0 67 10 56 27 86 95
27 27 41 37 18 49 36 65 96 38 30 26 48 44 43 43 77 68 12 1 42 57 85 68 33 67 71 29 71 46 58 87 68 75 4 87 28 34 83 40 97 38 79 55 12 56 48 73 48 18 42 6 70 71 59 76 70 88 83 35 93 98 44 7 5 20 76 80 32 71 25 12 98 75 11 73 57 96 21 7 74 24 96 34 96 67 81
22 71 68 15 35 14 24 84 5 15 37 84 59 99 29 63 96 99 96 69 82 57 41 64 63 14 90 86 97 16 97 24 81 62 38 0 15 49 59 64 59 81 96 10 57 91 11 10 13 35 83 12 48 83 66 51 36 54 62 88 41 47 65 35 98 93 58 48 60 82 40 87 82 75 46 39 33 81 64 80 56 81 44 91 26 79 78
42 8 60 21 30 24 86 22 13 19 26 71 4 48 84 93 31 5 97 63 46 88 40 21 9 29 27 79 7 19 49 33 70 76 35 37 10 22 69 77 92 31 49 3 22 98 11 95 74 21 32 88 17 3 89 51 100 41 20 30 55 63 61 59 3 66 85 43 56 3 87 17 70 82 36 46 0 75 50 25 91 87 9 50 17 98 58
50 61 96 62 67 6 38 44 63 37 8 20 35 58 92 44 13 75 44 0 61 21 17 49 89 25 24 46 47 77 93 10 8 66 79 88 28 25 96 40 67 70 63 7 68 16 34 30 89 5 2 100 12 85 99 9 85 51 4 3 10 74 29 18 61 20 79 80 82 84 15 12 78 19 59 94 84 3 70 79 82 9 77 39 54 55 93
17 48 63 3 89 91 3 59 0 45 34 39 53 94 11 3 64 36 64 0 95 31 50 55 34 9 31 16 33 79 44 14 2 25 89 85 42 40 39 90 33 45 98 32 35 12 30 52 53 78 44 93 11 74 68 22 31 92 30 88 23 72 61 62 42 19 82 83 21 47 53 71 45 72 69 75 22 9 87 57 12 58 26 84 23 96 81
93 60 27 22 43 30 63 20 3 44 28 90 13 67 47 83 3 49 72 98 61 57 79 57 50 94 33 71 10 49 95 19 50 50 65 17 35 65 73 52 77 48 75 4 27 71 69 31 34 57 14 78 41 8 95 61 0 93 9 6 33 16 61 94 0 27 31 7 9 98 10 65 45 20 57 7 24 29 11 3 85 94 98 53 17 18 85
33 72 53 42 71 4 23 28 71 21 45 26 44 76 58 70 76 79 76 12 68 51 54 37 88 82 100 98 12 56 79 21 88 45 21 4 66 73 7 69 3 18 75 49 68 86 61 83 54 89 67 19 79 68 44 88 22 87 17 78 78 39 47 27 83 73 92 18 94 93 36 72 94 28 13 87 98 92 81 87 48 75 68 24 50 69 66
9 24 23 89 54 56 29 98 73 75 71 96 16 61 81 34 72 4 2 63 85 63 26 71 62 40 78 51 75 51 96 2 86 44 3 87 89 11 66 38 8 56 38 38 75 100 10 62 70 97 11 24 96 88 90 14 25 41 80 21 19 34 47 90 2 45 73 88 53 35 6 40 64 70 46 35 61 85 28 44 22 40 56 51 61 59 74
85 89 1 88 55 60 92 6 34 89 59 67 25 62 20 28 7 80 3 89 85 5 7 38 37 80 25 55 70 29 39 98 59 25 64 85 11 26 22 24 54 37 70 100 96 92 16 66 39 91 57 15 91 10 50 55 15 49 84 96 14 97 65 1 13 36 84 13 33 0 85 47 46 6 84 75 99 85 0 10 46 32 22 0 45 60 76
46 27 12 90 9 61 4 94 39 91 65 38 85 21 13 100 76 70 40 71 15 89 52 81 5 20 59 13 49 31 36 14 55 6 42 64 27 75 85 43 7 21 69 34 30 77 88 47 88 95 46 80 95 100 31 46 22 18 31 96 73 56 46 26 10 55 51 89 86 40 24 4 86 72 22 53 99 94 96 100 64 2 44 16 96 24 78
48 94 8 80 88 97 78 55 8 0 60 70 74 41 62 98 24 63 6 15 72 5 92 30 32 69 80 16 25 57 24 46 92 38 97 15 67 52 44 47 28 47 91 35 12 44 76 54 13 43 61 87 4 9 39 93 58 65 15 5 96 67 96 28 41 81 78 67 97 54 27 90 54 38 92 0 16 24 96 41 3 45 63 99 91 44 21
42 88 67 23 16 11 66 49 42 74 14 91 18 37 46 27 90 33 53 40 98 28 99 53 39 88 74 8 27 61 9 91 25 59 48 45 2 16 15 65 41 71 22 5 75 59 57 73 2 80 15 27 68 87 47 86 78 11 6 66 50 100 83 43 46 28 71 54 34 33 79 28 82 11 63 34 82 24 72 23 44 37 29 99 35 18 72
33 0 68 26 60 42 73 47 90 97 2 36 88 53 0 12 71 42 15 20 32 71 89 25 5 24 62 35 33 14 51 54 72 95 21 89 26 44 7 12 60 33 93 87 87 10 65 72 28 54 87 16 48 30 95 83 41 72 31 69 43 78 39 40 8 66 98 72 82 99 86 31 6 83 10 79 66 75 23 91 45 84 6 2 9 66 49
99 91 55 90 91 44 34 63 45 64 63 0 12 17 88 68 12 78 24 21 61 92 87 42 67 100 23 85 89 86 71 24 94 77 33 71 80 4 62 50 0 100 77 11 11 77 6 91 1 87 70 82 37 56 71 60 87 35 54 80 72 7 5 71 20 40 72 52 95 29 14 87 74 26 51 56 37 63 24 57 88 74 76 14 37 55 6
40 5 17 78 37 34 69 88 79 80 56 9 34 35 78 75 5 6 39 6 84 59 31 92 69 31 22 5 51 83 39 70 42 81 76 81 85 80 30 21 77 69 26 35 73 81 19 39 8 79 23 5 29 42 83 53 25 24 98 52 19 52 97 74 9 15 81 87 12 56 4 5 56 13 43 13 72 77 3 24 39 3 59 48 61 96 83
47 54 31 36 84 99 80 69 32 95 28 3 47 32 97 89 68 93 49 93 50 6 86 81 0 65 40 20 62 7 21 17 71 17 41 6 48 37 64 57 81 37 38 82 48 23 83 73 66 49 37 6 73 88 28 3 65 45 43 51 37 48 40 25 51 55 70 8 3 50 36 16 53 8 25 91 35 20 32 70 86 87 52 4 96 65 8
10 26 41 18 44 92 74 38 51 28 81 85 74 74 78 85 9 13 39 43 28 65 28 82 73 35 87 34 95 68 65 81 35 91 32 51 100 32 44 95 46 91 94 77 21 36 65 53 36 77 59 22 44 81 77 84 94 41 33 68 83 15 66 84 14 46 92 83 40 16 49 92 35 36 39 71 86 90 49 53 39 4 22 24 72 16 0
3 57 50 44 8 16 93 33 11 57 25 14 27 43 63 4 38 86 43 19 28 58 96 45 10 55 55 47 78 54 66 98 68 58 79 100 87 2 7 94 1 8 23 2 67 9 28 65 88 32 72 77 51 68 44 43 57 28 12 23 94 4 73 62 88 11 85 0 61 34 94 48 11 98 34 8 18 95 41 44 28 10 56 32 34 87 59
68 94 66 35 92 96 53 81 22 81 40 64 25 61 45 53 82 14 62 33 66 92 31 18 37 0 23 42 80 57 27 96 23 22 27 62 33 80 5 33 1 4 35 48 13 6 83 78 65 53 42 80 34 83 62 40 45 85 100 47 15 19 42 94 16 64 27 77 92 6 70 88 25 55 75 15 16 54 22 3 84 96 64 25 13 11 16
69 92 64 7 60 5 86 60 22 60 21 11 11 53 73 62 78 15 74 4 37 23 26 55 39 54 72 5 79 21 33 76 83 19 61 42 63 27 31 12 6 91 30 59 55 92 100 96 20 85 82 8 97 15 48 24 39 71 82 93 58 47 3 76 74 60 91 32 61 62 41 52 14 46 20 6 20 0 71 51 26 17 54 52 31 19 9
27 60 97 77 5 7 76 92 74 16 56 100 31 16 83 64 30 40 98 97 46 22 53 19 99 81 7 7 16 9 60 77 88 4 50 5 70 12 84 11 43 80 33 25 94 85 77 4 72 22 59 72 99 10 0 96 85 50 51 11 20 41 6 15 77 27 21 14 14 25 1 61 86 2 20 57 78 12 61 54 61 72 71 25 93 0 65
10 78 1 34 94 99 40 90 66 5 33 12 47 90 53 87 100 37 19 89 43 37 17 3 57 2 7 91 64 74 43 61 25 57 15 24 43 100 80 41 50 30 14 54 71 30 60 43 14 53 77 28 65 24 31 38 51 27 1 93 11 17 90 88 49 90 23 43 7 59 24 69 53 96 32 86 44 43 60 66 33 43 87 82 84 93 4
95 53 80 63 66 75 33 80 70 17 38 81 14 44 33 1 26 51 12 8 29 13 82 15 25 92 52 48 99 75 88 97 5 19 46 19 10 28 75 23 7 9 20 99 35 81 52 21 12 46 98 74 69 59 29 22 43 27 82 9 1 35 18 26 17 65 30 4 83 4 91 77 47 2 78 40 30 47 6 31 69 86 20 82 63 95 39
63 45 14 62 95 56 59 43 4 75 84 74 57 69 41 47 30 21 13 94 84 21 4 18 98 79 15 11 25 65 21 1 38 79 58 63 84 73 33 30 49 94 72 49 31 63 92 55 69 24 52 18 12 23 72 31 45 10 82 86 6 20 27 10 48 8 34 22 2 59 60 96 88 44 75 72 37 17 53 44 69 40 21 65 65 13 88
19 100 90 84 88 92 61 17 85 4 62 56 41 28 8 66 44 23 73 84 47 81 67 80 22 0 63 95 85 17 97 60 88 91 80 76 7 96 24 19 4 33 3 29 93 72 50 20 97 54 1 70 34 69 65 70 43 51 54 0 59 23 100 18 42 86 54 7 57 89 19 89 0 31 25 50 96 65 27 88 5 79 75 13 31 45 9
64 27 19 65 36 38 99 81 64 80 9 32 52 10 89 6 54 12 72 89 4 53 12 31 94 73 67 99 73 32 68 21 26 96 55 28 41 17 7 65 56 42 20 64 88 20 95 88 12 86 91 2 11 23 4 16 15 82 99 68 5 91 69 10 8 32 87 96 30 20 41 22 59 51 83 41 19 15 18 52 17 15 25 18 31 54 20
34 24 59 24 63 44 89 73 52 44 86 80 83 64 23 65 75 99 23 51 37 27 17 2 9 76 23 62 7 32 97 23 18 93 10 97 6 16 19 96 75 50 86 66 32 65 35 49 74 45 12 98 84 64 97 25 17 89 92 91 54 65 24 92 90 61 11 65 54 32 71 6 61 63 54 12 14 93 71 82 72 19 83 96 0 74 88
58 65 1 70 45 49 2 22 12 8 72 52 76 17 59 70 88 79 0 40 20 40 11 42 20 13 77 38 78 74 1 41 5 10 47 54 19 48 98 3 23 81 10 70 66 28 88 98 92 84 21 37 74 70 76 71 52 50 74 28 40 64 28 51 86 35 79 95 53 66 74 53 87 67 74 50 92 7 65 57 48 0 34 1 37 50 37
30 17 87 52 24 57 100 14 98 91 51 96 54 43 100 3 49 16 65 38 8 51 73 24 1 40 84 50 51 66 28 55 72 84 12 64 50 42 25 48 92 47 55 22 21 36 84 16 63 78 88 4 5 7 4 15 13 45 1 90 56 42 22 89 64 69 95 91 62 41 59 50 26 30 91 100 22 28 62 31 43 28 83 9 88 50 51
49 45 41 24 63 65 50 14 31 56 20 20 47 67 49 80 8 73 28 75 98 91 85 15 68 30 64 60 20 9 15 0 92 41 82 26 69 97 59 70 22 11 54 10 97 64 38 49 69 96 57 64 92 96 34 4 71 55 5 8 36 88 23 72 62 3 83 85 70 45 57 84 27 19 65 89 19 2 48 89 64 62 40 53 27 24 4
67 31 33 61 18 74 83 35 78 11 81 98 31 21 40 55 89 53 52 48 26 98 72 64 45 61 27 74 90 66 28 83 38 47 29 67 73 75 15 52 79 1 29 49 42 82 12 8 2 16 45 10 100 85 7 92 31 5 28 74 93 39 28 55 21 12 39 10 25 42 57 71 44 15 93 70 1 66 80 73 75 2 30 30 56 54 36
60 48 93 17 66 9 73 79 87 3 36 13 3 45 63 19 52 4 60 34 30 30 90 54 7 38 50 46 78 11 38 14 20 87 76 65 44 62 84 70 13 63 35 13 2 38 50 59 65 24 72 2 69 46 46 78 89 30 74 87 41 19 74 6 21 27 28 24 37 53 18 93 37 74 97 33 70 58 31 89 27 41 47 35 80 61 51
26 70 16 99 81 92 37 96 64 36 49 8 84 75 24 44 59 42 34 9 27 19 37 27 18 7 46 35 19 92 0 62 73 30 44 66 23 60 24 31 4 77 26 24 41 78 76 6 11 62 44 38 66 100 89 46 82 94 0 11 28 23 37 81 2 2 73 91 42 34 91 26 1 5 98 51 18 21 40 51 55 96 96 75 36 92 51
97 16 57 58 9 57 98 71 24 75 89 26 48 17 89 90 89 20 63 19 51 20 65 77 82 53 65 17 21 77 77 79 51 35 67 93 48 66 94 27 3 8 18 22 44 7 76 34 31 82 21 95 57 16 17 55 37 70 26 22 76 64 46 50 38 7 83 51 87 39 42 46 72 45 90 9 57 46 83 45 56 15 9 18 97 44 85
39 74 2 60 34 54 48 70 95 42 66 97 23 90 61 11 73 12 93 83 84 75 46 56 74 64 98 53 78 10 8 68 25 40 94 67 15 31 95 19 64 8 54 76 66 40 68 24 0 67 81 16 58 75 22 73 68 100 60 1 18 32 45 93 21 3 12 59 63 73 57 42 74 3 17 29 77 26 16 44 17 14 23 97 18 60 96
19 44 100 14 0 49 95 97 82 97 55 57 35 64 86 72 69 2 87 79 90 30 17 24 24 76 86 5 90 75 8 24 29 74 100 31 53 31 75 82 22 18 85 5 33 2 87 3 3 79 57 38 26 28 95 41 7 36 35 2 63 1 59 43 20 38 8 31 36 0 4 100 7 10 72 97 67 98 60 39 22 97 26 70 13 34 22
53 59 7 57 36 45 75 55 57 38 72 32 67 40 97 11 73 79 86 50 52 69 5 37 69 11 36 90 32 43 92 45 56 4 33 71 15 75 86 82 11 9 5 15 7 98 62 55 81 19 75 92 3 81 0 33 96 43 50 29 86 30 10 30 9 98 3 58 17 16 84 100 54 44 35 80 34 86 97 67 32 92 85 43 14 47 6
26 49 86 38 49 63 23 22 98 77 16 75 55 60 9 27 72 86 91 96 27 28 9 91 6 61 50 91 30 84 59 75 97 59 35 88 0 77 71 21 32 69 83 38 91 17 7 89 54 47 92 32 21 77 2 68 22 38 77 23 62 28 39 34 2 51 81 13 20 43 64 53 86 70 77 26 9 22 82 38 41 93 4 82 45 65 20
38 41 92 29 100 95 40 17 83 58 81 36 58 13 49 50 85 52 10 70 35 73 74 65 2 15 8 45 84 72 2 4 39 87 46 99 13 16 26 20 16 3 37 15 18 57 58 90 30 27 68 15 88 11 52 27 39 11 15 40 3 88 78 14 71 60 18 38 94 6 69 77 25 82 69 94 42 8 19 61 72 73 9 76 45 97 46
59 77 18 51 7 94 92 64 100 45 57 66 33 5 38 48 91 22 59 6 32 25 10 8 93 22 92 39 91 15 40 34 77 94 20 30 18 61 21 2 38 95 75 89 43 61 76 58 97 63 23 47 100 7 46 16 65 5 35 61 3 77 64 2 87 80 10 99 73 17 55 96 2 98 63 82 23 72 66 54 69 47 100 91 45 97 41
41 99 69 53 59 77 4 45 78 22 7 24 39 91 91 52 79 98 53 22 92 39 70 51 24 39 96 90 47 12 57 15 70 82 22 26 47 7 97 54 73 65 42 97 2 71 41 23 41 16 31 33 30 27 58 83 54 49 100 14 51 59 74 100 22 86 70 22 13 2 80 74 48 30 7 83 39 16 71 96 12 98 34 74 93 46 0
64 87 51 99 53 26 44 25 34 37 23 56 67 80 52 78 97 64 74 1 20 22 84 86 71 65 21 91 55 90 66 79 92 18 48 88 90 82 91 81 50 84 100 74 36 26 8 86 94 54 12 39 56 33 29 35 13 4 58 92 59 37 35 4 52 25 60 16 19 8 64 90 64 39 44 40 31 44 30 81 14 72 78 53 97 48 49
45 83 76 83 80 78 7 83 78 13 9 83 60 77 90 17 67 11 67 10 79 62 37 38 67 93 66 83 78 66 41 73 30 18 98 74 5 24 30 25 18 9 63 36 32 78 26 73 11 13 85 85 95 64 65 18 91 30 31 87 38 83 65 44 42 29 64 51 90 19 100 57 48 20 20 19 0 39 23 45 9 68 83 70 21 28 54
89 17 80 85 12 31 9 50 90 42 47 17 9 58 19 14 5 7 56 79 6 69 60 79 39 34 92 11 58 27 28 45 23 62 13 40 73 20 12 82 73 38 12 72 91 40 48 23 8 98 83 59 0 7 90 85 14 25 29 67 78 99 20 33 60 25 94 19 67 73 45 96 93 72 73 86 76 22 8 23 91 14 95 67 69 22 28
59 3 91 3 6 78 95 75 65 23 33 2 87 92 17 10 78 67 69 88 53 85 60 36 18 6 21 43 2 34 71 36 55 39 80 86 61 43 97 86 10 85 1 88 57 97 36 97 86 67 52 68 73 87 32 73 1 51 60 79 25 2 5 4 56 100 29 79 41 81 73 18 28 36 4 38 71 48 24 83 28 34 49 87 93 17 81
97 37 42 3 88 78 87 81 75 25 69 64 31 53 64 3 46 58 49 7 21 96 15 23 20 18 12 24 61 78 36 32 88 42 39 28 57 34 19 35 100 67 24 41 25 67 57 38 52 19 44 6 68 15 77 89 69 73 78 43 7 96 86 3 57 18 17 79 59 51 86 71 20 29 80 27 43 86 35 71 28 61 4 42 67 5 94
83 64 24 15 11 62 95 91 34 89 25 4 67 61 96 36 58 65 12 87 22 32 0 33 75 91 80 38 56 76 87 87 30 63 66 58 58 5 9 81 84 81 28 74 13 93 21 5 45 69 48 73 13 27 92 3 51 74 97 21 67 41 45 44 51 58 98 93 91 60 26 87 1 25 60 5 91 34 17 38 59 8 17 48 61 34 97
94 39 26 75 66 89 7 96 100 34 19 34 67 1 99 7 49 86 62 66 5 46 5 25 38 2 70 88 46 17 70 24 69 80 3 44 29 78 41 43 1 100 32 94 0 35 46 29 95 25 81 69 6 31 63 35 78 95 6 7 96 99 36 43 83 19 48 79 78 33 61 38 40 24 63 93 40 97 59 76 11 44 61 6 15 77 76
93 25 81 4 70 60 89 40 81 31 29 58 97 21 60 13 86 34 91 89 67 19 27 91 61 37 70 33 80 6 61 35 79 94 99 86 26 84 14 63 99 40 75 92 42 29 65 90 99 80 21 10 3 94 32 11 22 87 3 41 93 77 80 33 76 13 52 65 3 46 12 41 26 93 63 38 35 37 12 55 91 92 2 33 96 4 37
14 81 22 10 26 64 74 84 6 37 9 88 56 93 28 93 11 93 13 21 19 99 91 38 52 80 65 74 10 1 61 1 27 62 45 45 65 83 24 44 69 96 67 71 49 89 55 60 49 13 75 63 58 87 31 17 19 98 100 30 83 2 98 5 67 51 38 42 34 95 24 41 79 75 13 33 33 8 59 63 46 9 89 39 53 2 48
98 11 20 67 74 4 51 32 20 36 50 67 38 69 39 67 61 69 76 1 37 87 29 76 72 65 28 42 81 68 18 10 20 48 33 90 73 13 32 56 94 19 46 80 34 64 64 96 55 57 61 32 7 33 92 99 79 82 77 8 46 98 67 56 70 84 6 71 51 75 53 32 57 77 8 45 75 78 88 59 32 62 84 52 73 100 31
46 33 89 23 79 32 78 10 24 71 16 93 50 56 41 44 22 81 29 50 2 61 98 40 12 4 98 44 18 75 11 32 14 88 88 82 22 47 68 0 74 75 79 58 1 55 17 25 45 16 49 67 31 28 1 78 8 74 76 38 5 52 56 24 44 73 72 76 30 49 17 35 70 8 48 7 46 5 62 59 39 26 17 11 54 59 36
5 14 79 55 30 94 96 90 88 17 26 71 83 73 92 36 71 61 61 87 12 96 82 84 50 89 13 71 8 5 78 40 46 86 69 57 46 18 39 84 13 61 60 50 55 8 55 75 5 53 64 74 82 76 62 10 40 64 49 8 87 36 16 47 75 43 4 32 73 30 9 66 71 93 4 79 14 30 80 18 71 55 37 40 34 41 6
10 84 86 80 0 4 9 41 21 83 33 100 50 22 15 24 22 93 24 8 80 21 71 74 80 15 20 2 85 68 81 56 9 97 45 24 14 20 41 75 84 47 83 16 63 22 24 32 66 4 47 9 30 16 38 10 15 8 4 52 64 48 30 48 89 25 53 95 55 91 9 79 69 75 8 81 14 69 73 2 11 12 23 13 15 1 77
52 18 36 56 66 61 39 59 18 73 60 39 64 38 62 57 7 19 83 25 44 77 26 83 35 25 67 16 60 52 2 30 1 20 61 12 87 65 24 32 83 87 66 74 70 87 18 18 22 18 7 21 73 29 73 54 8 28 81 75 51 78 73 62 51 41 23 68 15 71 55 84 0 50 3 54 79 92 100 82 66 95 41 75 67 64 57
11 25 88 64 34 99 46 29 46 90 77 1 5 71 12 56 55 36 78 78 86 59 26 27 33 87 76 16 55 44 76 83 6 79 56 8 84 7 61 72 34 38 17 24 50 95 63 12 72 64 36 35 8 20 72 15 17 3 36 85 3 11 59 35 99 25 12 17 39 39 71 45 12 22 32 71 72 54 44 4 67 49 50 64 67 17 56
37 2 16 32 38 35 77 23 49 96 16 68 71 37 25 77 9 89 61 23 55 42 40 58 95 93 8 23 79 41 11 83 71 82 11 35 17 31 21 23 43 54 34 35 85 95 72 60 17 4 30 94 85 43 79 84 77 11 14 61 52 60 14 33 32 8 84 39 38 14 12 55 60 78 8 17 28 44 75 91 80 45 7 51 93 100 32
32 15 11 65 26 74 91 26 7 29 80 55 42 45 6 76 32 39 11 60 74 61 5 27 50 94 56 29 69 81 86 58 32 26 67 69 60 58 19 77 45 7 79 75 20 3 39 66 85 97 69 94 84 6 15 45 27 68 61 60 15 56 59 37 64 96 40 86 89 45 26 89 0 39 8 10 85 5 96 48 76 51 3 81 45 48 35
41 87 80 26 94 97 26 75 78 79 70 30 91 67 17 96 59 42 76 64 32 18 64 65 8 90 19 79 93 44 87 60 33 30 37 54 87 51 72 90 67 96 13 37 96 11 74 35 91 61 96 61 45 74 17 7 26 87 45 52 1 38 47 76 83 76 20 26 48 47 10 45 26 18 19 21 75 65 27 63 77 95 35 80 1 0 71
1 77 8 96 94 68 46 76 14 60 97 70 16 67 36 63 92 10 54 49 60 13 5 72 64 77 52 65 7 68 30 63 41 37 39 5 53 26 32 10 38 63 94 44 90 63 33 33 3 54 79 17 33 61 94 96 72 74 87 91 100 78 11 50 41 64 1 10 27 13 76 2 19 79 59 52 99 47 30 96 84 71 29 80 37 1 55
25 25 22 81 69 81 85 52 91 24 37 88 74 66 94 65 59 60 81 39 96 23 8 14 73 47 64 83 54 26 33 19 74 6 15 89 54 2 74 19 4 52 19 80 52 52 28 99 9 18 62 95 66 18 90 26 6 33 78 63 94 89 61 35 56 28 17 89 96 13 51 46 53 73 70 28 30 54 82 94 88 93 17 18 62 10 16
54 89 35 67 0 68 18 73 93 7 44 97 26 21 57 72 59 92 94 4 1 65 65 81 55 83 20 67 2 89 83 35 100 33 93 91 49 42 72 39 76 41 96 31 35 44 82 69 87 38 13 28 59 5 44 86 99 67 1 100 63 86 67 93 61 17 12 82 20 47 48 26 43 81 40 42 69 56 100 46 79 12 48 8 56 53 17
67 37 88 41 95 37 79 80 10 7 13 52 9 1 100 54 8 81 43 48 88 35 3 36 74 74 54 17 98 5 23 20 53 36 7 4 56 82 58 94 85 83 13 0 31 12 1 49 10 20 57 70 42 53 62 30 67 63 54 45 31 93 22 28 1 2 77 74 36 21 30 4 96 92 77 75 82 20 57 54 79 13 85 28 33 77 84
37 43 90 98 91 79 71 92 22 56 57 10 96 19 89 49 64 49 90 75 72 27 34 65 39 76 61 81 28 39 54 49 61 52 76 6 5 94 58 59 91 90 88 9 16 83 36 95 94 24 54 95 58 21 0 60 33 7 13 58 5 61 15 100 87 68 29 50 84 63 15 69 8 38 31 66 26 76 44 68 6 19 21 83 23 76 14
36 15 9 50 94 17 35 72 38 20 12 86 30 83 64 84 80 32 84 38 93 65 33 50 42 89 39 54 35 39 65 53 45 26 52 49 19 15 72 14 53 25 78 58 85 47 80 46 63 34 79 91 14 54 88 71 0 35 62 9 78 83 35 33 39 62 58 8 10 30 94 20 23 43 19 64 41 0 51 36 26 66 89 82 37 86 44
37 43 28 14 36 27 22 46 0 36 68 73 67 24 91 34 41 81 4 35 66 72 66 90 43 52 39 55 5 22 32 38 81 8 81 90 60 14 42 26 6 82 54 24 47 4 30 31 88 8 92 43 19 55 68 25 0 63 25 100 16 73 71 93 64 32 61 3 50 90 41 49 49 81 81 30 6 99 71 50 81 60 85 81 98 20 97
87 38 30 90 13 61 75 71 60 76 41 57 44 92 48 80 80 5 14 13 99 6 84 65 49 63 79 3 21 18 70 64 34 83 4 73 44 5 68 48 24 77 53 66 25 93 14 67 96 19 92 15 36 29 72 35 45 44 99 50 31 52 67 43 95 9 2 0 37 88 38 53 82 33 31 27 19 65 48 10 30 12 18 62 54 46 55
64 10 19 72 62 27 36 57 75 58 12 52 40 48 86 94 77 14 13 89 65 82 42 31 68 61 14 74 7 81 52 3 30 1 50 35 96 84 91 40 80 92 55 29 43 5 44 25 29 1 64 84 32 53 42 87 54 34 40 86 3 69 44 61 93 10 15 13 94 5 80 9 80 98 80 47 96 66 54 12 42 90 38 60 94 22 36
65 73 70 87 42 82 21 22 4 5 54 52 16 62 94 81 12 71 92 20 32 93 54 10 14 96 71 37 57 76 37 52 1 93 41 93 38 57 70 36 5 49 73 43 3 61 81 89 12 57 15 89 23 32 92 81 49 64 96 24 90 19 59 39 78 37 93 23 53 90 49 56 68 78 62 27 70 51 6 60 19 59 91 52 77 57 4
75 8 58 52 42 31 6 27 94 60 63 16 19 7 95 96 100 50 30 33 79 15 3 42 77 69 86 88 85 84 52 29 81 40 14 57 62 81 55 42 91 39 54 97 68 77 17 38 51 2 68 59 56 15 11 25 7 14 8 39 30 32 97 67 8 91 48 61 15 74 62 4 10 84 85 13 27 41 16 92 50 60 87 23 40 27 49
72 49 70 81 99 13 68 88 70 40 35 24 40 66 27 82 25 26 75 7 60 66 79 71 98 52 16 72 59 41 70 55 45 60 26 74 19 7 50 69 20 68 86 42 67 90 68 17 60 46 90 44 33 44 52 20 71 94 25 85 56 30 31 28 13 17 99 50 90 67 44 88 21 13 18 65 55 61 26 65 64 50 34 58 57 10 9
19 100 82 55 15 31 5 9 2 52 93 8 27 29 52 10 25 10 67 89 39 19 22 7 90 3 36 12 61 16 38 100 25 18 44 55 39 64 52 79 42 65 26 93 57 43 22 82 5 57 94 25 24 50 16 72 90 53 30 28 83 69 39 75 93 77 38 66 44 82 15 7 56 100 38 23 77 61 20 18 67 79 22 71 18 100 71
83 42 88 88 56 25 20 25 40 87 13 14 59 97 56 48 30 60 65 92 5 25 85 100 21 0 62 14 11 26 71 39 89 66 100 37 47 92 62 61 10 56 14 58 62 54 85 67 43 59 66 20 54 71 29 92 19 75 63 2 17 36 41 62 9 59 21 1 50 83 69 97 30 51 36 13 86 43 76 25 72 35 94 79 62 80 45
13 33 7 96 41 57 20 8 66 96 58 61 88 12 26 51 41 58 36 83 62 94 95 8 1 2 94 63 4 81 91 88 20 4 89 91 39 52 63 97 25 7 42 64 81 86 20 1 64 95 15 80 46 8 93 22 81 19 23 32 98 4 26 20 80 9 87 22 30 32 2 55 83 22 75 86 20 81 3 26 3 44 50 7 80 54 85
97 99 90 5 10 15 72 26 94 23 2 62 60 80 98 65 62 81 16 69 91 16 49 0 37 54 11 54 48 5 40 18 65 45 67 45 23 17 46 37 81 94 78 12 48 76 67 6 28 75 53 57 77 91 4 65 19 18 69 3 68 53 62 22 42 7 4 34 25 83 0 64 79 15 10 19 51 60 87 79 12 58 28 35 18 61 57
67 32 9 16 50 51 54 86 98 30 86 50 85 82 48 98 53 7 30 20 32 47 83 4 65 85 80 50 13 95 11 23 3 35 14 35 17 73 6 6 42 68 45 45 27 31 2 8 39 5 3 93 23 83 2 65 27 81 45 38 81 19 63 8 17 38 77 23 89 62 55 97 54 37 48 76 11 21 24 32 57 28 83 75 63 32 76
64 10 74 88 20 2 95 84 74 18 1 95 98 12 53 52 12 61 68 10 6 9 44 9 7 27 31 36 80 20 15 27 50 80 66 33 17 43 86 95 14 86 33 47 59 62 72 65 83 5 33 86 94 86 26 51 7 23 3 3 71 50 94 93 22 71 95 18 25 16 9 48 19 63 18 61 21 43 21 8 22 29 26 10 46 50 28
80 40 39 17 46 33 67 88 4 19 34 70 78 4 100 46 97 3 41 40 51 33 61 26 26 87 89 47 52 42 84 12 71 52 94 56 1 4 62 46 25 52 62 0 55 40 56 16 69 15 5 22 46 82 90 43 1 94 84 90 59 29 34 87 89 38 34 99 57 54 0 22 3 9 96 98 30 36 83 18 21 52 11 35 54 66 40
78 64 73 26 43 77 11 90 85 66 14 71 38 87 23 77 57 43 36 22 22 34 14 24 38 72 88 17 96 5 47 4 10 66 0 16 8 33 89 1 4 62 42 32 57 13 50 21 83 88 11 44 9 68 23 3 29 70 94 75 71 56 31 87 93 40 14 35 49 77 53 89 30 75 5 16 67 77 86 41 81 78 68 69 18 43 26
49 73 37 93 38 36 5 35 38 24 13 19 60 64 42 78 67 64 92 11 57 91 56 50 30 39 14 70 9 69 98 66 81 39 98 52 56 63 13 13 95 94 51 9 16 18 14 18 25 63 88 95 35 98 72 61 19 100 21 44 69 34 81 23 65 92 66 83 10 0 94 96 13 99 78 61 99 78 35 29 59 5 29 92 6 78 38
12 1 60 88 97 77 46 80 4 6 82 25 2 12 71 71 26 5 86 61 40 37 20 55 76 42 17 65 38 85 17 47 65 22 37 61 44 55 60 84 20 41 90 36 14 92 9 1 17 1 2 73 61 94 50 67 43 42 16 73 93 25 90 32 40 14 25 79 89 82 52 17 29 59 1 63 36 77 61 19 94 40 86 80 94 36 37
79 77 21 7 39 82 45 81 5 58 38 3 52 97 81 13 74 85 81 72 0 29 89 18 37 56 70 90 100 82 63 30 19 9 30 74 48 85 80 7 29 100 26 10 4 22 23 93 37 82 31 66 50 6 57 70 81 43 21 81 25 26 9 3 87 58 25 92 11 63 81 53 42 86 66 91 23 46 87 12 7 86 29 11 86 21 72
0 97 75 35 61 55 36 21 25 71 14 45 48 23 81 46 31 94 29 84 4 17 81 83 99 8 31 39 40 28 87 9 7 55 35 100 34 8 25 71 49 79 47 72 100 0 46 2 42 78 48 20 33 27 46 63 56 1 2 31 25 76 22 89 19 100 15 4 45 41 62 37 0 21 48 36 51 50 74 87 20 21 95 66 98 67 92
15 10 40 61 67 0 100 46 46 12 14 1 63 22 21 88 54 96 46 27 24 34 70 85 98 93 67 55 5 0 100 24 55 17 9 18 98 52 83 77 15 57 24 18 84 67 1 36 91 78 62 85 11 19 60 85 29 7 47 79 100 35 2 53 54 48 43 16 71 29 7 83 26 22 54 25 73 42 18 18 19 92 52 56 52 99 16
24 24 13 35 54 88 55 45 38 67 39 4 17 87 73 36 31 76 58 12 16 57 73 0 26 59 92 70 11 64 40 85 70 72 86 44 21 57 49 35 77 99 32 35 100 25 78 60 81 5 58 23 49 66 88 55 11 56 70 53 48 88 72 30 71 72 32 28 26 68 5 23 50 2 8 35 70 71 23 59 15 53 77 62 43 47 24
27 73 81 5 26 48 32 60 32 72 66 44 35 78 90 85 8 12 82 20 82 5 90 55 41 2 49 26 21 88 86 30 50 59 92 6 31 11 97 49 92 25 56 12 62 19 50 35 16 33 73 35 32 46 82 31 82 86 14 52 59 29 37 42 70 7 76 92 60 87 11 31 65 83 21 80 10 96 63 40 49 80 24 95 75 4 42
95 33 38 36 16 36 65 71 11 42 41 5 8 61 39 91 24 0 33 56 41 3 30 16 72 25 66 86 54 15 84 55 88 0 53 100 99 8 74 85 82 32 87 3 21 100 94 30 71 45 35 96 44 49 43 64 21 61 1 17 12 30 26 97 20 29 65 50 32 85 56 85 24 26 44 97 0 63 89 68 77 0 23 97 96 98 60
63 28 72 32 61 5 48 75 38 19 65 75 38 46 31 16 100 34 24 89 90 6 43 81 58 64 100 58 87 95 43 66 84 74 58 63 22 70 94 50 9 41 1 5 92 40 86 77 64 77 81 74 29 97 44 38 67 46 53 20 86 22 80 18 23 53 31 28 60 66 36 88 13 7 86 12 39 15 53 93 9 45 4 41 50 54 60
100 12 19 84 79 73 8 32 89 90 67 14 5 94 70 65 66 6 19 33 74 62 73 51 3 54 100 1 27 79 85 92 91 72 92 77 54 88 9 69 35 72 99 61 62 90 52 73 61 82 100 18 57 19 90 67 43 76 54 35 16 75 62 81 23 74 32 74 56 56 94 42 68 97 79 21 28 98 68 78 1 69 3 61 26 60 82
28 54 56 71 9 48 0 12 70 69 96 31 3 28 80 93 22 83 64 91 29 59 30 88 71 39 78 10 44 19 20 1 3 47 41 49 76 60 20 42 13 99 71 28 55 58 68 44 5 95 92 63 38 1 39 54 2 22 99 61 18 43 10 82 88 92 35 70 76 47 25 98 37 89 30 34 55 59 59 4 5 63 31 86 68 90 7
22 26 73 60 79 20 44 82 22 38 49 71 8 66 9 53 18 69 36 27 47 66 21 18 75 38 41 2 70 83 93 91 44 10 75 32 57 84 72 48 86 83 47 99 56 58 86 25 94 19 87 77 52 79 100 8 79 33 3 95 17 63 58 71 18 82 70 67 72 15 54 98 7 93 84 36 40 11 50 84 55 83 47 86 36 15 15
81 72 40 36 15 70 84 59 15 45 15 10 23 32 17 8 52 81 33 9 14 57 9 56 35 59 31 3 53 4 29 48 96 74 23 94 3 84 23 20 86 90 93 19 83 2 58 39 45 94 22 75 10 72 8 26 83 46 12 53 92 7 66 31 7 38 24 58 86 62 19 97 71 45 39 63 91 82 77 13 50 73 48 54 70 66 82
50 37 44 13 47 18 77 92 24 82 40 80 15 92 100 61 69 51 87 30 66 51 40 44 4 90 17 35 16 49 19 71 31 74 85 80 75 70 9 91 29 11 75 29 69 71 52 46 67 59 3 92 57 73 15 3 87 23 64 55 33 33 19 7 43 57 17 47 75 60 38 74 4 27 59 93 31 81 35 40 50 7 35 52 41 40 81
71 87 68 91 93 82 63 80 73 1 98 43 25 91 2 80 22 48 10 3 53 78 97 44 22 43 5 90 43 51 1 62 72 41 73 2 41 49 55 28 47 23 78 66 61 12 17 69 72 19 15 18 19 80 81 84 87 100 2 83 28 67 92 36 4 93 61 29 61 6 87 27 50 76 9 71 68 52 13 11 81 21 44 74 13 24 31
86 38 20 29 51 22 81 87 81 49 46 27 57 70 75 87 93 83 42 72 53 30 99 56 88 18 54 36 5 63 41 71 85 93 2 86 17 57 24 47 85 29 36 37 86 74 47 88 19 46 48 5 5 18 62 31 87 70 29 26 26 45 65 1 68 54 84 76 19 48 100 11 34 96 88 66 39 64 21 2 47 60 89 82 87 20 75
97 87 30 14 50 45 99 59 2 60 90 79 88 87 87 36 48 81 64 73 22 24 99 13 88 3 66 72 98 55 44 84 80 48 75 43 86 90 21 88 33 17 47 37 77 65 97 55 83 15 69 12 37 82 47 46 8 29 38 3 11 23 42 42 24 11 76 28 64 65 43 8 2 47 37 11 77 58 89 21 56 29 43 23 27 5 7
41 6 16 17 0 92 51 47 28 57 45 42 63 76 1 61 59 71 4 65 100 14 32 43 23 18 0 94 40 34 80 64 6 94 8 56 35 24 58 75 43 80 64 44 58 24 60 6 11 26 1 91 57 63 85 4 24 98 15 77 21 59 24 65 68 63 73 80 10 89 58 82 16 6 0 57 52 75 7 38 3 17 4 50 23 72 58
79 69 90 64 34 34 30 93 42 69 87 73 5 38 50 62 66 36 73 77 63 97 14 38 31 70 47 7 22 74 32 60 81 93 88 79 11 78 34 19 18 41 70 90 11 12 84 69 50 38 51 17 79 19 51 83 2 61 57 16 76 31 32 85 58 95 19 22 52 57 50 3 71 43 1 84 83 83 91 6 64 53 88 12 65 54 11
29 22 66 60 96 17 58 37 2 90 97 66 54 18 45 23 22 98 71 94 93 5 85 69 72 70 98 57 68 65 22 67 13 75 50 85 4 39 46 17 95 43 22 30 14 71 93 54 32 22 88 85 6 93 5 0 79 55 10 78 0 86 67 42 90 0 74 53 35 36 90 76 8 69 23 82 88 76 53 2 95 95 90 54 59 79 19
62 96 25 12 73 92 44 42 41 65 89 0 81 38 84 98 41 62 81 29 82 38 45 9 7 4 55 33 67 2 62 26 53 75 26 43 50 29 100 91 78 1 40 64 68 63 24 4 74 34 54 2 73 95 12 57 9 25 26 91 83 40 89 72 15 57 15 92 95 93 13 74 88 80 68 25 54 55 34 51 45 33 36 0 81 22 5
18 91 19 24 68 88 81 99 55 25 74 75 46 83 50 80 49 6 53 100 19 100 81 14 36 47 35 77 71 100 56 86 34 3 29 14 17 29 96 55 20 42 3 52 49 9 66 98 100 66 23 77 30 12 36 27 39 78 10 48 78 29 5 30 15 63 11 93 48 50 41 81 24 71 63 6 93 96 37 8 81 3 62 74 28 68 39
35 27 23 42 18 76 42 90 23 42 86 31 1 21 20 51 15 68 78 32 23 62 19 45 63 82 45 75 17 72 20 14 3 68 88 19 92 71 93 65 35 79 38 61 89 99 52 96 72 1 18 95 59 32 68 83 48 86 23 1 70 63 62 72 15 62 36 76 72 77 86 5 6 15 82 71 57 73 46 82 58 6 52 49 50 57 4
78 71 89 14 34 96 5 69 94 87 8 46 74 70 8 54 40 47 13 7 8 72 44 27 21 21 62 88 6 68 46 71 69 4 42 45 0 80 5 65 88 98 10 78 5 30 27 61 5 60 85 26 76 35 8 17 89 58 21 74 35 77 48 49 35 52 77 59 36 30 32 69 7 56 28 12 94 70 1 7 41 64 40 100 12 83 1
75 27 7 36 89 89 68 50 56 36 23 87 97 99 59 6 79 57 53 48 56 91 79 89 58 33 82 71 15 74 65 75 69 81 0 97 72 74 17 12 11 18 2 78 1 81 10 61 19 26 22 88 85 21 22 31 65 21 15 71 32 21 28 10 82 21 55 1 18 31 19 45 8 68 60 99 9 93 33 60 88 38 32 98 44 97 7
78 48 20 39 10 77 100 98 83 9 60 33 3 6 92 52 36 54 32 9 47 53 73 15 6 13 36 100 59 25 80 95 55 56 92 97 13 91 58 77 49 22 19 92 78 46 51 30 93 12 48 84 87 73 42 39 28 19 89 56 99 22 99 84 70 69 33 82 63 26 23 9 17 37 16 56 48 31 4 50 99 95 58 24 41 27 25
40 56 43 35 98 38 30 67 22 51 9 6 25 77 41 16 78 48 1 51 88 23 90 89 82 70 62 64 84 85 89 14 10 20 42 75 75 6 20 80 11 60 67 44 39 43 95 6 71 19 81 36 89 47 24 62 50 30 51 76 31 82 95 70 40 42 68 100 25 29 15 100 9 15 51 47 12 9 41 42 60 20 35 23 51 17 25
28 89 40 52 92 1 89 23 49 72 71 53 25 63 30 39 32 53 99 85 26 85 36 90 26 61 53 66 33 35 89 57 75 71 18 32 0 23 18 29 58 27 28 0 70 52 49 28 3 5 1 56 28 91 95 36 33 0 3 90 18 33 49 97 78 35 55 9 52 32 80 53 62 6 32 43 69 45 17 8 73 77 0 95 28 53 94
19 24 6 99 31 59 4 80 87 82 16 42 31 44 52 57 62 99 27 10 37 68 28 92 49 54 54 37 15 5 71 61 10 28 58 8 39 76 59 58 28 7 83 19 83 47 7 100 92 78 94 35 90 65 97 44 78 90 6 73 47 49 45 34 14 71 74 30 93 61 68 57 75 71 87 10 25 6 66 68 9 65 42 77 15 23 79
97 36 93 12 39 49 66 11 94 87 88 5 51 66 69 38 74 87 53 30 14 81 55 67 84 9 80 79 60 14 16 33 0 55 44 49 68 83 58 68 20 88 89 16 64 34 55 65 85 2 73 86 53 21 80 7 64 69 2 62 8 61 59 28 99 26 53 13 62 93 43 77 54 84 98 7 31 97 21 2 56 93 45 3 1 23 42
68 73 67 77 80 30 78 32 37 59 54 0 60 45 56 11 37 15 71 0 43 71 86 51 57 37 17 37 75 94 1 28 69 47 26 76 74 23 18 48 0 42 20 96 79 56 59 80 29 34 39 14 34 7 35 72 43 5 30 36 84 3 19 41 60 4 3 36 1 94 93 55 29 17 26 16 84 56 11 81 0 47 48 22 89 71 25
89 1 44 12 95 13 92 7 67 25 67 42 37 75 1 86 58 32 98 67 13 69 45 26 29 79 0 4 60 59 44 56 33 50 95 65 82 89 75 42 60 84 41 48 10 30 74 68 80 61 100 41 1 61 90 28 40 19 43 80 26 28 52 36 43 65 67 26 82 49 33 54 77 71 33 56 17 58 41 33 3 64 8 12 93 48 50
53 5 46 34 31 94 41 16 18 4 70 94 0 11 21 20 43 32 5 49 52 61 22 79 56 43 82 4 51 44 64 31 17 51 14 93 60 41 34 1 79 97 9 36 63 31 21 24 42 9 21 13 89 99 24 16 23 39 42 54 99 89 64 45 12 13 18 78 75 71 29 40 65 34 50 28 44 7 70 78 72 94 93 86 26 13 46
88 45 81 38 65 14 84 87 38 35 61 64 34 6 62 16 57 63 38 4 48 78 41 34 50 35 46 24 38 90 8 6 7 49 88 70 50 57 58 48 2 52 1 52 52 93 26 32 5 12 71 31 44 17 19 24 6 70 59 74 11 94 57 12 57 47 23 5 60 14 53 34 17 50 100 43 12 0 78 72 43 0 12 97 99 99 50
63 36 65 40 42 65 36 62 83 68 11 94 21 87 43 13 88 32 67 3 87 33 46 54 39 14 19 16 89 93 46 65 73 0 23 21 53 28 29 95 61 19 31 44 24 96 38 76 9 14 29 15 78 97 47 41 62 85 87 64 42 37 84 70 4 20 0 88 56 9 36 10 86 86 72 63 72 11 45 69 85 73 38 3 51 47 45
95 24 22 87 53 50 31 83 60 62 37 79 37 94 14 77 24 69 52 33 96 26 0 64 1 34 82 56 58 34 48 36 33 86 91 8 93 35 16 84 36 21 13 12 16 42 62 61 43 64 17 76 1 48 29 94 22 79 77 47 17 46 7 34 100 97 73 79 78 70 77 75 56 13 83 46 29 8 91 76 22 15 52 39 32 53 17
84 21 63 44 24 90 31 22 10 16 48 90 24 24 29 48 10 77 11 65 51 74 80 5 98 56 90 81 83 48 26 87 77 8 69 16 21 49 32 74 11 81 79 63 93 4 62 9 60 83 52 25 2 55 44 96 13 91 8 37 62 48 23 97 24 61 5 2 23 1 3 58 18 62 18 77 17 70 17 0 3 50 11 11 98 87 86
96 32 64 44 44 76 50 21 37 77 18 55 55 64 24 87 97 84 52 83 95 77 49 68 51 41 14 48 66 16 28 25 70 7 19 58 73 35 78 32 62 8 69 16 65 21 55 48 5 19 19 7 39 23 84 39 63 41 18 54 1 83 17 40 76 63 4 60 60 8 47 31 34 57 57 0 8 0 98 47 54 15 72 43 16 9 30
12 94 29 9 41 49 82 82 2 91 79 59 41 12 70 11 84 4 57 18 45 29 95 33 70 20 95 3 52 94 24 77 89 95 23 34 25 7 89 40 35 39 80 33 38 68 12 73 35 83 26 55 49 1 77 94 29 71 94 42 52 57 17 10 20 87 93 84 18 8 28 62 79 4 68 1 68 50 49 88 13 48 100 54 8 76 60
91 35 65 98 93 61 59 38 9 69 59 65 65 66 11 65 37 43 28 1 13 26 94 60 43 63 26 96 2 98 4 37 55 32 10 16 62 30 81 94 23 78 9 74 50 96 54 42 44 64 22 85 59 89 31 52 90 87 84 96 69 22 30 19 58 11 49 48 30 23 7 0 28 22 76 50 91 52 22 87 57 44 17 3 5 70 57
87 41 8 7 23 10 43 52 12 52 50 98 10 3 22 15 53 75 30 36 65 20 72 0 39 82 55 58 58 65 14 70 6 13 96 62 78 53 39 73 19 49 5 17 25 0 24 15 1 31 42 90 83 93 2 40 18 48 15 99 98 29 7 10 33 15 28 17 31 78 94 77 18 64 9 37 57 0 98 43 89 64 90 68 69 11 52
30 58 46 60 82 65 87 18 99 11 60 47 49 28 22 15 60 48 7 8 3 56 87 41 12 87 26 24 72 22 18 70 50 34 95 32 74 4 7 45 79 93 91 39 72 99 23 74 83 19 13 60 79 46 37 29 38 56 49 6 17 12 5 67 26 50 28 96 83 13 58 4 9 87 66 78 44 87 91 14 65 16 38 15 27 80 85
36 52 100 4 32 0 43 95 56 17 53 69 40 25 55 32 28 77 75 44 78 99 3 42 77 95 59 83 22 73 10 77 28 37 22 87 60 16 59 70 55 62 76 7 59 60 26 25 95 96 32 27 12 31 89 87 15 12 30 47 76 14 29 32 3 28 34 57 6 58 0 56 10 57 77 82 77 54 23 14 98 35 34 68 71 35 86
25 66 64 33 92 43 64 41 39 94 13 88 52 80 7 45 64 81 43 83 7 36 49 3 40 23 12 63 11 26 2 75 89 9 65 19 50 10 45 68 39 80 54 52 88 80 85 15 10 53 26 30 75 55 1 13 61 82 89 42 40 72 39 29 67 67 34 56 48 50 22 92 72 31 86 82 13 30 6 99 2 8 62 58 38 18 81
62 61 12 98 98 43 85 41 85 9 52 37 1 14 42 20 60 70 14 20 35 96 100 53 6 77 15 7 66 93 37 73 57 36 96 5 64 10 49 7 88 40 11 53 39 42 73 2 75 96 33 96 61 15 37 83 35 81 6 45 5 56 86 55 53 81 10 57 33 9 35 97 79 39 40 49 100 29 79 63 3 29 20 48 70 57 17
70 13 42 4 77 41 0 38 8 71 69 74 35 0 65 46 67 61 70 80 69 32 1 80 40 90 35 58 77 21 65 3 18 20 40 58 0 53 29 61 70 31 5 83 69 42 37 91 83 100 44 60 43 7 100 86 93 67 75 33 88 58 1 24 19 28 87 93 19 66 40 23 64 7 80 77 68 83 40 44 29 41 44 12 13 76 36
93 28 42 14 64 38 88 13 54 58 46 86 19 72 26 90 26 19 62 69 88 79 8 2 75 47 94 42 33 28 91 0 33 34 69 28 98 46 91 59 50 68 84 60 81 81 38 20 13 62 21 89 28 61 68 99 54 68 56 7 93 63 64 52 11 32 29 85 32 38 82 56 44 27 51 3 42 32 97 13 75 56 46 4 59 28 66
31 6 18 46 53 86 26 38 68 70 91 98 71 55 16 51 62 16 60 72 26 70 95 29 42 40 50 46 21 25 63 88 99 98 72 61 99 69 52 0 42 69 43 12 75 91 69 58 88 87 65 64 19 3 48 57 88 57 33 3 37 24 91 92 0 95 15 38 38 27 9 51 57 60 76 29 4 19 91 74 65 57 65 57 95 64 72
7 89 22 79 73 79 90 24 55 86 58 37 73 57 65 100 30 71 96 79 29 76 64 58 35 17 67 16 67 0 18 40 29 38 63 56 57 53 52 3 16 72 46 51 94 50 93 40 69 69 91 65 77 27 21 34 15 8 5 13 9 70 44 47 72 37 87 61 34 81 28 64 30 59 72 49 97 25 80 76 85 67 32 11 86 45 53
78 70 14 88 60 80 31 28 39 80 60 45 27 50 50 44 55 12 57 100 49 10 80 47 7 50 79 35 83 55 24 79 32 19 34 99 25 49 88 9 14 95 26 73 1 99 89 87 9 22 72 71 44 52 1 88 32 25 60 14 20 61 99 99 36 68 6 73 15 24 13 3 13 65 33 64 79 9 32 79 2 72 8 45 20 39 95
0 60 98 66 16 51 40 54 96 14 36 8 26 84 27 65 37 60 86 11 57 36 3 85 34 27 39 61 43 76 100 53 96 49 4 24 76 65 4 2 91 67 29 16 19 55 72 70 5 13 24 27 94 73 96 32 99 93 3 32 92 72 16 71 40 7 66 84 5 6 86 2 52 72 65 3 76 98 99 65 7 76 49 16 53 45 44
16 22 85 6 58 25 55 89 24 84 4 53 8 66 28 66 95 84 71 35 44 7 6 14 56 45 57 74 24 25 84 12 35 52 30 38 4 10 12 38 98 46 33 92 58 94 30 75 89 4 18 28 31 29 41 68 49 23 53 66 6 76 14 94 29 28 74 10 24 25 5 81 48 73 97 20 30 22 27 80 75 39 42 29 99 79 94
38 23 38 36 77 11 83 24 76 91 78 65 16 78 78 41 25 22 15 1 96 88 44 77 89 93 93 25 93 94 1 69 83 86 33 64 18 82 94 38 21 18 0 77 24 53 48 5 85 32 41 70 76 75 45 53 36 47 10 46 19 69 96 89 10 91 65 61 58 6 1 56 51 34 13 97 83 6 14 86 9 72 39 9 2 16 87
95 11 49 66 36 9 12 6 53 52 3 28 4 50 18 23 18 58 4 39 75 96 6 86 17 70 71 65 31 78 15 85 21 66 81 7 39 21 15 1 16 89 61 49 55 99 61 90 20 27 14 71 73 44 50 91 5 39 7 35 4 41 9 33 70 33 70 61 35 10 33 77 89 67 95 73 18 72 97 8 68 97 32 77 10 60 11
49 67 33 42 84 15 61 52 44 95 78 51 77 33 13 51 46 54 47 22 37 35 70 78 60 75 89 78 99 45 91 84 22 77 82 57 67 86 38 8 54 27 66 36 74 40 3 35 12 18 0 49 1 31 20 23 38 30 29 6 61 24 93 99 80 22 4 99 89 37 82 100 93 39 5 34 83 91 25 50 16 27 94 60 48 36 49
92 29 46 81 84 79 12 83 64 47 18 32 6 73 35 79 81 41 91 49 8 98 0 51 63 6 98 55 89 60 73 94 34 18 74 70 12 93 82 21 81 54 9 60 3 32 39 55 22 2 15 46 24 29 26 1 62 27 81 53 73 46 91 8 8 97 53 58 96 22 78 58 23 19 74 10 22 5 74 20 49 18 35 45 42 75 89
26 28 14 57 57 4 55 17 28 51 29 23 28 90 30 96 11 26 56 61 89 10 11 74 11 36 26 45 39 50 29 48 44 76 42 59 27 75 49 82 30 76 99 18 14 65 30 66 58 24 52 87 23 13 29 39 87 72 27 92 12 21 72 24 60 5 22 3 17 23 44 94 48 27 90 96 66 21 69 5 26 83 30 24 42 33 32
68 27 70 73 61 40 49 48 29 90 65 3 25 31 6 80 40 35 46 93 51 70 6 0 83 77 84 83 71 95 65 49 30 19 31 11 20 47 18 49 0 58 19 26 55 45 51 46 22 38 26 29 37 11 87 18 34 40 5 90 5 40 11 20 39 45 99 76 29 71 62 21 71 89 43 96 15 46 25 41 71 87 78 70 22 43 44
70 49 3 70 24 11 52 83 93 45 41 48 60 9 3 47 86 4 99 33 27 68 87 33 0 24 64 25 86 82 71 7 67 32 77 41 34 42 29 19 7 24 71 63 40 69 19 20 67 63 87 2 5 73 64 2 3 57 32 65 14 74 9 23 14 94 62 90 43 41 56 86 70 37 44 6 32 57 66 65 52 76 64 85 34 2 19
9 37 70 29 91 11 27 85 92 51 97 29 5 43 81 44 50 51 70 12 42 0 93 22 58 79 97 65 10 3 23 29 97 12 9 1 95 93 2 7 50 28 39 86 48 68 93 36 84 62 42 14 8 90 62 68 56 43 74 34 1 94 74 35 62 70 51 52 73 41 4 76 73 77 64 76 52 8 87 28 39 82 25 88 46 66 27
70 8 64 40 44 66 65 58 68 12 30 21 89 39 78 74 91 71 9 6 6 69 23 47 3 14 45 57 86 74 25 22 43 7 6 45 26 84 32 48 33 84 94 93 65 49 26 44 13 38 27 38 57 83 49 45 74 62 76 46 7 69 32 17 36 65 46 21 63 60 83 93 37 48 9 89 19 34 37 37 36 61 90 54 41 10 5
49 18 14 13 80 54 77 38 64 69 21 24 80 69 42 51 20 27 66 79 27 76 4 91 33 79 41 36 55 64 58 71 63 56 79 69 6 41 79 68 43 88 30 23 21 19 67 67 72 28 67 6 55 39 96 39 76 16 4 54 10 4 10 41 12 27 26 11 5 50 8 61 64 85 32 29 31 91 42 73 97 2 97 49 93 80 68
2 64 11 21 38 62 56 21 22 47 34 99 28 94 16 87 16 77 0 14 15 49 80 37 4 19 78 72 83 81 41 38 95 58 75 72 42 27 6 50 80 90 12 1 81 55 84 85 61 17 53 53 20 54 65 79 65 91 27 5 84 51 50 41 90 2 73 75 94 10 45 56 52 98 27 56 6 30 82 32 53 3 13 91 11 28 30
10 49 2 84 51 27 27 88 15 11 7 17 33 13 96 19 11 3 53 59 64 89 17 22 28 6 5 69 33 21 44 36 65 71 0 75 22 15 96 19 39 65 95 59 16 46 3 44 93 84 56 8 71 29 25 77 32 98 86 85 55 12 99 88 62 87 83 31 37 3 33 20 5 42 15 5 35 45 44 91 78 86 64 46 7 72 66
3 71 30 45 1 74 59 85 85 91 48 89 85 15 44 17 85 14 96 52 41 37 12 17 93 54 27 86 66 3 21 22 94 30 63 91 47 9 34 57 1 46 59 25 89 69 80 9 14 80 21 86 57 4 61 97 77 71 65 26 42 4 53 51 35 57 27 14 79 64 75 94 55 42 21 17 31 20 44 81 53 11 36 61 23 5 65
17 17 60 31 68 95 6 93 30 59 33 90 92 89 97 66 98 64 97 96 23 88 56 90 54 85 53 65 11 22 9 6 79 89 76 52 76 100 94 39 16 43 6 35 44 97 92 43 58 65 5 5 75 88 86 60 78 75 91 90 5 49 58 52 47 68 91 36 85 31 74 3 43 74 85 52 36 94 23 50 62 69 33 33 16 93 40
14 23 52 17 0 26 36 76 95 28 87 76 1 60 99 28 84 1 41 55 33 49 96 73 42 56 42 0 71 53 51 40 42 67 2 13 99 85 40 8 71 75 88 41 83 34 63 68 43 37 9 79 36 78 62 67 75 12 87 20 51 91 49 99 26 62 46 95 78 97 65 20 54 53 35 51 22 27 83 51 70 91 76 73 57 31 42
26 48 48 42 49 27 78 38 97 25 67 35 50 29 74 44 50 68 99 55 64 86 13 20 57 100 63 49 17 23 33 22 50 76 85 6 58 77 68 85 51 30 82 11 20 77 18 92 84 96 77 34 8 26 84 39 91 82 84 69 68 73 3 44 38 89 72 6 32 17 94 12 79 84 46 84 30 38 92 73 87 6 62 3 22 73 79
8 100 86 98 71 19 27 18 34 21 45 40 21 12 81 92 46 89 1 42 88 78 27 15 75 97 96 38 15 11 91 53 55 24 7 66 31 3 23 13 5 92 38 20 31 91 8 83 18 97 40 90 67 33 84 80 27 42 3 47 69 88 90 37 27 47 8 27 13 51 94 73 17 74 36 52 76 10 28 6 82 45 19 93 57 44 27
91 80 33 83 57 19 60 94 3 30 67 25 94 42 92 11 7 61 37 94 65 5 93 35 22 54 36 26 4 30 19 88 75 82 55 83 60 54 72 13 80 90 90 100 52 91 12 58 90 13 34 42 20 5 66 87 32 82 98 47 38 28 83 87 42 31 11 2 57 81 80 32 14 53 13 96 82 89 70 15 83 61 19 41 49 15 74
34 98 93 54 81 11 37 14 85 50 69 37 86 76 23 85 92 12 62 53 61 76 24 67 43 24 8 76 13 12 35 27 59 74 27 23 57 2 5 3 90 90 91 99 17 1 0 76 100 74 61 30 24 95 1 79 91 74 57 92 33 70 99 94 15 12 66 89 27 42 96 90 48 62 90 98 37 97 54 35 29 85 16 24 20 62 92
4 30 13 74 67 66 51 98 11 58 78 98 19 43 37 28 58 73 73 31 48 50 28 10 50 29 91 90 13 21 51 48 68 1 63 19 15 43 57 39 31 52 93 23 18 97 96 66 86 100 23 42 79 68 80 34 52 57 11 21 5 25 12 16 13 19 80 92 7 89 83 20 13 32 65 59 64 18 77 88 74 46 98 84 40 44 98
23 45 68 7 3 84 87 10 76 98 65 42 7 10 8 99 71 65 24 98 14 46 5 97 83 54 72 17 77 25 67 32 9 53 76 27 94 98 13 35 55 100 46 97 72 32 41 77 95 87 97 33 62 75 1 98 92 3 43 5 67 16 99 87 50 64 90 21 37 45 51 13 35 21 14 47 2 52 32 84 51 17 50 52 98 32 76
15 98 60 96 70 4 57 7 77 78 76 19 33 65 24 42 23 33 68 55 10 84 45 97 29 61 41 38 56 46 23 50 3 25 12 8 69 69 79 93 62 26 37 37 97 87 12 100 42 97 65 30 65 13 65 30 22 46 37 26 74 63 13 88 30 30 23 43 33 44 18 75 23 60 24 28 77 82 54 16 61 28 89 78 63 92 16
82 30 90 34 61 79 31 54 17 86 51 89 100 0 68 63 18 24 24 26 78 36 25 81 10 86 1 57 87 28 73 20 2 38 54 78 18 60 50 57 13 44 8 84 2 30 93 63 76 30 31 51 2 95 9 21 40 32 72 89 28 41 81 70 87 78 86 8 85 22 78 89 31 53 18 27 32 57 8 68 61 77 89 87 89 59 17
47 46 1 22 46 75 84 51 21 22 54 55 84 80 52 11 72 83 88 36 87 4 29 17 31 100 27 93 63 46 18 75 38 56 15 37 9 49 47 27 49 59 22 16 61 86 18 71 13 3 57 73 17 34 90 34 44 97 89 23 51 31 46 39 43 15 17 1 4 98 9 89 91 48 9 76 81 29 14 46 23 2 88 92 88 81 63
64 14 36 67 57 27 64 79 38 17 66 7 23 19 91 47 13 81 7 40 77 43 4 62 50 11 60 47 45 76 4 37 82 31 14 13 52 26 23 88 56 8 4 7 85 36 17 20 4 89 82 83 85 85 54 90 43 85 53 16 79 77 0 1 34 62 88 53 41 24 52 77 33 89 78 60 79 38 69 37 6 97 67 83 22 65 63
55 49 15 4 66 97 84 14 23 85 83 71 21 56 14 7 80 17 71 24 63 90 69 2 67 44 51 58 37 50 60 79 15 75 84 26 50 41 81 59 96 6 26 72 41 28 92 39 93 14 87 60 60 21 17 55 3 84 12 72 60 2 18 19 99 43 69 59 88 54 83 63 18 89 11 49 39 45 47 93 67 28 98 30 26 81 42
77 24 4 47 2 1 38 87 14 8 9 88 50 44 76 24 51 37 34 47 53 91 19 98 10 5 29 97 15 10 99 72 78 67 4 95 62 94 95 41 81 71 10 65 18 93 30 0 3 47 15 12 2 67 59 61 23 3 90 24 13 26 64 85 48 93 29 87 42 18 88 1 74 78 43 56 23 47 66 64 9 22 69 52 98 23 69
42 85 35 95 51 32 84 12 15 79 15 60 91 7 44 16 31 24 17 47 70 25 13 73 48 6 91 29 86 72 56 8 44 3 9 35 54 36 70 79 20 5 51 96 24 37 52 20 87 89 17 65 48 98 68 74 17 84 90 94 71 5 53 74 46 28 17 71 70 45 57 94 99 77 36 54 72 63 65 41 99 36 47 71 70 74 98
46 54 58 17 89 52 7 29 41 40 23 56 81 36 51 88 16 53 63 46 27 99 62 34 60 10 76 17 31 22 43 67 22 57 27 89 54 81 87 13 48 37 62 76 91 39 57 47 59 96 89 56 76 32 93 40 95 42 94 11 26 47 78 78 16 14 72 49 65 34 28 55 19 9 59 95 32 28 42 35 6 70 92 32 4 46 68
