40 387
9 7 60 39 54 87 69 65 43 88 41 73 52 32 67 49 42 79 14 4 86 64 53 73 98 64 37 61 11 15 84 64 52 29 89 31 2 69 98 64
75 43 18 39 14 44 15 91 98 53 57 21 25 23 94 39 31 6 15 26 74 95 10 23 6 46 50 34 67 94 85 74 37 50 28 86 69 62 61 52
90 11 96 85 49 55 13 60 35 92 61 74 66 88 68 66 61 87 2 1 35 28 41 6 100 14 45 12 98 75 93 0 7 76 51 41 96 41 98 42
98 5 71 94 17 55 12 93 86 61 59 80 46 79 76 81 26 44 14 14 96 26 15 24 28 70 17 36 2 75 69 78 25 55 58 91 95 86 93 37
80 59 94 45 9 1 22 56 4 71 39 53 98 1 50 90 83 26 80 84 29 12 34 80 25 58 100 20 20 89 60 88 2 37 45 7 14 46 8 28
42 19 43 96 29 21 82 54 6 34 2 21 77 28 61 14 70 44 20 34 19 5 66 73 23 54 39 21 85 48 94 51 50 92 49 91 86 48 22 42
82 82 61 60 30 78 88 41 75 9 96 28 47 41 78 46 31 97 90 64 41 7 86 65 100 3 59 69 67 38 28 25 8 4 80 98 42 76 73 5
22 13 46 46 15 25 43 35 70 59 82 47 79 89 94 1 43 64 15 65 88 36 41 13 27 55 40 26 32 70 28 74 18 84 63 21 100 41 7 39
92 42 98 2 29 5 92 14 67 6 46 5 49 91 41 8 91 68 2 47 81 22 57 29 0 57 44 19 6 45 46 67 3 34 64 2 52 74 63 3
16 24 26 42 91 84 73 89 92 55 38 7 64 60 64 43 83 35 6 23 74 46 43 36 12 14 73 43 85 14 65 42 64 53 15 37 44 69 89 99
64 95 2 34 12 47 81 69 7 30 67 2 29 14 22 15 27 17 81 92 46 36 80 13 1 16 3 46 58 61 7 54 85 58 91 3 26 5 27 77
30 80 22 33 74 59 62 0 42 73 17 60 14 46 92 93 96 54 79 84 96 96 38 18 54 28 44 7 21 52 28 44 49 82 64 57 50 72 39 82
46 16 61 63 83 3 4 90 85 72 65 25 46 82 31 78 81 74 72 9 45 72 53 48 36 15 57 75 87 87 43 36 48 31 71 15 72 27 50 94
100 59 29 50 38 39 58 3 50 41 56 27 58 37 8 47 5 88 49 71 70 6 16 81 68 17 35 48 87 73 94 11 81 9 45 57 0 32 45 72
97 30 75 74 19 3 47 41 65 84 80 63 79 64 42 73 81 93 77 79 28 97 92 39 16 83 93 17 62 90 5 28 18 42 74 100 47 77 100 21
82 12 71 59 59 9 3 20 26 72 91 85 48 17 27 25 22 45 63 8 70 74 39 83 67 21 89 67 55 3 72 20 86 91 86 5 57 2 48 66
77 4 17 43 43 7 1 28 87 55 81 80 88 19 7 61 88 15 44 73 38 30 74 24 13 77 65 35 0 19 4 51 2 6 16 26 36 83 73 44
67 56 45 39 39 70 22 97 13 3 48 85 79 36 73 23 94 59 53 37 11 75 70 59 100 51 28 21 9 16 91 27 28 28 36 94 8 97 28 48
15 3 73 52 81 10 69 69 53 40 22 87 76 43 77 45 41 50 62 55 92 11 22 59 61 66 51 23 7 1 22 19 64 66 34 88 38 60 14 18
93 78 57 39 96 39 17 85 96 90 24 74 39 87 81 92 57 19 81 8 0 90 55 84 25 71 11 45 89 33 32 3 45 84 68 40 85 49 87 36
15 52 100 45 64 21 40 16 16 16 32 93 85 23 30 69 75 52 25 69 59 51 12 87 33 82 45 25 90 32 75 22 50 26 31 11 75 70 100 6
36 95 0 28 84 54 89 81 48 66 52 68 72 31 29 3 11 71 3 30 6 75 98 51 41 23 78 38 60 89 60 91 59 81 41 72 53 92 14 25
6 75 26 5 93 95 20 53 16 95 12 55 96 18 39 11 16 34 8 20 13 91 8 84 74 46 77 2 82 49 15 27 61 12 62 74 43 0 82 27
97 56 76 86 79 50 7 81 40 14 91 48 1 91 63 24 86 31 36 61 23 54 89 8 20 74 68 75 73 40 92 97 66 38 85 32 18 48 18 12
2 88 26 47 83 94 56 18 11 69 1 87 92 87 93 54 11 44 64 94 79 4 81 18 70 38 67 17 46 90 31 38 55 76 22 39 31 98 28 17
6 33 10 49 43 87 92 24 66 19 39 16 32 61 83 50 82 89 36 41 79 60 93 37 0 66 38 32 56 34 20 100 40 59 6 90 73 53 24 38
15 50 52 82 10 49 4 25 15 39 99 49 69 44 43 41 47 70 96 23 79 21 24 79 77 97 95 80 92 20 32 97 16 11 49 54 22 22 84 84
90 40 3 77 31 26 68 34 68 22 23 40 55 5 98 53 84 93 47 27 27 44 37 14 42 70 12 5 3 59 80 9 80 25 16 16 35 55 36 8
38 15 17 72 16 19 98 22 56 90 32 94 94 9 76 87 98 44 13 13 38 27 46 70 78 46 54 89 78 26 59 25 28 43 60 51 12 91 56 68
67 60 14 30 19 16 83 17 68 54 43 20 1 78 8 100 1 1 34 30 55 87 83 70 81 50 83 61 70 91 43 1 88 61 45 38 63 52 54 76
62 31 79 36 30 44 82 26 2 51 3 82 46 89 15 80 54 45 7 99 30 84 20 76 79 67 54 3 23 29 78 86 38 49 83 29 82 91 73 29
86 44 5 93 51 90 41 24 52 60 72 50 2 52 68 42 84 18 0 32 61 56 9 17 21 41 90 33 65 31 49 46 12 71 30 54 27 90 68 6
66 20 59 51 21 15 42 76 27 5 54 2 64 61 35 25 64 11 35 8 30 90 60 35 37 11 30 39 66 7 70 3 39 12 98 38 79 64 12 90
59 90 44 37 8 97 55 61 98 61 55 32 82 23 91 50 98 1 62 53 84 81 32 67 20 59 83 92 96 70 42 2 77 21 25 61 94 3 35 63
57 42 55 83 58 88 18 70 8 43 70 25 0 23 97 34 33 40 83 91 9 93 69 57 88 60 69 62 91 34 60 76 98 47 1 28 12 42 34 27
52 46 80 75 85 23 77 9 43 62 63 56 26 49 77 82 48 80 62 60 30 22 24 32 100 83 20 94 50 86 25 23 82 88 14 40 0 74 3 26
33 30 1 22 53 51 96 68 87 98 29 85 7 48 28 6 19 33 89 1 43 75 73 73 23 80 50 81 70 26 21 31 32 41 17 19 88 2 86 44
43 24 41 47 87 2 40 44 49 77 9 26 49 3 1 65 48 41 13 61 83 90 99 76 22 87 11 42 80 1 78 49 91 35 88 10 7 41 8 100
52 53 100 19 2 20 40 86 23 89 72 63 92 100 32 10 7 54 77 77 53 41 7 13 67 22 20 45 17 16 73 50 22 98 21 93 85 45 80 36
23 48 84 24 32 43 4 47 53 98 69 60 36 31 63 8 15 67 37 64 12 100 5 97 68 15 77 75 54 74 79 44 10 65 51 72 93 32 71 46
6 99 74 49 64 30 12 39 6 44 91 34 88 39 58 12 99 22 48 7 83 14 8 37 83 80 26 80 25 41 15 28 54 100 9 66 50 48 3 55
78 27 66 27 91 13 53 77 15 96 34 61 73 43 64 33 39 50 14 82 9 15 88 1 47 17 61 75 40 38 12 47 84 8 92 85 26 27 5 31
28 60 26 29 66 83 21 75 28 51 52 38 98 85 44 97 62 18 86 62 18 59 18 51 33 14 55 6 42 44 86 36 3 74 15 23 92 46 0 0
33 17 20 56 42 69 94 11 94 94 85 31 10 73 14 8 1 43 31 85 48 55 98 34 84 11 7 30 49 36 53 32 8 1 43 3 74 17 36 10
68 100 17 72 68 64 30 0 7 16 69 63 84 28 59 28 10 62 16 94 84 44 50 56 1 2 81 26 56 27 12 63 4 3 93 46 75 61 79 77
63 17 94 98 90 67 69 54 55 62 42 92 80 40 10 63 45 8 72 76 19 85 12 45 83 39 45 78 13 68 52 53 67 78 38 97 6 49 59 96
94 77 97 64 84 26 17 52 57 52 40 63 34 77 96 75 91 70 54 18 94 97 65 36 95 99 22 55 26 59 68 80 7 24 30 42 34 0 68 27
72 50 23 63 24 96 10 67 17 72 13 97 0 66 61 75 13 100 48 64 57 76 49 37 68 21 19 93 21 90 59 38 50 37 34 1 20 43 95 57
74 48 66 92 42 92 79 50 21 51 96 34 14 92 48 6 52 86 87 55 58 50 90 50 25 4 65 9 73 39 73 91 46 63 47 4 97 12 55 67
30 79 55 18 0 72 35 56 87 93 78 11 1 87 17 65 85 10 69 21 28 4 60 86 34 85 9 65 4 24 10 8 9 8 41 15 74 81 46 1
52 51 1 89 28 72 47 83 0 90 93 95 82 74 85 40 22 63 97 21 98 59 53 86 5 50 55 27 97 94 38 34 29 94 100 98 41 65 31 63
13 19 29 69 89 70 60 70 76 71 78 57 98 65 41 85 69 72 95 95 25 87 1 2 89 55 53 26 25 68 49 9 22 14 10 85 52 64 54 70
8 38 42 58 67 21 70 99 53 32 94 16 68 76 61 10 71 15 43 28 14 67 62 8 22 31 10 59 54 13 52 39 66 61 91 89 41 9 74 51
96 95 12 26 58 73 54 2 48 27 88 77 43 84 57 68 1 7 58 73 4 34 60 34 48 99 35 27 4 84 5 99 9 33 10 12 39 68 78 85
29 3 24 18 6 49 11 100 81 70 98 4 84 30 66 58 50 78 47 56 46 23 64 26 45 49 25 50 55 24 28 13 34 22 77 1 87 22 68 8
18 5 92 53 22 56 99 17 66 64 55 69 25 51 62 10 64 21 12 83 57 97 86 48 74 5 69 99 35 98 65 94 38 92 23 28 53 89 11 11
8 80 28 76 52 18 61 7 95 57 58 24 52 84 40 75 73 67 0 62 50 87 50 54 60 82 74 4 18 3 87 11 82 96 13 37 46 50 70 82
4 81 1 53 54 95 33 66 66 68 70 95 82 50 1 34 79 46 69 100 37 65 49 20 91 21 29 29 75 20 2 49 34 8 70 42 91 51 64 71
56 6 9 14 90 47 99 35 82 26 45 97 27 2 79 68 89 27 18 29 12 65 26 61 1 9 47 85 40 93 45 76 81 65 74 96 54 92 37 75
43 55 36 61 38 30 61 43 97 81 77 24 30 37 77 96 16 72 53 67 27 23 81 22 70 41 81 43 50 57 96 40 25 58 48 100 1 51 38 82
70 30 2 47 22 10 75 42 16 0 46 36 11 86 13 53 26 17 21 85 0 74 71 39 53 92 82 35 9 26 31 59 14 37 60 88 3 64 85 23
96 29 2 52 21 46 49 37 42 50 99 72 18 51 27 60 47 31 22 54 1 16 11 35 66 83 67 38 77 34 84 15 54 27 94 95 40 47 58 3
0 42 51 83 5 38 62 86 0 12 63 4 94 80 9 27 47 43 5 99 31 35 69 15 17 42 53 43 9 65 0 38 91 37 26 83 51 95 48 42
21 36 53 63 86 8 71 98 30 9 54 46 47 27 95 97 67 82 20 48 93 89 4 94 13 91 17 95 50 90 77 9 21 8 96 34 85 93 52 2
37 84 39 40 44 55 34 71 47 7 11 46 84 26 3 13 24 75 38 98 98 92 44 26 61 94 32 41 43 33 94 37 13 79 24 25 42 89 31 3
65 80 18 9 12 54 22 31 9 79 16 25 93 50 66 91 64 2 63 77 87 67 64 89 92 58 100 88 97 41 35 30 44 21 87 100 77 51 98 2
85 17 31 99 28 86 32 6 27 23 94 54 22 78 81 67 40 13 87 25 95 41 24 92 45 54 57 58 31 5 87 57 67 17 54 12 75 50 84 76
91 21 33 14 56 67 69 57 45 100 42 90 85 40 22 14 78 5 40 3 95 38 12 4 18 73 30 22 62 48 93 45 81 11 52 76 27 36 31 30
27 95 70 91 60 53 89 42 78 55 20 14 69 98 75 72 89 80 20 20 48 86 47 8 17 63 5 81 18 22 65 76 84 35 43 73 79 18 18 95
31 57 94 72 9 50 97 55 33 10 39 61 49 73 81 17 4 85 68 0 12 49 70 22 73 0 27 44 34 66 36 10 30 4 60 82 90 69 17 99
5 27 15 98 70 39 5 14 34 16 91 55 38 5 24 93 84 61 44 37 46 73 29 38 86 88 59 28 22 26 98 34 38 57 31 99 64 71 77 16
84 16 70 61 40 5 76 56 39 62 85 69 41 20 83 88 20 46 40 20 86 34 43 54 21 9 54 46 28 75 93 23 65 58 25 35 5 0 44 30
96 55 37 100 60 61 5 24 54 48 17 14 24 35 31 35 60 82 8 66 92 27 21 66 28 60 29 52 84 90 87 100 33 5 87 72 1 98 44 89
60 48 54 48 8 70 13 26 40 2 72 75 38 45 88 57 97 55 86 25 80 52 58 76 88 44 58 52 38 62 73 18 47 36 73 94 92 82 24 33
65 14 39 16 39 35 40 10 67 73 5 24 24 17 58 13 82 73 82 53 54 9 56 61 19 72 44 65 14 34 1 19 4 9 33 88 59 98 24 70
72 89 58 13 46 51 93 22 83 22 18 57 67 82 60 49 56 26 6 91 32 90 66 18 0 56 42 96 100 97 24 57 86 51 11 100 82 0 25 71
94 18 68 79 58 67 18 8 50 83 84 28 67 30 54 54 11 86 93 40 48 23 60 38 18 63 67 27 68 58 14 15 100 95 30 61 56 99 82 10
8 61 35 69 29 48 94 49 14 3 92 38 74 61 91 34 84 7 16 67 4 65 94 29 89 6 92 52 22 51 44 3 22 61 10 89 12 2 41 31
15 95 84 96 6 50 12 76 32 65 1 74 88 71 10 72 47 100 75 40 88 45 90 69 19 81 69 55 23 91 15 59 73 78 36 94 94 31 61 17
54 16 31 33 27 7 81 55 36 30 40 4 15 95 82 12 23 61 50 63 76 96 70 11 29 92 19 14 12 44 34 5 27 4 61 77 100 19 57 23
60 88 43 90 91 11 40 23 78 36 23 10 28 58 33 28 43 75 68 81 84 33 40 42 40 14 34 56 89 85 77 18 93 26 96 76 97 72 62 11
75 0 0 32 37 70 98 82 79 73 1 58 85 87 25 84 55 1 1 35 80 1 29 20 40 64 10 37 32 31 9 47 45 63 98 63 78 84 86 28
11 26 45 78 98 11 14 2 75 68 98 98 14 69 0 7 15 53 100 8 55 72 66 49 1 66 20 90 77 60 79 71 44 67 76 50 68 8 16 38
56 100 17 51 63 29 89 67 20 56 57 79 68 79 13 24 23 14 86 39 25 42 98 28 31 0 63 94 46 54 82 35 95 46 92 47 70 79 82 99
32 19 64 5 29 81 35 93 82 36 67 16 66 64 85 0 29 27 75 89 5 3 30 9 10 85 22 53 99 48 82 0 34 8 13 51 9 52 1 99
82 90 16 24 76 81 99 42 91 40 12 16 4 6 32 74 88 59 4 20 50 58 18 83 91 63 69 30 76 88 27 30 71 73 1 72 56 56 55 71
36 87 90 58 2 79 28 92 82 34 15 53 21 83 59 82 57 31 10 22 14 93 48 88 4 8 92 92 90 19 89 35 4 27 3 7 60 5 94 94
19 34 71 55 25 97 42 46 93 14 30 12 82 58 62 47 10 45 38 57 39 30 10 90 56 15 51 31 45 2 93 88 78 49 24 95 26 1 59 86
70 36 40 23 75 22 17 97 34 2 65 32 29 68 82 59 55 93 67 74 29 64 26 92 86 74 38 45 68 24 20 30 55 65 71 78 8 6 71 14
70 18 30 2 99 43 95 36 5 41 15 89 67 86 78 29 90 49 6 86 31 23 60 55 5 18 86 4 88 8 70 65 33 2 34 47 88 34 68 72
49 51 45 83 84 86 99 75 32 36 35 93 24 49 28 13 32 0 63 49 94 86 2 86 35 78 13 46 21 87 35 83 2 4 46 22 10 7 97 11
64 69 37 6 26 21 29 89 6 70 97 66 62 58 67 5 94 6 79 89 6 84 41 38 26 22 27 19 55 3 96 18 30 46 37 30 36 16 59 69
52 9 28 55 42 67 5 0 3 75 62 0 23 3 98 60 68 54 90 32 61 97 22 8 56 43 87 74 90 37 35 86 17 81 46 84 70 29 48 59
93 69 52 3 8 71 55 84 47 75 31 49 40 12 7 37 7 33 44 80 38 3 14 28 48 70 82 67 41 49 68 6 41 52 87 50 29 77 38 2
17 56 89 77 41 10 62 39 56 38 63 57 67 0 98 65 24 6 43 56 23 27 36 84 44 42 86 91 14 28 97 76 39 22 3 81 69 79 14 75
96 44 82 71 98 30 3 68 73 12 69 18 85 44 15 0 17 25 92 83 37 23 79 40 77 79 0 79 90 31 19 11 30 4 8 51 55 43 20 42
97 78 67 70 63 51 92 46 57 80 35 46 65 28 90 79 86 40 89 98 42 50 21 83 30 11 2 56 65 23 71 44 12 50 82 18 14 43 78 60
15 61 56 34 51 78 62 19 42 44 10 51 38 30 90 97 91 64 44 35 76 81 71 2 51 69 43 31 28 17 76 91 12 63 91 44 85 16 12 15
50 75 22 36 67 49 94 1 30 13 79 17 48 78 60 61 74 28 88 50 49 22 41 91 89 34 20 44 36 60 20 90 92 62 16 53 91 48 15 99
65 64 70 78 15 51 76 97 86 8 10 89 17 50 24 44 34 72 9 59 89 29 30 2 57 36 82 54 43 79 56 10 21 93 51 89 28 44 78 46
95 98 99 1 31 67 37 59 81 34 34 71 81 23 22 47 90 86 68 67 1 97 16 42 61 96 44 36 80 24 100 72 97 51 60 97 91 43 67 75
25 85 61 36 27 90 97 96 96 47 9 9 58 60 38 66 10 87 21 53 92 4 96 89 26 62 14 23 74 64 57 56 87 44 57 9 14 63 40 37
90 64 72 61 99 6 52 96 43 55 93 77 57 38 23 5 65 48 27 57 11 87 97 94 95 19 26 51 17 60 43 18 78 0 99 24 29 4 45 24
88 83 25 31 97 2 99 15 25 62 96 82 76 70 0 10 95 26 89 34 68 44 56 77 68 94 74 76 45 39 9 5 78 98 6 79 82 85 77 98
54 25 82 0 27 61 69 7 96 10 45 89 10 44 46 74 22 47 26 67 9 91 62 67 19 20 95 69 90 24 93 95 32 53 16 93 49 100 56 71
24 78 64 78 2 41 36 70 23 52 98 45 92 53 39 10 42 87 29 69 15 32 76 9 43 59 40 29 38 93 34 43 24 97 42 72 48 52 67 43
85 76 79 59 21 95 43 74 27 79 48 87 9 71 40 45 49 18 98 49 52 27 38 71 61 3 49 60 79 20 63 93 80 58 76 80 86 67 87 30
47 91 49 52 49 40 20 26 92 74 88 35 96 59 67 18 74 88 86 61 64 94 58 99 30 47 29 21 81 70 26 40 43 1 11 47 34 29 51 30
38 39 86 3 62 99 57 47 30 26 41 34 1 29 97 42 51 51 24 55 91 40 42 50 56 75 59 46 67 30 27 31 16 49 26 75 34 35 45 90
34 85 60 72 42 48 79 11 93 89 61 54 81 50 64 52 18 63 58 40 81 20 63 26 10 72 52 62 87 33 37 19 37 60 75 36 27 40 62 78
43 61 100 39 95 0 38 83 84 97 3 1 38 50 39 30 70 62 86 67 32 79 85 52 90 70 96 41 69 72 2 99 25 19 18 49 44 41 67 34
68 10 36 88 67 27 83 40 55 93 1 42 28 35 75 60 45 77 83 43 15 34 13 99 57 59 13 41 84 20 65 88 65 15 22 65 93 28 51 69
57 30 28 73 63 71 91 9 44 88 34 75 65 2 7 24 8 76 11 95 87 63 48 25 9 27 35 38 72 67 0 10 30 87 38 62 68 62 91 28
49 64 23 31 59 26 51 15 57 62 53 66 91 5 46 33 53 75 35 60 10 18 56 39 16 30 82 84 28 78 81 59 28 11 80 55 44 68 87 78
48 7 54 80 21 95 10 12 66 41 25 56 41 2 44 27 92 29 31 62 71 89 79 66 73 13 28 35 0 69 53 92 65 39 6 19 38 56 10 84
24 93 67 40 13 58 19 0 13 54 40 84 30 66 25 72 72 83 22 68 4 49 14 87 66 65 82 26 13 33 77 36 94 93 21 72 16 71 69 19
18 82 44 26 99 74 68 11 40 76 82 8 19 77 10 48 11 30 74 14 46 10 19 57 63 94 66 9 21 4 53 64 40 22 45 54 86 26 28 26
39 95 83 48 44 74 57 3 53 92 71 32 94 98 81 43 7 28 10 46 32 67 11 52 3 32 65 45 4 92 51 20 38 78 69 50 51 93 4 84
41 2 81 25 4 10 99 74 86 36 61 93 20 45 80 8 8 2 40 44 98 62 10 78 17 1 1 58 56 55 42 30 40 35 51 67 97 27 58 40
47 52 69 35 28 78 10 15 75 73 49 36 0 73 96 76 9 41 69 25 98 19 70 1 100 45 9 58 66 28 14 97 11 55 22 49 35 51 19 23
19 18 11 28 7 33 16 15 67 78 77 6 71 24 30 48 37 3 28 91 1 0 23 45 52 54 78 5 13 18 64 83 31 4 37 37 68 82 41 63
74 4 50 16 88 91 46 44 54 42 45 56 38 6 62 84 25 59 48 64 17 1 75 31 7 33 78 27 59 78 49 31 26 85 7 4 10 48 0 23
69 95 87 5 82 40 20 72 75 48 98 18 84 36 69 32 13 62 1 58 22 68 43 76 71 5 55 29 6 31 0 23 16 78 21 47 68 95 74 50
19 25 76 74 18 65 1 39 35 32 30 19 49 87 78 21 17 63 39 84 31 56 25 55 28 100 17 100 71 46 96 97 13 43 83 89 95 74 97 96
54 29 92 0 28 99 68 61 76 97 100 49 5 21 12 76 72 52 19 48 8 88 89 29 59 84 88 91 5 0 17 32 59 78 92 46 44 58 44 85
88 49 95 71 100 16 67 43 74 55 73 63 40 92 14 56 7 17 89 61 100 3 82 76 45 21 2 77 21 8 94 3 19 40 41 26 26 27 89 8
52 46 16 10 100 33 19 20 11 17 71 63 33 45 37 73 48 6 68 17 40 53 88 81 35 96 92 31 96 25 54 74 59 27 22 32 82 21 10 11
75 34 6 0 93 51 41 5 58 41 63 30 56 81 22 49 33 16 9 15 40 81 23 21 27 85 92 32 30 67 84 1 46 41 19 77 88 39 10 4
73 53 52 68 0 52 73 98 29 92 100 9 38 3 99 15 51 35 24 14 34 97 54 86 70 9 64 42 53 60 8 40 31 79 79 56 61 44 59 86
16 93 3 82 68 48 32 2 69 46 28 26 63 32 14 41 85 92 10 42 75 55 60 51 14 100 64 39 26 65 0 83 54 27 54 27 42 97 59 44
96 70 3 64 75 39 73 4 67 68 98 16 48 5 78 20 54 89 32 62 36 58 42 18 59 17 9 58 25 73 66 59 69 73 45 5 71 28 74 73
7 91 92 25 39 47 10 52 15 61 91 89 42 55 92 52 78 24 70 15 89 68 90 20 13 79 74 81 50 17 33 9 67 19 47 42 33 68 90 92
41 53 71 7 54 91 23 79 47 14 7 3 45 87 34 13 25 87 74 74 16 86 35 83 95 54 7 4 1 43 34 48 99 6 55 18 74 21 90 18
38 53 62 42 8 14 11 28 76 10 61 29 8 43 33 15 42 56 50 70 0 32 7 53 22 79 3 53 22 74 10 97 15 74 25 74 93 22 3 37
43 30 3 19 97 6 90 4 66 48 55 64 32 82 26 11 66 24 67 68 46 12 19 27 90 56 95 92 74 63 52 90 81 23 67 83 51 38 22 97
70 11 92 1 53 18 41 2 32 95 51 18 21 95 66 58 19 43 96 3 60 74 27 47 57 84 17 23 94 51 72 40 33 63 79 52 91 49 28 72
37 75 95 79 65 76 50 59 9 7 8 79 19 88 87 48 100 78 80 52 19 17 78 51 34 32 49 7 13 21 84 100 54 21 95 43 87 25 35 10
19 49 25 10 64 79 63 45 98 89 64 79 0 44 12 52 36 48 89 40 63 44 89 85 3 2 100 59 62 40 74 61 90 75 6 11 96 59 30 13
51 44 6 86 36 45 98 42 60 81 74 92 87 76 91 42 79 53 98 100 70 55 52 32 90 2 89 97 98 74 85 3 80 29 11 42 36 24 22 56
56 1 81 43 15 49 3 66 59 49 71 23 50 15 57 30 37 31 14 68 99 61 48 90 6 67 70 88 94 63 30 48 51 1 23 92 37 79 100 34
19 76 15 91 57 35 96 43 83 28 63 41 5 67 29 76 13 9 83 19 17 18 92 86 59 63 79 65 25 83 94 80 90 2 52 71 73 76 51 45
49 31 71 96 68 11 64 37 51 17 73 4 72 11 83 58 81 27 85 69 23 7 94 88 77 97 81 6 59 64 54 98 39 58 44 99 46 37 9 30
65 39 65 69 39 30 70 64 41 72 28 76 85 94 34 65 86 36 97 69 98 1 70 68 81 83 81 100 93 73 23 61 41 43 15 54 30 2 46 24
53 41 40 42 64 1 71 4 86 57 73 76 90 62 11 80 26 60 61 31 99 92 57 50 30 36 88 4 44 68 66 16 45 20 96 94 16 73 78 97
34 70 85 78 81 77 20 58 57 4 13 68 52 71 83 93 50 39 83 79 34 1 43 87 43 31 52 69 40 39 81 1 75 76 26 80 90 74 96 59
69 46 39 26 53 55 99 72 27 9 100 66 29 58 3 90 16 93 65 43 48 23 34 45 3 65 83 87 87 95 58 98 86 100 84 63 21 12 1 71
73 38 84 6 83 93 15 34 65 30 94 64 51 37 48 46 38 81 3 14 10 9 26 46 92 14 40 32 72 8 15 74 61 98 87 8 37 23 99 74
35 58 68 93 7 76 64 64 39 48 80 46 46 39 80 19 62 25 52 42 51 54 89 89 22 80 94 29 38 19 92 18 21 85 32 99 84 51 63 17
29 86 87 54 8 33 18 78 50 76 34 63 43 100 42 50 28 50 9 100 97 60 84 52 63 43 71 99 66 84 94 96 79 37 76 75 40 5 38 18
4 100 52 69 54 17 63 0 79 61 71 52 38 81 26 49 73 77 73 75 64 76 81 91 77 19 25 34 11 92 41 50 49 52 37 62 26 12 30 92
10 1 3 100 91 5 95 22 37 16 97 76 2 80 31 23 98 46 54 14 75 48 47 32 97 50 85 34 50 17 42 50 28 59 13 7 8 10 16 39
61 79 86 87 20 58 89 13 73 39 60 71 23 77 80 38 73 30 34 3 5 47 28 61 38 20 70 39 63 46 95 70 51 48 29 53 1 62 68 62
81 32 90 76 71 66 81 40 13 80 2 81 76 90 100 10 6 17 14 7 16 24 68 83 40 38 8 47 84 65 12 18 9 59 96 77 48 84 88 26
4 18 26 42 49 61 94 46 64 77 94 45 88 78 35 89 69 47 43 61 76 69 45 67 30 13 90 17 56 48 15 11 36 63 10 0 84 9 44 2
75 93 91 81 7 68 4 27 65 69 36 18 98 95 81 14 23 32 42 96 89 33 98 98 10 38 44 15 70 0 41 54 32 46 71 46 29 30 76 27
29 21 34 34 54 99 2 65 33 55 14 64 63 27 13 42 61 67 74 54 53 27 74 77 83 78 6 12 77 4 8 99 74 52 88 7 22 60 39 3
23 2 9 39 85 57 73 64 30 0 53 43 46 81 67 9 14 53 10 33 59 7 71 65 46 14 70 63 64 28 20 71 73 23 20 16 60 30 9 81
57 90 45 73 73 20 83 73 24 11 50 17 20 65 40 34 25 15 67 94 65 16 95 8 76 10 68 91 24 20 84 10 8 0 58 50 15 80 14 93
37 46 54 61 80 87 55 22 44 44 88 80 93 60 94 46 69 18 90 73 28 85 57 46 100 89 69 21 60 95 89 1 39 72 57 76 29 38 96 16
71 90 38 21 9 59 14 65 72 50 43 97 91 31 5 29 2 68 75 71 40 61 67 31 27 92 89 38 37 54 33 7 11 20 66 51 36 30 38 76
43 54 5 34 17 80 6 30 91 12 86 24 19 40 16 5 24 95 48 31 62 49 32 77 97 61 2 94 39 60 8 3 64 11 25 55 42 0 4 71
70 12 67 50 4 76 88 61 4 25 82 80 87 84 32 55 62 8 6 33 95 59 38 41 56 100 63 84 46 63 40 23 39 36 31 4 38 90 69 90
19 9 94 89 41 58 98 71 86 87 72 75 29 2 62 76 72 41 75 69 1 67 41 95 55 42 55 21 52 62 71 70 12 17 82 36 76 31 61 55
27 0 90 38 56 27 85 56 14 72 6 64 9 85 26 3 6 1 64 46 58 11 59 5 51 36 37 72 82 3 63 51 15 89 61 51 47 19 24 100
87 8 64 85 89 35 100 57 89 39 42 3 43 18 52 69 15 87 36 56 86 87 32 42 2 84 0 1 6 99 57 43 9 9 28 30 43 40 15 94
25 18 33 46 73 81 1 21 88 88 7 37 83 80 69 95 18 31 86 25 15 64 49 87 72 4 55 64 22 47 7 42 4 70 34 100 7 17 21 60
63 87 58 97 40 45 40 77 30 11 27 85 34 92 3 64 21 83 19 64 64 82 7 49 74 20 75 54 8 76 94 21 9 49 94 92 69 72 91 23
81 36 41 80 6 59 81 95 12 72 5 60 100 72 7 78 43 70 65 17 77 98 70 68 78 49 79 73 52 24 22 8 22 45 79 88 69 17 23 42
7 11 51 72 5 94 100 17 97 42 74 5 4 46 94 69 50 62 9 67 61 25 91 39 87 42 59 83 67 82 94 81 7 59 31 0 59 100 40 95
16 21 38 48 78 14 91 93 77 52 38 84 46 81 6 11 54 17 69 39 20 36 45 70 88 83 5 33 92 2 52 0 53 73 5 91 91 64 3 83
24 50 95 22 70 5 36 97 78 96 28 1 86 54 20 11 60 66 15 76 13 22 85 44 100 77 60 62 29 69 97 53 65 31 31 25 33 40 63 87
16 50 73 9 88 30 99 93 14 44 54 14 3 55 93 65 5 67 93 3 1 64 47 53 68 41 80 6 53 44 37 82 78 38 20 53 14 8 88 97
27 73 17 48 24 43 92 78 53 55 1 13 93 38 55 16 71 95 58 29 95 92 57 3 60 76 100 28 78 42 30 21 74 7 78 67 75 77 73 24
32 5 57 57 61 89 26 41 35 60 88 72 44 10 34 64 60 89 88 60 33 35 27 76 30 46 66 48 38 16 83 90 93 90 74 7 6 40 81 82
60 12 7 25 13 11 88 40 5 44 15 83 5 86 40 53 80 59 54 45 20 61 90 18 58 61 80 60 63 26 99 52 81 4 32 26 14 100 6 15
10 90 80 98 74 60 98 60 97 38 87 42 29 100 61 81 50 72 52 52 65 42 32 27 87 69 74 8 61 31 40 77 23 40 14 38 30 70 50 36
63 15 73 5 10 52 98 9 96 37 75 65 27 95 89 13 76 14 71 45 76 91 15 3 26 11 99 65 11 16 53 59 74 45 51 75 94 34 11 61
91 1 33 35 37 20 34 89 12 15 40 62 9 41 23 68 27 52 53 43 73 64 57 0 94 86 35 45 68 59 74 91 48 52 50 22 14 11 25 73
84 1 79 76 17 7 54 44 82 47 95 39 89 15 59 23 34 6 7 78 49 63 62 22 74 24 31 42 28 7 98 25 14 36 54 99 14 36 58 78
99 12 82 68 87 56 41 97 44 32 75 66 71 61 16 29 64 9 85 79 33 19 64 19 79 54 16 47 42 33 0 33 84 75 28 98 92 9 99 12
86 82 98 9 44 23 81 55 17 99 43 37 26 82 61 28 60 47 18 85 21 52 50 38 45 64 73 20 69 84 84 34 58 21 99 43 63 67 74 30
67 25 65 24 42 84 23 64 26 67 44 41 90 50 26 5 98 10 53 3 21 16 60 69 91 66 92 80 26 77 63 14 10 90 26 11 58 36 91 88
53 99 94 3 56 28 72 27 11 69 13 10 36 87 91 96 27 78 13 83 95 58 8 3 73 40 28 15 56 87 82 75 11 13 47 65 93 87 7 72
37 3 79 72 52 11 50 42 96 83 97 11 12 71 17 54 97 29 8 74 24 28 60 60 57 37 62 9 56 91 99 65 45 40 49 82 60 34 49 84
7 20 26 74 81 98 99 26 86 52 93 11 28 57 76 53 62 5 78 18 85 9 40 28 8 75 5 20 20 20 25 94 71 79 18 11 88 87 25 36
85 20 82 30 34 65 32 62 90 28 13 76 40 56 24 88 35 96 72 30 82 8 51 18 26 85 44 28 91 37 33 16 83 93 100 97 74 71 25 57
91 41 16 79 61 16 21 76 95 76 35 14 4 25 63 24 92 32 56 90 98 33 67 43 88 62 63 97 16 30 44 94 72 91 5 93 88 85 95 38
49 52 11 90 50 87 83 4 9 44 49 66 74 49 9 62 71 96 5 29 63 7 57 38 56 54 78 74 58 60 83 51 35 46 56 95 26 71 4 10
23 34 23 82 23 60 65 1 12 37 69 53 89 64 89 29 99 61 15 68 85 26 79 23 67 89 39 62 79 84 37 62 84 59 2 18 68 96 92 77
54 69 63 17 63 53 66 89 92 51 5 14 50 85 27 17 20 31 61 49 68 82 1 46 21 54 10 53 78 77 73 73 52 3 25 44 98 98 40 56
70 99 15 11 12 13 30 61 60 16 94 52 89 22 61 81 41 81 77 45 86 47 47 81 81 78 39 68 53 8 11 27 53 72 35 16 81 30 15 53
42 57 54 15 13 15 89 21 71 42 56 64 35 46 16 66 95 69 84 31 28 22 32 6 57 49 57 42 79 96 23 98 41 93 12 37 37 17 38 100
98 66 45 52 75 14 13 21 23 100 96 81 91 36 52 25 9 68 72 74 96 9 27 18 97 37 22 31 76 11 87 77 37 71 56 16 30 29 40 58
87 72 92 47 15 34 44 32 15 93 18 59 90 13 3 27 59 9 18 52 83 16 58 100 96 93 87 27 30 27 75 36 80 14 30 78 89 19 16 22
88 72 93 40 73 87 44 30 65 79 14 59 10 79 89 75 79 100 92 62 44 50 98 46 57 76 6 24 78 42 19 89 60 21 99 63 54 29 56 49
21 25 0 19 53 80 98 31 86 8 72 53 13 11 96 39 75 86 7 97 48 50 72 88 6 2 92 67 88 77 46 57 40 45 85 10 73 36 81 71
92 0 11 68 29 45 79 13 23 43 30 81 42 33 98 24 9 28 95 3 42 7 24 81 31 91 94 36 45 28 61 71 38 63 61 14 81 10 30 42
66 68 85 61 72 84 12 20 49 80 39 17 56 86 3 43 72 96 98 38 55 18 59 20 73 45 46 23 60 51 3 46 18 69 88 92 67 98 72 75
34 10 98 13 63 66 12 84 54 2 58 72 72 9 86 49 29 59 44 98 19 18 98 24 80 88 59 67 21 79 57 64 71 32 35 73 99 79 74 78
28 27 68 77 97 77 55 21 8 15 19 29 94 26 25 16 50 16 68 18 34 9 30 13 65 71 15 91 60 99 47 7 74 91 33 53 97 27 55 93
66 35 57 82 59 1 51 44 94 25 89 40 58 39 87 75 14 83 6 47 71 86 51 79 97 7 44 76 11 57 49 0 21 25 13 16 93 2 23 67
75 44 88 79 97 15 3 33 28 72 64 59 37 31 98 33 8 10 40 74 57 39 39 32 10 71 57 19 78 78 62 100 43 37 19 23 3 22 72 78
85 50 88 50 29 76 97 20 11 39 86 32 79 4 17 19 56 61 81 38 17 74 12 42 19 64 39 9 88 75 77 61 77 44 1 47 50 20 78 9
78 52 16 80 38 58 52 34 46 99 66 5 6 71 83 74 83 32 15 77 34 13 7 21 48 90 19 5 8 63 14 68 37 100 90 34 3 73 45 45
35 31 71 55 32 74 87 81 72 40 74 90 44 9 35 100 38 24 37 8 62 12 94 49 5 4 61 39 86 83 71 89 56 41 41 22 44 96 73 23
95 63 44 21 95 100 96 19 87 76 86 99 47 62 70 45 30 1 54 55 84 38 81 62 67 9 94 56 69 45 68 30 55 20 29 72 54 26 94 53
50 2 28 35 83 6 45 44 96 1 28 99 60 72 11 35 15 76 17 27 18 71 30 16 98 77 6 68 89 33 48 91 34 87 66 42 73 32 39 86
54 35 91 98 23 13 71 33 14 54 38 91 59 69 38 37 34 85 58 88 77 76 12 48 14 20 1 15 98 73 36 37 37 29 12 29 49 93 84 66
5 50 100 33 78 55 41 74 56 29 64 85 53 67 29 54 24 64 36 25 41 90 53 38 23 83 42 85 68 7 19 5 4 95 68 40 9 34 9 45
38 8 41 74 50 5 80 87 87 82 7 36 76 1 91 72 89 54 31 2 18 42 9 38 81 100 48 82 60 88 54 100 60 60 97 25 55 87 15 35
55 79 26 69 74 7 10 56 75 55 6 48 96 35 79 98 67 77 36 42 57 18 1 85 84 26 21 33 56 6 25 86 34 55 1 3 78 3 95 19
96 8 39 77 87 41 24 31 65 41 23 100 2 19 61 93 46 91 19 72 88 54 40 25 13 10 94 42 63 73 41 73 34 3 73 65 80 73 35 98
0 89 52 37 71 53 10 26 10 27 41 92 33 82 0 34 88 29 27 82 78 58 56 54 81 92 4 72 66 22 67 34 75 66 45 96 71 6 40 29
86 23 84 26 5 51 83 28 35 18 52 20 66 58 82 87 56 36 96 60 76 9 30 84 81 85 41 77 27 29 11 60 16 77 91 8 22 63 56 78
64 57 7 24 26 81 17 58 37 43 57 90 18 75 28 0 61 72 33 16 2 24 4 25 59 29 78 26 54 3 85 17 4 37 58 84 43 43 81 52
21 42 46 3 56 58 60 3 77 64 60 21 80 28 38 85 71 68 91 87 24 41 9 33 86 15 29 3 33 81 31 61 4 24 38 49 70 26 95 53
28 85 88 61 84 26 13 21 37 66 66 75 13 87 25 26 28 63 80 82 100 51 95 38 35 67 79 94 42 52 93 29 3 49 82 92 6 39 49 93
62 61 48 21 9 54 85 28 13 99 72 60 76 17 89 80 27 78 67 3 70 7 11 83 94 96 51 68 68 61 65 56 5 64 6 36 75 56 19 28
77 21 99 61 57 88 22 86 62 17 21 46 25 94 31 3 34 74 48 21 79 17 44 19 49 7 70 73 11 5 6 33 56 33 25 10 53 90 62 43
77 49 96 4 56 100 1 14 44 27 33 71 73 70 83 61 55 69 35 80 96 41 29 100 18 65 86 75 7 79 30 41 76 20 66 90 7 30 38 80
9 76 51 14 89 1 5 8 8 96 9 52 8 6 13 50 16 43 55 49 37 95 68 39 26 94 14 48 6 48 40 77 34 33 93 61 79 47 49 58
18 72 44 13 90 10 21 95 97 47 70 7 41 39 66 88 96 66 99 10 31 32 95 56 88 100 13 28 69 51 51 83 69 41 74 86 34 17 31 7
18 93 46 97 22 64 12 71 49 29 6 88 13 4 75 61 30 79 13 55 60 75 42 30 88 36 18 45 98 91 90 23 75 14 0 39 25 29 46 95
69 9 89 76 63 27 56 36 88 54 13 54 32 91 85 1 21 59 87 11 32 26 79 62 68 23 100 80 16 33 97 33 60 14 89 49 39 94 60 40
42 97 69 42 58 64 0 88 5 26 82 69 58 56 44 76 65 35 19 60 38 47 33 28 15 70 18 16 33 61 80 94 67 51 63 58 84 97 66 47
96 79 93 3 93 90 8 62 61 84 52 21 25 15 49 26 8 89 100 52 66 40 73 50 31 24 23 28 75 67 29 1 55 70 72 72 7 79 58 35
92 79 1 11 35 89 59 88 36 36 0 85 49 75 47 11 72 57 63 19 40 39 19 3 82 5 2 20 50 49 75 7 31 0 86 16 85 60 92 53
84 44 60 17 38 17 50 10 25 95 77 53 75 33 62 47 20 38 62 30 60 50 81 70 58 17 100 49 13 73 50 2 64 50 60 98 69 20 89 87
72 66 96 99 24 62 37 47 54 6 95 53 72 27 99 68 44 37 21 80 92 76 12 23 59 1 14 93 76 36 9 42 54 27 37 36 56 84 87 16
26 52 4 1 8 31 65 11 39 74 49 100 78 84 22 70 81 96 29 99 79 0 39 0 88 27 94 53 43 97 44 71 97 81 4 5 99 13 66 9
64 1 41 75 8 88 25 81 6 29 30 69 47 21 4 27 15 65 64 49 73 25 98 76 75 44 6 39 46 73 23 99 12 4 23 68 59 98 94 3
31 19 30 46 36 73 55 18 33 95 76 79 27 93 32 77 13 41 27 32 89 82 59 74 23 7 54 31 36 64 92 67 9 3 44 85 18 64 13 79
32 61 100 52 20 83 83 26 22 77 59 86 0 30 50 63 21 82 48 60 80 62 20 94 1 19 27 67 65 67 30 29 38 86 79 72 81 22 68 77
32 9 90 94 40 63 64 22 21 47 51 76 61 21 76 91 82 81 78 55 22 65 11 51 59 95 56 60 59 27 71 13 77 13 28 26 63 66 41 61
8 66 38 3 78 73 22 76 69 96 45 80 34 35 49 3 38 31 86 34 12 81 4 84 28 40 24 24 1 14 69 98 75 35 63 88 82 63 7 13
90 42 80 93 95 35 97 55 86 77 98 31 20 25 97 90 21 84 59 1 90 55 94 65 68 7 78 31 98 90 10 5 39 24 42 24 50 23 49 64
46 47 38 80 47 3 50 96 48 97 77 2 75 93 10 83 9 25 93 72 45 42 91 16 33 59 59 31 5 0 69 68 0 54 52 86 36 5 12 85
10 57 79 3 64 55 16 23 3 75 91 85 61 61 94 95 23 70 72 10 71 30 40 43 20 47 38 37 98 2 82 64 34 25 48 67 65 29 38 85
15 44 60 75 19 14 87 98 17 3 5 60 91 81 54 56 53 41 87 7 1 79 93 77 29 86 18 29 93 100 94 8 11 41 72 53 17 79 77 79
74 3 92 0 25 72 90 28 65 29 82 60 36 36 60 84 34 46 89 27 69 18 3 53 95 27 77 54 22 13 61 80 49 72 41 68 96 18 59 4
16 91 98 62 45 91 28 55 61 13 34 21 73 67 7 71 51 81 80 67 48 53 44 3 50 62 8 57 79 93 37 22 9 41 21 48 0 34 87 4
57 0 55 68 63 37 31 4 79 14 39 7 11 5 18 6 75 55 15 42 19 32 22 51 8 20 26 73 62 81 84 61 71 29 20 24 39 90 64 33
21 68 11 76 12 24 37 76 98 39 4 2 91 36 81 43 97 33 3 19 88 6 13 59 100 36 92 9 73 87 95 34 92 98 13 21 88 70 30 43
10 8 75 98 55 27 63 19 99 17 100 81 56 99 98 94 52 52 45 55 6 68 79 27 78 28 8 17 19 47 78 20 73 16 66 22 61 74 31 95
29 3 21 62 66 77 36 14 26 81 88 1 52 11 2 9 70 11 79 24 39 86 36 8 77 96 45 36 3 76 11 89 49 32 48 60 4 31 94 56
57 68 63 22 21 52 95 52 35 32 73 62 9 0 58 3 47 13 83 91 67 78 47 23 89 100 28 77 33 2 49 20 20 95 71 87 74 19 80 100
51 25 24 5 57 9 1 47 18 47 17 71 71 97 71 89 94 33 48 39 84 86 96 33 73 59 78 54 45 63 58 51 59 55 92 10 82 86 100 81
25 5 9 5 31 45 19 52 48 13 27 97 77 17 72 84 79 43 72 100 62 79 15 25 66 31 37 50 88 73 68 4 69 44 13 72 76 59 22 29
82 16 79 99 79 60 88 59 88 9 92 9 89 67 53 43 17 54 24 80 76 19 58 7 35 90 19 11 78 11 35 28 84 41 60 16 54 64 21 78
74 88 30 97 82 66 29 2 95 77 83 26 26 48 59 39 66 80 67 62 22 40 8 84 83 63 68 42 92 2 56 14 2 86 60 8 5 16 58 63
14 24 55 88 38 17 14 35 58 63 100 10 42 54 93 65 94 1 35 88 0 5 29 44 6 27 6 12 30 47 11 91 37 84 38 73 32 91 5 19
69 43 55 75 27 53 96 45 78 92 41 23 79 28 74 89 24 6 13 90 33 7 80 97 16 65 58 48 41 80 42 14 16 10 28 21 52 6 77 8
80 11 75 2 34 86 72 92 90 28 78 89 54 42 38 31 50 21 81 3 80 64 12 23 14 65 17 35 24 4 58 55 11 85 95 7 84 41 2 17
31 57 1 13 9 98 69 56 19 9 41 25 83 77 4 77 69 84 39 89 40 13 58 85 9 19 55 37 51 22 86 21 4 85 68 97 16 93 31 44
66 78 40 58 38 20 73 27 97 47 26 48 97 3 41 99 25 65 5 22 22 63 92 2 22 90 33 35 24 94 40 65 2 3 31 2 14 26 97 47
20 98 98 32 62 65 100 18 0 70 40 16 42 66 75 40 21 100 84 75 92 66 25 98 31 52 69 84 21 1 27 45 33 100 100 60 96 23 92 6
98 77 61 87 90 88 81 86 46 48 49 58 75 95 45 81 70 9 96 39 15 12 30 29 23 77 28 35 2 56 26 64 40 20 53 99 54 89 56 82
46 45 100 85 16 8 89 93 88 4 88 74 52 98 65 55 54 16 13 68 79 11 48 37 3 93 48 47 17 87 53 90 37 44 17 12 97 46 32 29
69 49 78 80 52 54 53 68 72 86 96 30 59 22 19 87 50 28 24 20 78 85 13 27 24 76 80 90 97 70 98 76 71 21 72 16 58 0 73 66
8 80 73 20 10 98 29 28 1 38 73 21 28 94 4 94 34 75 9 9 8 51 91 50 2 68 75 46 20 71 23 28 61 22 33 0 28 23 95 14
38 73 20 48 98 57 89 64 55 17 70 68 93 45 69 88 34 62 49 0 45 39 89 49 79 55 48 81 19 5 55 80 25 95 11 43 95 30 99 0
76 4 79 78 60 69 69 7 56 90 4 1 69 74 64 48 37 86 91 37 22 35 90 1 89 14 53 59 1 13 69 98 19 79 16 63 61 84 8 98
62 35 55 88 74 14 52 28 31 11 60 38 4 54 35 18 74 81 85 77 88 8 56 95 35 11 88 45 89 92 73 10 46 33 6 76 31 59 23 39
76 84 91 12 33 62 21 78 17 4 42 76 32 45 27 37 1 25 95 50 19 36 11 49 62 57 38 53 7 79 28 75 32 95 75 57 21 6 27 25
23 56 69 96 47 89 65 72 1 77 99 100 86 9 91 81 77 81 70 3 7 54 14 2 59 50 65 78 67 18 75 59 2 3 73 82 94 37 6 10
64 87 97 38 25 29 44 71 8 63 54 50 27 50 52 29 54 51 77 40 53 96 26 33 49 10 94 66 68 1 97 89 19 3 42 79 22 30 47 82
18 55 94 53 46 32 46 24 62 12 27 62 92 81 32 39 4 3 60 83 86 60 64 48 81 3 88 64 21 7 95 57 40 86 80 6 23 72 58 46
71 65 12 71 89 10 21 61 98 6 74 82 10 7 92 94 100 52 88 15 20 63 79 83 51 24 27 79 61 58 35 90 26 7 26 86 63 1 50 38
93 77 70 11 79 55 56 85 1 69 18 67 72 62 90 25 29 17 56 94 99 24 47 62 10 67 76 73 12 58 47 5 51 91 50 9 46 54 15 55
45 58 60 92 45 21 61 80 66 76 66 1 97 43 62 27 70 54 72 54 50 25 91 10 100 33 2 44 86 19 88 3 46 71 14 21 44 31 24 0
98 8 73 96 48 42 2 29 8 97 65 48 15 94 17 21 49 40 74 45 78 28 63 100 21 92 17 2 70 24 74 52 74 35 8 69 99 87 96 59
23 74 28 3 87 80 99 89 74 41 98 6 13 85 2 61 6 54 67 54 97 6 80 82 8 92 98 68 10 31 100 81 7 66 63 52 90 29 33 68
62 29 75 69 16 65 57 17 97 7 57 36 43 93 82 79 37 98 21 10 75 38 1 38 42 2 14 90 74 63 57 52 73 98 85 39 59 42 52 52
42 55 91 61 49 12 11 15 77 14 89 92 50 53 17 14 44 81 23 42 51 11 60 40 99 40 43 100 44 68 96 9 53 30 68 70 58 33 78 69
60 44 44 45 48 66 11 68 83 91 92 39 9 17 75 23 68 7 40 4 0 26 50 41 25 66 39 96 3 91 5 14 21 40 6 63 84 48 92 30
20 71 77 2 43 89 84 92 84 81 39 92 37 49 40 30 6 88 48 7 46 80 31 88 14 61 24 36 52 81 76 8 14 52 34 24 59 48 99 67
85 95 85 25 58 85 68 58 96 2 99 55 38 8 53 71 90 33 68 84 78 2 19 73 75 60 93 52 17 89 58 66 52 96 89 27 25 15 51 7
63 11 93 11 29 73 11 10 37 23 53 49 31 86 71 4 2 21 94 16 66 98 11 66 56 29 94 17 67 92 93 88 57 1 50 89 8 20 58 99
64 1 20 70 17 31 25 27 19 93 10 23 64 43 61 50 96 47 71 48 95 46 80 53 93 31 61 75 39 44 96 16 31 81 32 23 19 77 12 60
32 56 47 48 50 25 32 68 3 2 49 19 56 16 28 37 100 77 99 9 18 82 50 42 50 96 91 42 53 86 54 66 24 64 63 59 58 35 0 34
27 61 84 6 46 60 69 59 48 38 31 78 77 77 54 64 37 36 88 17 3 39 83 84 98 15 67 37 95 76 17 25 100 39 60 35 100 11 57 40
44 69 85 41 2 61 81 90 66 37 14 20 59 24 16 82 18 31 18 73 41 44 48 24 94 33 29 44 14 83 67 64 96 50 75 99 15 29 3 97
37 75 44 1 30 25 85 69 61 2 83 69 64 59 16 26 91 51 5 7 74 24 13 74 11 66 31 18 63 68 84 79 8 69 71 78 94 99 66 83
7 42 92 43 51 32 17 24 7 18 62 100 55 58 74 13 69 23 31 62 31 3 87 20 63 93 56 64 17 28 70 36 56 24 45 68 26 44 29 16
48 41 53 59 57 83 56 88 94 21 4 90 95 13 20 50 15 86 47 45 54 12 64 34 44 85 91 88 76 16 7 31 2 42 81 2 50 85 80 82
67 100 58 1 64 96 28 100 56 97 24 68 15 93 14 18 56 15 98 45 94 6 0 77 4 19 75 21 87 96 52 57 13 48 56 37 45 9 43 53
13 9 51 98 19 83 94 7 71 5 14 20 66 50 25 43 39 36 66 81 62 52 2 28 44 21 78 54 41 38 70 69 34 24 7 100 1 41 32 100
5 78 71 21 63 6 61 30 93 11 48 1 56 63 86 58 15 21 61 70 17 12 55 44 28 13 90 73 29 11 65 56 65 14 88 6 96 97 52 61
38 17 34 70 10 43 2 62 63 90 80 96 86 77 34 48 34 98 7 50 30 14 93 96 13 22 20 92 70 37 49 79 36 49 30 32 9 15 97 22
84 28 91 77 5 21 20 64 40 73 30 84 81 46 6 94 90 50 26 79 12 47 63 100 54 53 12 45 89 36 79 48 62 22 78 70 85 6 60 68
59 6 83 11 59 35 90 83 59 33 23 2 46 6 64 96 72 78 39 48 11 73 96 33 41 96 51 21 14 16 27 73 76 21 94 48 25 28 74 100
38 9 89 45 14 44 78 94 51 66 45 94 38 92 83 33 80 53 7 13 85 57 81 26 19 34 100 53 49 65 64 14 69 2 15 20 12 21 55 59
81 57 57 56 43 30 59 51 98 72 59 84 79 74 48 51 42 87 69 10 38 30 17 81 71 60 0 39 88 92 69 93 88 34 90 41 89 36 81 49
87 31 56 94 12 82 32 54 59 90 27 3 29 52 60 82 0 32 15 81 76 61 95 90 18 22 1 72 33 90 34 58 27 44 80 26 47 55 89 64
80 68 40 96 40 48 36 93 52 31 95 32 72 89 12 5 45 92 65 15 75 46 1 70 89 28 59 32 11 29 74 97 1 78 19 99 56 52 97 13
10 77 45 77 62 61 78 88 19 98 59 76 21 15 49 97 77 93 94 84 16 84 52 5 27 54 96 53 90 87 36 65 77 56 63 0 16 12 62 76
45 48 100 6 27 79 44 43 5 23 93 100 87 87 49 54 50 86 15 76 44 4 60 46 72 51 83 86 39 63 86 2 91 63 79 54 35 10 50 13
56 59 100 83 33 55 93 2 32 52 87 66 95 63 12 68 42 51 2 51 88 13 2 53 18 70 28 84 89 88 8 13 76 47 79 49 10 38 14 40
35 65 74 46 22 22 67 40 2 29 9 7 63 36 58 16 4 99 92 65 35 18 61 69 60 34 38 33 4 77 44 5 1 56 32 100 56 47 58 46
98 48 100 79 90 18 70 51 55 89 87 40 15 81 3 51 88 61 49 60 63 38 58 21 73 5 80 86 25 75 98 54 97 22 69 25 79 79 92 9
7 75 31 50 6 32 80 60 2 33 36 31 13 25 48 43 22 13 65 22 50 98 91 26 15 97 26 27 22 2 86 70 25 78 90 45 29 54 97 29
66 65 41 73 84 21 23 71 10 40 27 26 21 87 25 3 12 12 93 92 71 58 33 18 69 36 36 59 75 43 34 28 73 6 44 10 4 90 63 17
26 14 98 9 88 32 95 59 73 52 93 92 92 70 54 65 75 11 75 56 63 67 96 64 4 72 34 5 96 72 20 33 41 95 94 83 6 52 48 96
4 41 0 2 31 29 21 77 49 15 11 96 18 52 30 44 24 66 82 25 74 72 9 45 82 62 15 23 51 27 45 47 67 40 63 45 31 77 11 58
11 85 71 0 32 97 22 15 60 77 32 42 89 52 39 40 94 98 57 0 76 51 15 27 62 57 57 49 46 63 19 63 4 94 89 95 11 96 28 48
23 5 45 31 48 74 79 29 96 83 39 2 78 4 86 74 1 48 17 100 81 55 90 5 1 6 54 28 53 42 23 48 59 72 14 7 36 85 78 85
40 27 79 11 27 81 1 72 93 89 40 77 47 37 20 4 82 4 11 46 90 40 70 82 94 91 72 45 30 54 17 77 22 37 59 41 9 57 7 35
0 45 20 63 93 77 50 69 18 17 36 55 81 0 86 62 62 99 96 76 99 96 42 8 79 7 72 78 17 26 31 95 78 76 5 39 96 43 29 11
88 93 100 38 75 44 43 24 91 12 65 11 37 60 31 98 49 70 50 55 39 2 60 2 96 19 51 77 58 1 1 3 5 6 54 39 53 100 85 7
59 40 85 52 14 8 22 36 99 66 75 83 87 33 22 16 20 15 98 78 0 39 10 80 62 100 82 28 99 97 15 55 46 56 83 50 34 6 11 76
86 2 78 12 96 63 22 45 57 49 33 22 57 85 93 80 94 16 15 21 36 76 7 24 100 95 5 95 64 58 71 36 17 13 87 82 87 38 86 94
73 27 2 45 82 35 47 1 35 64 47 37 12 5 3 61 67 13 72 89 41 13 8 5 62 21 92 73 97 21 43 97 38 72 89 30 46 85 44 19
93 35 64 23 17 38 40 85 72 71 98 66 61 4 71 48 58 74 90 50 55 29 87 97 3 73 18 7 74 3 98 16 65 12 90 98 15 50 27 52
53 8 85 64 58 30 11 96 28 34 15 23 34 23 25 62 93 94 68 92 46 94 70 64 19 41 49 74 14 9 13 63 18 8 31 36 76 29 60 89
67 8 16 55 98 15 77 16 25 98 31 68 79 77 79 32 70 32 6 45 53 5 5 57 80 94 35 41 86 72 78 56 76 94 22 51 16 79 66 70
33 69 96 6 21 100 56 93 14 60 24 25 12 86 20 4 86 47 78 4 15 30 56 5 41 7 5 21 60 32 68 72 41 88 40 70 77 84 25 94
25 69 34 50 14 50 57 41 26 24 37 4 3 52 3 99 86 10 94 89 3 65 79 66 57 6 18 12 52 11 21 66 74 9 80 76 86 21 23 18
36 92 62 75 51 59 71 81 30 32 80 86 5 56 26 52 97 1 5 55 68 74 6 73 9 11 15 10 93 84 6 61 72 10 13 58 60 15 69 86
73 25 15 70 66 13 9 90 63 40 97 59 98 67 14 29 30 75 12 90 11 16 60 79 77 70 2 37 31 27 21 86 74 78 72 22 32 96 77 0
20 64 96 92 82 59 94 68 40 59 25 57 35 97 22 90 30 89 62 45 74 78 48 65 64 82 34 83 87 56 72 15 90 62 5 40 58 36 48 62
6 23 35 48 85 67 85 21 77 31 64 43 21 17 80 21 66 40 67 22 1 72 51 100 14 37 20 53 25 93 54 48 36 50 74 79 15 66 42 64
38 49 6 88 22 95 0 59 47 93 43 91 62 50 94 71 61 51 25 12 57 84 54 90 12 63 13 52 60 55 64 65 52 26 54 78 59 41 39 35
79 90 70 39 25 73 93 32 26 92 38 98 19 61 91 29 76 57 39 32 67 26 58 33 36 33 38 94 88 61 68 72 38 28 5 59 65 75 89 71
4 78 14 81 62 20 17 58 83 68 6 22 35 29 13 86 96 39 42 100 78 28 66 28 35 80 35 76 36 17 35 68 0 28 89 72 80 68 93 57
87 96 87 16 31 20 10 78 30 30 99 53 42 20 62 12 24 13 73 41 73 5 52 82 68 95 66 52 34 15 78 64 42 7 31 3 62 43 68 79
72 55 78 89 22 15 55 33 47 48 56 95 66 83 0 18 89 72 53 12 85 74 83 2 1 90 38 50 8 0 27 18 1 24 62 29 72 8 25 22
88 71 0 11 9 34 91 23 59 55 60 42 48 79 39 38 11 60 95 51 66 99 8 43 90 64 89 81 84 61 68 8 32 42 70 14 95 22 27 94
75 37 59 79 2 92 65 17 23 33 0 84 14 99 39 3 49 60 0 60 54 57 25 68 15 65 7 23 55 75 29 25 30 62 90 98 52 65 25 26
76 46 5 57 6 40 5 75 87 100 76 34 33 71 75 95 71 86 54 33 71 23 81 82 53 46 74 12 2 19 25 12 52 6 60 87 56 64 23 5
30 23 36 55 56 35 76 92 57 52 59 97 17 34 96 56 19 81 61 21 61 24 59 92 72 17 87 11 79 63 4 53 29 7 14 76 22 83 83 18
97 77 9 91 74 93 75 51 23 3 17 26 26 35 38 94 64 29 17 10 4 99 29 51 7 15 69 0 0 74 62 58 87 62 94 49 60 63 34 1
82 18 7 34 7 46 61 4 7 5 24 62 69 4 41 21 9 40 9 84 93 69 21 5 88 76 74 91 24 99 80 25 47 100 27 88 0 14 90 63
56 82 9 15 92 100 4 56 90 62 70 49 5 43 22 28 68 53 54 8 24 38 94 44 7 75 19 20 5 56 8 21 82 3 96 60 47 92 39 15
25 13 40 0 24 97 3 28 96 30 35 76 24 73 17 99 51 44 81 4 84 90 31 3 11 92 89 93 9 17 93 68 47 49 30 8 30 13 43 75
94 76 65 99 77 39 30 86 9 48 17 85 84 64 57 82 62 74 34 98 40 86 79 85 13 56 46 99 25 99 79 59 5 34 25 53 54 48 51 24
72 68 42 37 23 7 78 13 33 89 9 12 66 80 66 6 7 19 59 72 61 0 91 60 8 90 73 30 87 59 17 65 28 1 82 50 83 95 10 17
42 44 8 35 73 33 73 79 0 27 49 41 91 53 84 9 93 65 65 43 77 17 24 77 47 9 40 3 45 10 30 72 48 92 4 20 60 34 19 56
78 73 89 18 28 27 33 53 65 23 34 88 88 88 44 74 49 98 61 86 82 95 12 66 0 29 82 24 86 47 36 90 69 91 54 32 19 68 46 51
42 50 45 12 65 8 75 71 23 53 43 50 52 13 51 93 50 42 72 24 68 50 50 95 75 23 68 78 92 57 55 88 41 78 78 4 78 82 10 44
34 83 92 26 61 37 9 18 23 55 54 82 55 39 8 86 71 43 10 96 14 9 47 66 48 14 34 12 37 2 71 56 21 42 75 1 55 69 94 57
6 32 59 92 27 42 29 76 33 25 39 22 37 10 13 21 43 6 89 35 3 86 97 19 63 41 11 69 18 42 12 96 54 21 28 31 71 98 6 25
56 100 37 72 62 42 49 39 31 21 100 7 9 38 81 13 90 28 62 52 88 93 1 2 37 77 60 60 73 27 28 29 80 78 47 3 44 22 6 84
86 92 30 34 13 55 60 17 19 28 72 61 33 27 24 48 91 60 94 95 10 69 90 25 54 96 44 37 61 95 14 33 39 71 97 67 79 54 61 86
42 8 46 27 88 91 30 97 17 24 65 15 31 99 58 18 16 74 95 15 99 54 80 65 73 82 59 45 85 87 32 8 24 100 62 41 72 73 9 21
38 35 80 21 64 72 16 36 99 0 90 29 67 13 82 21 35 93 59 20 77 40 19 4 14 62 3 61 48 23 75 65 40 39 64 45 98 95 16 40
89 68 3 34 25 6 76 83 46 68 100 17 71 90 92 10 62 39 44 68 50 11 16 48 63 61 96 91 60 48 27 35 8 31 83 19 52 26 65 92
67 60 98 10 47 8 34 59 94 67 47 100 60 50 98 46 32 0 50 8 30 29 36 0 95 91 36 85 85 19 57 22 15 20 43 61 69 36 31 35
19 59 1 54 69 96 98 24 46 2 3 61 7 32 66 15 14 83 80 56 75 55 51 1 84 45 55 59 89 71 0 58 23 37 55 93 49 12 74 81
45 72 69 36 92 21 79 11 69 24 90 85 86 21 26 96 96 93 45 4 3 2 94 47 7 94 53 47 16 66 87 44 26 61 18 62 12 19 77 76
63 57 77 35 31 51 49 7 83 69 31 35 58 52 1 73 61 71 75 75 9 32 37 66 99 41 23 62 99 88 59 0 82 39 16 41 74 47 61 36
35 98 45 30 4 43 91 59 77 38 84 22 79 61 4 63 38 13 84 92 47 70 61 65 20 84 62 53 59 8 92 71 48 87 100 34 41 98 43 86
67 32 9 89 77 73 5 82 99 58 9 24 63 1 66 22 21 78 43 72 71 55 44 95 89 44 62 20 3 70 87 23 90 16 35 60 33 18 76 9
11 17 98 13 42 18 19 4 91 27 75 3 34 71 3 36 82 4 2 42 38 68 98 88 88 41 71 83 0 27 58 25 47 10 48 30 56 89 100 97
26 71 77 12 15 62 41 76 59 22 75 42 19 34 19 48 71 37 18 62 78 22 13 21 6 96 69 90 76 31 38 78 42 10 77 29 51 46 14 70
33 21 46 4 32 1 66 5 61 25 37 49 71 93 22 94 39 84 4 88 58 39 20 81 57 82 81 62 67 24 23 3 84 72 34 93 67 4 23 39
83 23 12 93 83 16 91 23 75 95 93 2 65 11 86 70 10 44 47 51 75 93 60 86 90 28 69 26 93 79 69 93 90 98 81 64 69 35 1 42
4 6 17 28 69 72 98 79 22 10 60 11 96 6 51 46 85 100 23 22 13 46 27 19 24 40 52 0 94 81 7 40 20 70 83 19 4 92 72 6
5 44 47 69 40 66 26 81 40 10 55 87 13 64 2 76 63 76 97 28 13 53 56 59 58 85 17 83 57 80 59 21 24 50 16 73 46 81 56 73
11 60 36 39 53 5 36 63 30 83 78 52 43 61 98 30 23 51 96 73 43 1 72 81 70 0 71 98 80 100 50 76 38 70 37 92 64 21 82 30
19 0 65 74 63 97 36 56 50 44 59 16 7 64 29 71 32 15 51 85 77 31 72 12 24 14 47 88 69 95 36 3 51 72 75 40 13 89 55 85
67 21 11 45 2 18 43 33 2 0 90 6 75 55 76 14 41 1 66 29 46 76 22 53 85 3 70 33 32 44 95 64 5 20 81 0 4 47 100 90
24 54 22 40 6 16 97 57 19 41 6 45 34 56 3 81 30 22 5 48 13 42 30 77 85 15 80 13 36 42 85 80 84 49 0 29 36 22 27 88
42 99 20 82 1 17 17 36 4 7 34 85 100 61 8 2 21 37 9 36 1 72 2 39 70 84 65 63 60 78 88 53 33 26 47 45 95 42 65 2
95 69 87 22 73 67 46 81 60 66 31 78 65 27 29 37 14 64 53 69 45 72 73 83 74 37 8 24 45 20 43 29 39 93 0 72 57 41 35 1
90 53 88 45 75 14 84 43 31 79 20 72 51 93 69 7 34 100 46 93 47 10 58 18 6 50 5 87 14 46 33 26 79 89 51 30 88 44 16 8
20 86 55 84 61 29 26 97 35 14 42 60 52 86 54 98 92 51 44 12 100 41 13 11 40 63 62 44 8 72 50 98 11 62 82 22 70 29 17 35
53 21 36 52 9 9 38 87 99 46 26 65 56 98 16 78 94 6 43 75 60 76 6 65 50 24 74 81 7 1 11 84 99 32 68 28 48 31 96 52
53 21 0 90 22 55 20 69 47 86 22 23 21 71 66 57 90 57 3 53 41 70 43 21 42 85 70 74 70 9 19 82 100 53 35 25 68 29 73 38
92 13 13 38 1 17 97 67 12 23 24 31 50 21 80 70 24 92 84 67 85 41 25 29 43 46 74 1 98 45 4 89 62 4 80 60 27 16 31 80
13 63 96 64 88 82 53 47 57 7 83 36 95 28 69 58 20 78 12 87 51 50 68 90 4 56 18 65 45 37 80 83 32 7 11 29 15 53 1 13
91 19 91 83 47 64 75 30 28 6 59 33 27 66 63 27 40 12 90 43 41 1 5 5 62 75 64 42 69 20 95 42 85 87 2 83 49 84 36 35
15 36 5 98 92 71 7 98 11 63 79 74 12 61 13 34 45 35 2 40 8 72 5 50 22 31 21 87 95 18 26 8 76 28 75 37 60 73 51 12
8 13 65 17 77 40 96 46 50 48 100 55 33 83 32 84 1 35 38 1 16 87 47 98 22 29 82 46 81 38 23 24 83 56 94 40 25 13 47 85
51 42 85 95 85 58 64 9 59 77 74 25 91 43 68 8 87 87 79 96 20 8 81 14 33 81 52 24 2 35 97 15 23 40 16 52 14 46 13 90
100 25 19 4 72 69 97 52 93 54 13 39 81 21 54 58 54 30 42 52 0 51 20 37 2 54 50 7 10 59 45 81 83 31 66 2 98 62 63 17
69 3 44 67 25 68 31 19 44 36 73 78 66 42 63 16 39 87 11 47 75 25 49 78 12 12 23 9 3 25 83 41 68 63 87 84 86 72 5 84
72 1 25 8 86 36 17 34 70 60 84 92 91 71 67 89 33 19 16 11 47 24 99 69 44 68 30 93 5 45 90 31 28 72 22 60 23 76 58 96
39 5 18 65 10 40 46 40 25 50 6 56 91 86 56 93 93 39 69 35 86 96 68 54 85 11 84 61 90 88 61 14 49 53 12 87 82 83 53 60
34 91 89 25 42 65 94 86 63 24 38 2 79 47 37 75 14 94 77 7 31 75 18 15 64 4 66 22 63 20 15 39 68 9 80 97 56 90 7 6
82 96 22 53 41 31 74 83 44 61 72 7 32 55 16 18 88 29 10 14 85 5 31 11 36 5 16 31 30 48 7 37 82 19 100 7 77 84 1 17
32 90 46 55 89 89 6 29 81 10 70 75 81 84 25 53 43 61 34 94 49 56 48 63 69 35 26 46 98 33 17 65 86 54 94 38 31 94 38 46
79 78 46 71 91 20 80 42 4 98 22 71 49 29 14 67 48 51 38 69 17 4 62 12 39 10 21 67 57 60 98 42 83 52 72 0 87 28 80 48
36 3 25 89 93 78 63 69 35 38 55 8 19 97 94 31 13 56 12 61 75 26 7 51 32 61 55 70 38 44 9 47 16 39 100 46 55 87 56 49
90 4 70 15 42 26 89 41 12 27 46 99 29 68 43 35 96 12 79 89 19 1 53 49 55 92 3 26 91 88 22 19 7 34 20 90 95 2 50 26
74 89 4 37 97 86 22 13 80 19 1 73 60 6 11 8 91 82 97 92 21 81 67 2 82 37 67 2 86 22 31 20 40 58 67 24 7 84 35 61
88 69 80 61 14 6 47 6 20 58 64 2 54 56 14 42 8 93 3 17 40 51 46 14 85 11 66 71 49 15 73 32 44 32 79 71 47 94 93 90
43 7 37 7 92 10 92 93 52 77 95 55 45 91 48 76 78 10 9 46 2 38 98 4 94 84 74 34 74 64 86 63 40 80 61 86 14 78 84 69
