88 143
32 32 66 57 13 61 69 22 49 13 27 22 72 57 41 35 88 26 91 31 73 65 75 21 45 60 57 72 45 84 16 39 18 77 16 16 15 89 92 57 56 1 60 40 93 94 14 61 69 93 83 9 64 51 9 78 63 64 31 93 80 54 26 100 57 96 87 82 1 9 16 10 67 35 49 48 92 50 2 78 80 3 47 77 4 15 72 15
86 25 63 58 86 69 26 41 87 93 20 92 19 88 11 70 52 50 77 18 8 56 97 77 6 20 85 26 41 11 29 18 22 12 17 98 14 40 22 33 15 16 71 17 31 30 19 40 7 51 57 46 74 54 4 11 97 13 52 46 8 74 22 39 94 58 90 35 23 70 7 6 78 37 66 84 8 1 5 38 25 10 72 25 85 4 68 34
34 77 40 52 8 1 35 33 1 27 42 94 4 2 74 41 52 41 80 92 21 36 11 96 10 12 19 72 14 89 49 9 21 56 36 54 10 96 77 38 3 39 32 2 3 28 4 78 38 14 14 47 42 19 86 15 16 65 87 79 79 4 3 34 81 16 100 81 51 85 28 76 7 68 28 37 3 13 36 70 47 66 46 8 93 69 28 20
69 9 93 81 97 22 71 63 25 36 10 92 81 32 21 15 30 78 58 78 23 76 90 6 82 94 10 65 60 15 23 66 31 36 61 24 94 64 60 36 57 7 95 31 48 19 97 34 91 93 51 32 23 96 2 66 43 95 54 95 51 12 41 81 60 96 4 69 50 13 72 84 42 42 96 91 99 51 59 99 59 4 6 11 97 4 73 74
2 79 100 98 44 98 97 73 97 17 7 37 33 15 79 0 91 63 45 53 16 52 92 99 77 64 95 68 37 48 56 50 45 10 97 96 20 25 94 86 51 48 9 11 95 13 55 17 86 36 9 39 79 58 71 44 66 13 37 96 31 53 15 58 46 39 61 99 46 43 33 98 37 99 51 16 40 48 14 90 78 21 41 16 7 48 93 14
26 81 38 41 55 62 75 30 86 30 16 99 88 70 45 4 80 30 24 20 14 5 52 68 11 89 94 34 62 72 50 57 64 43 69 95 96 32 75 17 11 71 34 65 26 30 54 20 40 37 77 20 13 57 48 87 25 88 15 97 60 15 74 0 6 74 67 20 70 31 73 73 36 1 44 40 59 0 1 77 63 34 46 82 50 66 73 97
43 74 93 48 46 64 14 46 76 86 87 88 35 48 25 15 93 38 86 69 16 33 32 60 53 70 0 79 14 27 92 65 73 56 81 46 83 77 46 84 60 45 73 69 97 21 97 84 49 76 83 38 83 7 33 5 27 66 95 45 15 18 49 6 78 92 75 97 13 77 4 85 9 59 78 59 52 67 97 72 61 55 69 20 16 51 32 2
69 68 76 49 66 76 69 87 38 30 10 70 16 93 69 21 77 20 61 46 6 22 30 71 71 59 88 88 89 76 30 33 80 48 33 16 70 43 95 44 41 64 24 72 70 54 95 96 34 58 38 100 21 32 11 60 32 6 33 96 22 90 80 1 38 77 34 37 12 21 53 9 34 82 89 4 30 49 67 74 4 98 87 79 68 47 61 27
17 29 0 17 83 48 17 3 67 68 99 3 94 11 81 53 38 45 15 31 86 25 32 87 62 81 49 96 20 72 47 17 77 78 39 75 68 42 5 91 59 1 95 91 19 61 11 12 96 96 59 8 60 79 52 20 84 92 52 50 63 64 80 11 57 46 89 43 58 85 86 40 72 97 67 8 26 32 44 17 16 53 34 2 43 80 100 35
91 0 25 25 91 52 80 74 95 3 99 45 2 34 20 33 80 42 5 100 94 29 83 3 79 100 33 85 74 87 17 21 26 19 84 39 79 86 39 47 36 29 19 75 70 61 22 10 82 83 63 96 12 40 98 56 96 20 65 46 77 99 10 0 85 39 81 83 71 47 66 1 15 99 21 41 51 30 24 37 4 43 63 87 64 26 34 97
33 79 9 77 43 9 72 52 4 99 80 67 33 82 100 30 7 18 96 34 98 2 48 83 80 89 53 94 10 94 67 84 89 100 21 64 33 93 80 65 48 8 42 79 20 9 85 58 80 4 100 61 74 45 15 42 97 73 11 69 56 30 41 33 4 95 78 71 50 71 30 44 55 72 37 15 49 22 59 23 69 53 29 95 44 99 0 52
50 49 98 17 86 98 32 56 6 76 85 23 38 97 27 11 80 61 35 80 38 53 42 97 97 49 49 9 89 37 86 46 72 8 33 10 32 12 64 46 4 33 9 46 13 56 11 48 45 98 100 79 18 85 16 16 57 56 33 39 32 36 3 83 95 71 25 75 62 43 88 44 16 66 52 24 87 6 84 44 53 46 44 53 10 40 21 12
10 17 74 96 45 15 11 39 67 93 30 44 65 48 94 83 50 9 69 78 34 89 55 93 26 68 92 71 69 50 40 68 38 84 84 13 23 68 99 57 21 54 51 41 0 22 62 98 56 75 52 33 12 69 65 42 94 47 10 60 56 53 3 12 26 65 82 69 45 67 37 3 24 42 64 40 25 16 53 60 8 27 77 82 74 40 24 70
75 58 25 60 80 33 47 37 64 16 37 85 92 29 43 9 11 59 66 5 63 91 44 3 1 82 51 5 82 95 82 53 61 72 98 91 54 75 7 89 75 18 35 31 80 95 24 64 36 74 71 88 32 84 55 13 77 32 58 44 22 19 33 78 64 69 51 45 79 62 32 22 82 28 2 5 30 5 2 73 26 10 91 80 27 90 64 90
36 84 49 96 86 74 15 62 83 94 59 65 70 73 46 63 49 90 76 69 12 14 30 12 87 82 100 74 57 46 78 32 79 86 82 68 75 77 64 72 46 58 34 23 53 77 35 54 16 83 12 27 89 39 43 66 76 61 68 84 60 84 10 3 12 12 66 49 86 94 25 29 58 2 65 59 90 35 78 95 71 25 73 13 0 78 61 88
21 18 6 95 65 83 87 16 11 5 37 67 35 91 87 17 36 84 67 81 64 70 80 94 67 1 18 59 90 76 85 79 80 90 57 45 22 21 94 70 77 90 98 71 30 88 1 30 47 60 63 43 28 3 58 2 46 84 3 19 68 55 17 6 93 57 1 81 6 71 40 85 75 28 8 41 39 36 68 35 86 35 37 77 68 98 36 5
10 94 14 9 53 78 4 90 96 91 40 42 95 6 65 62 64 77 92 20 17 9 52 18 18 78 71 13 7 88 8 64 85 79 70 78 75 97 25 19 19 89 61 69 34 91 57 34 9 69 9 63 31 26 89 19 70 40 71 95 62 55 27 96 12 20 73 45 38 95 19 45 40 78 87 60 30 77 5 48 88 60 52 92 100 39 23 88
37 78 25 36 58 44 91 64 48 85 4 96 15 8 18 74 81 91 69 52 86 30 45 12 40 11 72 44 63 13 36 6 22 43 20 86 50 59 28 6 91 20 87 26 55 19 39 58 7 27 53 59 40 79 6 14 24 92 44 44 32 23 37 92 8 31 10 0 74 28 45 12 67 33 92 61 77 61 0 22 51 100 84 100 98 87 21 70
37 42 96 58 84 88 19 28 91 77 73 26 56 11 16 99 26 78 54 10 88 70 11 60 84 60 31 66 95 93 47 42 3 90 73 38 41 31 9 29 17 2 56 80 82 70 40 17 77 28 86 88 40 65 84 47 44 64 88 77 95 75 49 28 63 86 98 57 87 17 54 77 100 35 49 36 68 40 26 83 21 89 47 33 37 93 0 52
97 12 51 100 32 7 67 9 25 72 96 1 71 49 69 52 39 59 100 67 82 31 99 66 2 71 6 68 14 8 43 12 60 33 2 10 89 3 25 13 18 45 48 62 57 5 97 97 40 10 42 100 67 65 34 67 59 40 67 89 31 83 50 96 29 63 41 6 41 97 64 27 42 21 54 96 50 96 62 84 67 19 100 89 52 74 31 61
43 33 27 89 1 28 37 45 91 86 20 75 77 20 85 15 28 16 7 69 2 27 85 94 38 36 37 41 57 98 23 30 19 6 13 51 35 91 41 15 35 54 49 17 7 49 17 1 84 52 50 71 43 2 40 31 23 86 56 19 2 88 52 6 0 58 27 15 22 48 30 2 10 8 49 77 97 82 60 23 20 71 13 39 32 51 74 82
97 100 6 85 0 63 4 30 24 20 95 37 59 10 76 79 30 87 14 15 15 48 72 38 25 55 27 72 18 67 2 15 29 72 49 18 50 36 56 9 20 89 68 70 84 60 42 91 61 14 52 24 81 62 3 33 34 86 82 30 63 74 74 24 73 32 57 90 84 12 68 29 68 87 29 65 25 42 5 38 50 7 96 15 76 79 99 58
32 12 40 31 77 51 74 81 82 96 43 57 74 77 60 59 69 42 17 42 51 55 47 16 25 26 53 42 49 64 76 28 55 63 44 13 55 36 98 97 21 73 70 42 69 49 81 82 80 85 63 63 67 41 20 42 21 47 64 45 81 81 19 54 49 18 30 22 94 79 75 59 69 73 84 81 23 93 47 14 45 66 17 15 84 67 37 69
37 51 6 22 13 46 91 29 18 34 93 98 12 85 0 77 81 9 72 39 73 90 74 99 2 58 41 52 55 20 10 52 94 23 49 64 55 3 31 77 47 15 59 87 62 85 95 38 1 96 28 41 74 79 53 36 21 23 4 79 75 13 31 12 55 8 69 15 62 8 48 3 4 65 62 57 57 10 31 1 44 5 89 91 47 21 36 18
63 63 98 12 3 2 60 4 89 84 31 13 32 2 67 20 31 31 40 58 42 67 68 75 50 73 49 56 37 35 11 1 24 87 87 80 6 48 57 76 27 51 44 98 98 99 19 100 74 100 7 34 10 97 67 45 41 98 80 66 67 32 69 3 17 75 25 80 3 78 34 37 77 84 61 14 61 42 11 36 86 68 74 98 85 55 49 33
10 29 54 45 90 21 15 17 41 78 35 69 34 57 32 58 73 93 37 23 83 80 42 77 15 74 9 47 68 29 30 54 83 5 83 64 2 94 74 84 20 36 71 27 38 69 44 86 71 14 10 27 19 22 70 3 91 34 56 71 41 49 90 25 75 1 81 77 93 52 22 9 8 61 21 14 50 71 92 45 64 72 2 82 93 92 60 69
77 16 57 98 68 60 27 7 10 29 0 45 65 34 35 42 33 85 76 64 93 25 1 52 68 46 7 58 51 42 35 69 19 22 69 19 2 22 98 84 0 54 76 35 14 21 21 1 76 19 28 82 25 46 4 88 46 42 6 37 83 47 95 11 14 98 32 21 23 44 75 39 43 99 35 44 83 83 36 21 81 72 88 12 60 74 57 50
80 86 44 97 87 94 44 43 16 12 81 2 47 31 36 83 66 4 84 39 48 12 100 45 25 53 63 96 37 43 91 17 44 68 2 45 13 77 60 70 77 22 5 13 57 16 29 81 11 76 40 89 33 29 33 98 60 36 36 99 28 95 99 42 35 55 38 62 39 46 41 77 52 12 60 19 61 29 49 48 47 5 78 7 93 22 67 29
41 91 14 31 55 72 44 98 50 73 75 62 33 25 40 36 93 55 29 51 48 59 18 72 62 97 65 95 13 58 74 28 45 98 94 40 13 62 100 76 19 97 93 0 30 90 73 38 78 94 2 21 78 11 34 34 78 58 24 30 59 96 28 15 77 10 81 59 98 5 10 96 34 94 90 55 87 57 71 26 30 38 90 18 67 0 10 15
70 21 41 53 92 71 3 35 67 53 71 76 84 65 66 9 0 86 54 31 25 62 15 12 96 40 63 100 12 37 14 58 24 31 78 52 56 85 28 22 89 25 52 47 47 25 3 41 54 59 41 55 0 11 82 55 45 94 45 86 37 48 12 60 1 82 5 29 87 91 3 45 78 8 19 85 14 71 24 81 97 7 52 30 23 44 40 22
30 70 32 49 15 50 93 43 82 52 89 81 98 57 82 9 49 48 39 87 84 62 46 95 39 70 50 20 42 56 68 94 47 73 77 87 21 48 18 97 49 91 79 6 71 83 6 29 40 15 78 88 0 43 30 57 57 39 17 65 27 84 50 20 47 22 63 19 31 2 41 31 40 69 23 95 2 28 43 2 47 97 56 14 71 3 32 8
13 63 74 59 55 39 82 30 19 8 26 93 31 71 81 63 97 69 85 27 47 79 48 84 15 35 17 59 71 86 63 77 11 57 41 5 8 36 83 49 81 33 46 7 73 41 91 79 81 60 10 38 45 69 25 29 10 45 30 9 45 57 56 13 19 64 76 8 16 88 95 43 100 47 95 39 8 72 38 82 81 74 31 3 60 24 50 57
64 32 42 65 95 46 30 6 57 46 9 34 11 46 49 81 64 50 45 0 76 99 100 23 60 20 49 92 57 47 41 0 70 18 15 52 18 74 58 12 100 64 56 17 23 37 90 31 30 84 15 61 93 89 48 49 25 17 2 12 31 30 46 69 50 26 62 75 8 53 40 86 18 62 38 67 73 75 38 87 52 37 91 85 5 12 19 50
67 39 15 58 5 85 52 72 69 58 73 33 85 5 22 99 15 55 99 58 17 95 10 2 28 89 22 6 34 34 48 36 1 76 84 58 93 36 16 44 13 63 15 3 92 88 41 1 26 45 94 0 27 9 47 98 43 18 57 78 94 63 14 28 39 76 2 31 68 73 68 37 93 17 31 43 10 5 36 14 73 97 77 73 97 20 52 14
97 51 54 97 46 8 18 64 61 100 91 89 28 0 90 78 97 96 93 43 12 69 90 68 28 25 37 32 84 64 69 92 36 8 93 64 12 24 73 92 55 45 15 83 41 65 6 52 46 29 51 62 100 54 35 34 21 53 94 67 37 90 65 45 84 79 31 32 86 78 95 79 55 4 71 63 100 28 85 94 32 83 98 27 86 87 53 32
79 100 60 60 51 13 11 90 96 77 48 5 12 64 25 11 61 94 4 33 56 45 75 20 34 46 54 63 23 47 63 79 58 65 23 16 95 88 63 17 57 93 12 82 54 96 97 27 52 23 29 99 92 8 82 79 0 72 45 22 52 97 83 68 0 27 36 59 90 18 63 48 68 9 100 23 97 76 44 20 48 58 5 71 6 3 50 33
79 81 59 53 55 9 43 99 39 1 54 64 47 34 66 59 31 76 0 96 44 94 55 80 23 67 20 47 85 71 1 97 20 38 51 97 0 68 59 43 87 44 94 38 20 1 31 37 20 3 22 78 35 86 36 41 8 14 56 72 74 2 46 45 13 44 85 25 99 39 85 20 10 64 62 45 95 74 54 83 86 5 89 90 83 22 23 82
5 19 94 59 72 77 22 41 79 44 72 59 11 80 37 90 42 11 73 17 50 45 93 36 56 35 24 79 99 76 69 86 53 25 50 48 67 30 75 74 27 49 13 44 90 1 43 66 14 96 40 1 17 37 31 56 62 89 40 28 16 25 62 41 46 89 61 84 60 44 52 44 55 62 47 82 13 95 44 20 100 61 32 57 31 28 65 16
10 50 35 20 51 63 69 30 9 0 33 20 55 87 54 6 34 10 21 43 50 79 59 68 67 41 83 25 6 91 63 56 79 47 34 82 95 14 52 79 68 57 60 43 19 58 30 88 55 39 64 38 52 1 2 100 30 92 39 97 81 58 46 46 51 39 82 51 17 21 72 24 23 90 52 31 38 49 16 7 23 75 28 37 31 60 38 97
33 83 50 31 78 40 72 26 6 26 66 2 45 22 15 75 23 44 36 79 4 43 19 17 14 38 88 6 33 78 14 100 15 90 80 100 20 90 46 89 61 47 81 19 86 47 13 39 90 79 95 55 19 8 60 60 97 25 21 37 71 93 93 3 30 43 92 92 32 35 74 65 68 0 13 47 72 32 100 68 44 49 63 86 48 13 3 93
58 35 100 68 75 75 81 42 75 72 25 24 4 44 11 8 8 4 25 47 24 100 16 28 24 19 46 15 74 1 62 17 81 85 27 65 92 43 6 73 60 100 30 67 46 12 13 17 93 35 20 60 39 8 30 7 79 58 91 11 49 88 16 69 9 24 41 10 79 6 31 89 61 44 77 21 4 85 91 94 100 24 83 62 31 9 87 77
93 99 64 18 67 65 8 94 36 96 39 83 90 16 45 58 49 62 3 1 95 86 55 51 36 80 52 99 32 39 5 2 9 5 98 75 96 52 52 38 87 19 64 19 81 27 4 4 45 37 8 87 54 16 77 21 1 82 19 63 53 24 9 41 36 32 23 96 17 79 57 94 23 7 42 43 15 56 27 68 24 81 75 67 1 0 40 68
65 44 44 30 96 75 63 98 38 10 2 91 98 86 72 43 99 24 79 53 88 22 58 61 45 36 57 88 62 80 69 14 39 49 36 77 97 85 39 66 54 100 34 25 39 5 50 29 34 91 19 65 78 20 25 61 91 73 50 20 59 43 32 18 98 97 78 92 20 62 8 2 52 8 40 52 18 57 62 81 63 36 80 51 84 54 97 94
75 87 58 80 21 76 98 27 66 51 87 46 79 83 58 64 75 36 4 71 96 89 8 47 11 28 53 71 89 98 35 89 40 13 13 28 26 93 58 34 86 10 70 38 95 42 59 93 49 9 3 40 72 52 8 99 26 72 31 50 35 59 93 21 92 52 73 46 91 73 41 62 64 41 20 86 26 88 91 14 24 23 28 66 48 53 13 12
70 90 81 20 53 62 7 46 92 17 61 63 85 56 26 49 87 99 98 74 67 66 63 3 3 2 76 21 66 38 100 45 51 26 42 83 7 65 77 61 82 65 49 75 88 0 52 57 81 69 75 11 61 3 84 69 27 77 95 75 90 12 16 74 10 20 5 73 53 51 99 37 96 98 83 94 16 16 50 11 35 74 49 18 86 9 58 99
99 89 70 35 63 39 82 9 60 28 66 24 12 33 49 13 68 22 1 16 81 32 82 71 85 76 3 47 28 18 5 11 24 86 51 5 27 78 74 34 60 86 66 76 53 47 74 51 61 65 45 19 2 88 8 17 3 74 76 5 72 48 15 94 77 79 40 42 51 10 68 21 76 28 70 1 52 31 30 98 14 61 81 99 54 94 50 46
78 88 38 85 29 46 68 77 55 12 95 10 25 34 33 5 75 49 47 69 53 29 65 98 64 86 27 94 78 6 73 17 50 3 73 49 38 43 80 4 0 55 72 46 13 42 87 58 73 46 98 21 59 1 22 29 78 20 41 1 32 24 41 4 20 22 19 50 96 59 16 31 72 96 49 67 92 41 43 91 59 12 46 3 90 56 11 67
21 88 32 69 84 67 74 79 94 77 78 67 18 58 59 32 89 77 14 10 78 44 60 52 62 17 31 40 55 82 52 72 11 70 6 38 55 77 51 47 70 77 82 94 83 57 7 40 46 24 26 42 21 40 67 68 49 91 33 1 2 66 2 90 45 97 10 8 80 97 24 16 68 55 24 4 58 6 100 45 14 99 4 94 38 55 80 89
31 78 84 34 71 43 11 57 90 82 64 5 40 98 47 18 39 75 60 78 70 35 5 71 70 5 34 71 87 12 0 83 89 54 20 51 1 32 16 95 66 72 37 51 81 48 45 80 29 49 88 38 75 42 70 5 17 97 92 42 29 47 50 36 76 97 76 87 20 56 25 5 90 77 67 42 58 64 53 12 60 84 77 14 69 46 38 74
81 65 84 61 80 53 51 45 48 87 35 52 1 80 5 66 17 66 74 95 2 43 23 21 68 82 35 27 47 75 56 47 4 48 42 0 11 40 68 67 58 13 34 35 67 53 93 50 73 69 77 65 90 50 10 83 44 49 61 6 97 23 1 47 98 87 52 86 87 42 87 22 54 79 89 67 40 72 92 78 39 19 50 64 21 35 9 69
44 72 20 79 36 80 17 44 14 54 31 22 42 33 98 74 71 91 10 21 76 13 61 81 24 37 78 82 19 8 40 26 40 27 34 22 72 64 73 31 69 9 68 26 76 43 13 39 96 18 13 62 87 19 75 84 66 5 37 93 50 64 86 73 6 74 1 10 6 61 22 93 62 65 97 57 42 56 14 46 92 37 79 41 63 95 91 43
17 41 45 97 34 42 90 39 96 1 0 42 38 36 12 25 76 48 11 2 28 51 38 5 97 82 16 0 39 45 53 65 21 79 50 13 48 76 41 95 39 44 40 99 10 7 42 18 38 59 33 49 55 54 65 99 62 100 93 76 78 4 99 15 1 1 38 30 80 24 20 62 50 36 7 86 97 51 45 86 52 81 77 24 93 4 23 78
51 66 56 22 38 80 14 31 26 16 29 30 92 3 72 95 36 80 95 95 50 97 1 51 62 67 70 36 15 68 18 53 6 40 38 96 80 5 95 53 47 31 86 85 42 69 19 22 38 89 50 16 17 79 16 74 70 10 79 65 61 93 49 32 87 72 85 50 75 82 21 9 96 61 1 1 12 13 52 79 61 67 96 85 89 64 82 13
78 84 57 19 12 80 2 60 48 34 20 14 80 26 74 59 71 20 15 0 92 48 100 45 85 61 24 63 79 89 90 59 53 82 96 53 87 36 31 78 24 80 99 61 76 98 87 97 77 41 77 79 39 9 81 70 35 56 61 64 3 38 35 7 7 21 80 16 29 19 91 71 39 85 23 64 22 30 75 22 13 35 23 34 76 61 86 11
15 48 31 84 58 88 82 10 15 26 90 19 89 90 54 3 94 55 70 43 41 69 27 6 43 53 21 19 44 29 86 49 24 68 76 79 50 47 29 79 72 12 79 1 58 59 40 81 57 22 6 55 85 5 28 89 54 13 61 35 55 44 93 24 50 19 33 72 81 96 90 32 88 12 59 39 88 9 83 17 84 62 12 28 27 52 72 16
51 79 86 92 99 100 54 75 18 71 61 75 95 58 46 13 31 94 28 30 72 70 47 66 5 17 35 88 41 19 40 49 86 58 85 54 99 70 63 3 6 5 74 94 94 23 72 13 60 71 78 13 91 72 29 46 50 36 20 34 9 75 75 27 98 59 71 80 44 26 21 22 65 40 88 75 39 61 97 3 95 27 19 70 85 70 67 15
23 19 52 89 7 58 3 24 89 21 56 72 36 16 79 38 79 44 83 95 16 88 74 25 41 41 7 70 36 9 40 94 80 31 62 65 93 23 52 85 55 83 88 6 75 49 91 26 34 95 11 75 68 55 26 41 90 37 16 15 28 35 57 14 59 17 76 10 28 18 62 21 16 44 22 52 73 28 60 91 71 39 36 35 61 73 76 50
7 45 43 2 49 85 93 54 17 30 79 86 76 63 31 97 94 79 22 10 26 83 53 87 26 95 56 5 51 3 46 77 87 90 77 66 7 45 97 40 57 3 27 26 43 6 91 86 64 51 24 96 53 36 9 91 72 85 6 55 87 59 4 76 51 8 5 60 88 50 20 48 48 85 20 52 82 5 15 18 74 35 84 39 68 97 90 10
78 94 76 48 21 40 10 33 36 58 38 43 75 63 77 10 61 32 99 16 21 53 1 68 11 38 50 16 74 72 14 2 46 97 52 67 90 53 23 32 98 6 29 78 97 50 60 72 19 25 79 77 3 24 43 90 30 14 54 55 19 69 93 33 90 24 20 16 13 86 9 63 52 56 2 75 32 50 45 92 71 68 7 7 82 73 69 31
35 66 45 70 78 23 97 25 97 11 94 17 23 72 6 19 29 69 39 50 17 31 62 42 71 2 67 63 94 37 13 25 14 22 93 84 10 82 96 83 24 53 46 3 87 94 46 72 13 10 1 22 29 44 47 77 65 0 40 5 0 69 14 73 13 25 62 47 10 72 77 84 15 90 34 13 86 34 15 16 21 90 91 73 41 13 80 64
48 29 9 5 54 11 44 71 80 4 97 13 92 8 18 26 99 83 74 15 14 58 24 2 53 76 5 15 34 74 73 9 29 59 90 31 57 72 25 40 87 20 79 70 0 79 48 93 53 76 67 81 8 31 18 90 98 100 40 40 92 29 91 48 84 72 66 6 86 95 94 86 29 14 91 54 21 88 0 35 30 15 9 98 77 7 78 69
56 90 94 66 98 84 5 71 70 3 71 65 83 52 83 85 71 43 66 92 1 65 63 58 49 44 44 27 22 62 35 78 7 74 83 60 59 87 95 16 82 63 44 3 32 74 93 32 58 82 53 45 2 44 68 94 84 49 24 41 5 93 51 95 33 10 96 78 13 67 41 13 59 80 3 54 17 40 47 83 69 80 61 88 91 68 40 43
96 24 52 86 62 84 29 29 50 89 35 6 85 54 15 27 42 55 32 53 5 59 79 79 88 27 47 8 32 5 80 45 22 62 24 90 81 53 88 19 96 44 9 37 91 5 1 33 28 45 57 12 8 1 60 77 71 75 77 6 75 78 41 90 69 99 60 51 26 27 63 95 88 34 85 2 50 19 69 3 80 63 55 54 97 50 86 28
51 20 20 59 74 13 4 6 87 78 68 25 88 56 77 8 21 32 7 54 53 55 31 61 36 47 85 22 2 79 37 41 87 60 58 93 34 21 59 65 69 3 68 34 51 82 46 8 83 68 43 63 100 99 34 10 82 0 6 38 61 6 83 72 58 24 4 38 87 9 90 84 38 79 54 94 95 2 16 14 31 98 11 9 31 7 82 63
35 52 69 73 69 63 84 90 25 86 46 42 39 89 42 36 41 100 75 46 26 21 84 85 33 86 29 16 75 82 93 98 99 69 78 83 69 37 75 91 72 16 98 7 97 97 70 86 66 81 7 57 72 55 85 9 5 90 28 29 93 4 7 28 94 46 96 71 50 57 4 35 50 64 60 51 34 50 67 79 7 45 41 81 9 69 89 57
81 89 98 28 12 24 61 15 77 39 17 53 17 15 15 15 17 32 35 95 50 90 58 31 48 78 89 74 29 8 22 54 31 83 78 80 81 45 49 54 55 23 45 2 55 83 75 99 77 73 48 9 53 65 89 10 46 36 16 97 34 52 60 98 18 66 11 4 41 34 17 100 1 54 74 54 44 4 35 36 75 72 58 79 49 58 2 8
10 83 19 81 60 83 14 87 2 73 50 38 24 45 51 34 71 2 33 80 70 38 88 62 79 79 16 97 39 41 55 66 11 48 82 36 8 42 56 43 80 77 69 37 84 23 51 93 43 89 30 28 65 30 99 81 31 95 86 47 41 81 64 34 9 99 38 31 76 100 31 51 52 39 37 80 78 85 98 86 89 28 54 73 81 34 25 41
77 59 47 41 7 17 86 66 28 64 83 78 42 52 81 7 85 73 29 45 98 46 22 69 11 78 92 37 57 52 77 67 80 75 3 75 1 2 23 92 89 81 15 24 55 60 57 96 54 96 71 96 60 71 96 23 58 24 68 1 55 29 72 63 57 5 9 60 6 60 66 51 60 73 35 81 16 17 48 68 9 91 100 23 24 55 81 21
82 81 28 63 45 83 10 60 78 63 34 67 45 78 73 35 64 49 32 18 98 91 18 3 93 4 42 73 64 100 81 35 51 87 75 64 66 94 57 32 30 71 27 11 36 14 24 79 27 1 88 2 75 45 71 9 47 60 50 64 70 87 15 60 40 31 29 26 9 77 73 56 26 21 59 49 58 4 14 67 10 94 32 49 28 1 40 28
44 62 67 11 100 10 96 13 8 24 63 71 29 15 4 49 92 2 93 25 87 90 30 59 84 62 54 63 14 46 90 97 75 7 20 86 82 87 92 6 17 78 78 11 18 74 64 79 70 74 85 100 10 15 22 72 77 33 28 12 11 59 3 51 39 5 59 72 78 87 45 100 4 95 99 86 59 2 100 53 91 24 66 51 31 30 28 4
66 71 12 91 55 30 17 3 46 74 86 83 44 43 98 21 96 27 12 96 48 84 98 31 86 14 71 83 70 59 31 3 94 70 72 55 4 94 36 86 10 46 36 98 38 93 54 83 28 46 89 84 20 71 20 69 5 95 8 81 72 11 90 77 80 28 0 23 78 82 97 71 2 5 44 1 96 2 84 87 36 62 89 3 79 8 19 94
38 23 91 65 85 68 85 1 22 81 55 49 54 41 57 71 20 23 59 87 50 80 77 32 14 69 33 8 76 22 64 13 47 84 0 38 91 40 3 58 99 97 63 23 20 10 86 99 31 25 62 72 18 63 97 12 45 20 78 37 68 44 1 77 70 21 73 24 12 26 30 91 58 21 4 70 25 49 90 57 65 45 19 22 69 30 53 58
83 18 4 87 56 9 36 68 32 21 97 6 22 53 27 11 43 26 44 66 66 27 43 85 37 39 31 35 39 83 32 65 44 0 78 44 53 53 0 20 80 25 69 39 49 35 78 45 0 55 32 71 71 45 91 96 94 33 54 41 36 12 93 45 54 71 48 85 66 47 13 58 24 35 6 31 33 40 91 31 73 97 43 23 76 23 61 51
61 31 46 98 65 58 84 51 77 1 74 3 23 53 69 64 74 72 63 34 76 1 3 32 78 49 0 18 37 62 4 34 51 100 15 75 45 93 28 72 7 9 28 40 75 72 52 33 98 33 80 40 85 20 54 86 24 62 65 40 39 54 48 63 84 76 83 77 49 40 26 56 7 92 57 27 23 2 94 64 54 98 58 92 74 7 59 31
99 92 38 63 82 88 76 80 78 55 55 16 65 79 70 48 0 16 76 10 88 89 76 5 61 49 46 84 45 90 54 93 70 98 29 17 70 51 16 3 78 48 79 88 36 59 37 78 79 60 9 30 89 58 66 10 22 77 45 92 60 29 15 18 68 44 57 16 80 38 79 27 31 13 9 40 25 78 3 41 30 19 78 51 65 31 56 30
31 11 88 40 72 76 98 25 97 28 63 88 14 25 90 84 94 25 82 66 33 28 19 95 83 95 75 74 97 34 37 45 2 50 19 40 64 91 19 84 1 20 19 43 78 43 80 49 75 15 90 42 22 38 49 71 86 83 10 3 72 3 7 37 35 2 2 46 22 76 11 24 22 97 43 91 14 28 25 64 16 93 75 42 5 66 23 92
68 18 35 2 59 61 68 69 92 49 62 43 62 0 16 73 4 34 52 67 6 95 9 22 31 36 82 4 58 84 41 14 61 52 72 91 89 56 36 93 26 59 13 54 39 37 78 73 89 63 89 15 8 16 60 23 20 6 95 30 81 74 48 78 70 45 74 55 58 96 22 40 17 26 87 28 48 3 51 75 81 46 26 26 7 7 91 24
52 65 0 40 32 10 44 27 4 78 91 11 30 60 63 67 40 98 30 40 75 46 66 27 17 11 95 99 32 92 24 43 22 15 32 66 57 66 24 31 69 64 88 6 72 21 37 57 10 30 77 13 39 77 63 90 76 51 18 27 7 79 14 34 18 13 17 93 44 35 38 13 44 9 12 92 15 83 58 64 8 22 87 32 33 97 43 14
3 29 16 92 79 29 47 62 95 21 67 68 82 27 48 85 1 80 71 6 6 89 42 13 51 64 46 24 71 55 11 10 57 87 22 76 63 57 21 82 28 46 2 86 6 10 32 40 79 66 37 98 4 93 71 40 53 7 91 90 9 18 19 68 14 5 57 3 29 78 81 94 45 84 58 50 12 78 28 85 60 92 54 94 73 24 66 37
11 52 82 35 85 66 28 74 70 81 78 29 44 89 13 40 91 49 89 43 22 64 93 14 64 77 1 82 36 60 8 81 62 59 42 86 35 5 88 75 16 12 68 20 48 0 84 44 76 86 34 44 56 33 69 88 81 4 72 99 3 23 96 57 47 96 67 94 58 1 91 60 61 61 87 24 9 91 11 64 47 79 14 14 98 36 0 12
67 6 55 20 46 99 80 100 34 65 92 100 34 28 95 25 18 99 4 6 3 63 55 89 89 26 1 47 62 74 39 15 41 69 8 27 15 7 4 8 52 3 87 70 2 86 60 40 98 82 67 76 53 63 0 23 100 91 9 82 80 76 64 78 62 26 26 96 47 53 40 99 81 93 24 27 81 53 70 50 1 38 5 67 94 86 84 52
69 73 46 11 41 53 7 13 94 30 64 70 6 79 55 96 79 86 14 25 57 79 72 77 36 71 80 62 75 69 4 5 3 36 15 27 24 73 37 33 36 0 83 64 14 62 28 52 34 7 94 32 0 95 65 77 89 9 23 81 31 63 99 69 58 60 56 88 55 12 90 5 91 47 98 53 100 64 85 35 32 56 94 36 94 66 96 94
99 40 80 12 95 28 47 47 68 73 65 94 32 60 94 17 36 34 83 34 83 4 56 43 12 12 91 39 83 41 12 84 60 91 57 80 17 79 1 28 98 12 8 54 14 87 95 52 75 14 10 68 76 62 58 0 62 27 9 71 89 83 95 40 33 94 1 11 94 24 6 76 20 51 10 54 64 77 76 0 99 62 77 54 48 25 64 75
48 85 7 71 93 94 10 22 17 92 5 57 14 45 79 50 76 15 2 5 35 1 58 4 21 42 85 43 10 92 92 5 65 29 40 68 76 53 62 41 37 50 48 64 80 89 63 51 48 76 94 50 57 5 54 56 89 55 41 46 44 28 91 47 25 96 18 76 15 12 5 84 23 62 17 43 100 88 32 17 43 79 62 84 60 92 10 38
45 75 81 90 0 89 25 91 22 86 80 81 97 0 34 89 31 83 57 17 55 56 37 47 4 77 61 9 24 24 44 72 97 81 40 83 86 45 54 90 54 46 12 79 94 23 22 7 14 24 87 12 48 24 38 27 55 24 39 20 74 51 67 20 23 33 61 10 81 51 12 65 60 41 22 77 77 65 75 82 86 62 58 24 99 19 63 36
30 68 12 71 44 45 16 54 93 92 81 33 20 73 35 21 90 31 65 72 13 19 64 66 92 62 37 71 33 82 100 72 97 66 63 15 90 27 59 33 43 96 57 46 33 27 50 42 6 95 84 68 61 11 49 23 90 97 49 3 24 14 74 93 80 9 36 48 95 21 31 14 42 75 79 40 38 20 34 53 49 74 91 13 96 5 30 72
0 47 70 4 99 86 93 51 67 20 6 20 56 27 33 73 38 31 51 18 70 18 60 34 78 70 39 90 89 85 68 8 5 6 75 60 99 42 53 28 40 56 35 32 18 40 24 13 60 63 32 50 64 42 79 72 91 76 50 48 7 17 18 69 54 20 17 51 58 18 91 46 17 15 87 36 41 49 28 52 58 21 5 11 33 59 35 8
26 8 22 44 63 27 8 35 82 54 68 11 28 93 32 73 15 80 68 83 19 76 76 100 87 99 28 70 62 12 54 97 43 96 36 41 41 59 96 47 81 48 65 93 2 56 66 83 66 45 13 39 52 37 98 71 34 12 73 78 67 35 86 13 4 31 59 63 84 16 65 17 64 75 51 59 65 39 7 69 67 72 63 41 55 59 63 88
82 96 20 70 35 3 66 8 77 96 44 37 86 1 87 17 22 48 1 20 58 65 51 70 47 79 92 50 83 12 35 94 3 78 97 27 40 99 4 75 54 41 92 7 85 40 60 35 86 91 5 71 35 27 23 100 71 80 20 20 51 48 36 32 7 86 42 67 69 51 71 96 53 95 0 13 86 31 100 0 85 46 77 74 62 51 29 11
27 77 69 33 79 43 86 99 80 73 31 21 23 87 5 62 98 48 16 51 9 25 72 26 80 4 76 9 66 26 3 59 62 68 70 27 74 58 77 1 90 7 76 7 86 8 97 80 41 23 89 19 46 26 48 3 49 79 48 3 97 94 43 47 60 24 86 8 90 49 99 31 39 26 61 20 13 60 93 57 67 19 59 89 95 39 9 91
55 79 91 37 21 78 38 36 79 20 41 54 78 32 69 74 73 4 34 46 39 66 38 17 77 80 8 3 70 61 58 99 48 36 42 58 28 15 91 52 39 35 48 36 41 0 63 56 27 35 49 62 68 16 84 47 45 5 64 23 67 61 6 79 81 13 10 32 7 38 58 13 11 97 16 18 12 76 84 87 27 64 71 86 48 94 55 40
30 23 28 56 46 30 76 85 91 33 23 29 61 73 65 6 0 79 61 12 42 98 29 15 54 36 8 77 40 48 80 16 71 78 60 53 70 73 38 85 94 81 27 55 1 20 65 79 23 27 18 17 99 98 81 1 75 12 85 63 72 34 49 90 58 56 95 29 70 72 13 55 78 55 38 56 52 57 21 53 10 100 98 50 67 49 68 13
46 39 2 27 93 74 2 63 17 32 28 42 84 27 65 53 48 9 74 4 45 49 32 88 11 10 70 98 34 23 39 53 47 54 7 44 33 30 19 24 84 26 19 46 3 26 99 63 81 24 49 85 18 82 58 17 75 76 40 80 57 83 96 0 57 26 35 50 83 16 80 56 2 53 28 45 38 49 23 0 80 49 76 95 0 47 78 88
66 84 37 100 30 17 5 67 91 96 8 65 45 64 67 29 62 33 64 18 84 28 9 14 81 84 52 37 21 21 61 65 79 72 29 2 70 41 44 45 29 13 31 75 100 39 2 73 96 67 6 72 63 25 17 69 95 94 77 97 7 26 51 81 46 87 60 33 41 52 84 93 48 66 56 91 30 14 77 48 49 65 48 82 47 32 34 26
84 58 20 98 29 54 43 31 48 87 34 76 15 77 36 57 54 52 88 83 20 16 55 36 54 79 18 46 13 27 62 76 32 66 56 64 33 12 15 58 79 48 62 43 68 36 61 98 12 70 45 92 39 78 71 25 0 6 76 25 98 56 10 68 49 33 43 23 22 19 1 15 57 83 71 9 17 80 80 18 30 32 33 71 86 97 31 81
96 53 72 63 14 44 87 40 91 99 24 91 73 4 98 75 44 99 13 48 51 46 3 12 82 79 1 2 61 100 59 80 8 25 14 43 73 13 46 57 91 19 85 37 88 36 22 25 47 47 10 64 91 96 85 48 92 85 35 72 90 55 88 12 56 81 60 35 91 91 73 81 34 50 31 18 93 91 94 47 21 74 26 25 95 8 24 74
40 68 70 54 21 12 19 90 65 39 4 69 26 76 30 77 53 81 79 80 56 79 55 73 84 93 71 54 49 2 88 68 83 17 72 48 96 71 50 100 0 2 46 86 93 49 24 54 60 61 26 49 0 53 60 25 37 59 37 74 19 67 98 21 95 45 84 71 66 26 40 37 90 22 20 39 45 71 48 89 33 29 84 72 29 82 43 82
3 59 77 18 18 16 58 1 27 14 36 2 23 99 80 24 82 4 39 94 10 35 78 70 40 1 20 35 25 66 98 9 5 99 93 96 44 22 64 79 32 8 82 94 44 64 67 79 73 91 38 95 90 52 19 78 50 93 91 35 11 100 23 46 58 82 22 7 45 89 62 71 64 60 93 77 63 38 13 19 81 20 64 2 14 77 91 46
98 51 48 98 19 90 55 63 60 100 83 51 75 5 91 55 68 30 35 78 76 76 23 67 57 84 55 54 68 61 69 17 81 31 84 1 27 2 99 19 31 85 6 64 12 1 97 15 36 99 86 71 86 12 26 39 16 79 73 100 91 74 66 73 21 79 13 10 33 35 17 9 54 38 20 92 16 41 97 35 16 6 59 10 67 36 65 48
16 57 62 65 36 86 87 6 44 24 55 27 17 54 23 34 39 70 3 80 14 21 67 33 88 40 29 61 71 76 20 68 5 12 61 4 48 10 57 66 99 53 23 85 49 8 89 40 10 77 100 13 57 28 24 12 71 79 6 18 31 79 41 62 93 62 82 9 12 8 84 89 35 31 76 98 33 55 90 10 54 31 81 30 48 12 7 13
74 6 2 42 13 40 1 4 45 6 74 39 65 57 48 11 65 81 35 38 8 34 80 15 32 55 82 67 14 74 33 3 92 0 70 6 63 48 81 56 30 92 5 73 44 42 98 61 54 35 84 57 84 9 76 22 46 4 26 1 67 4 70 40 4 77 9 38 68 75 88 0 7 49 81 84 59 61 53 69 12 62 0 74 89 54 37 57
55 67 33 82 10 39 41 77 35 73 86 46 79 14 72 23 84 79 54 30 39 25 54 21 23 10 86 45 32 31 51 1 85 87 36 74 100 98 43 8 75 5 44 5 41 69 14 3 1 11 95 25 59 39 94 33 54 26 92 72 91 10 65 23 76 26 61 25 48 55 20 68 21 81 82 56 46 14 68 77 25 54 5 76 11 20 46 74
14 18 14 8 10 84 80 4 76 61 32 19 55 1 47 64 0 7 28 52 87 100 11 84 44 56 1 75 83 67 95 39 47 8 45 19 88 75 95 20 60 100 72 24 58 89 51 48 44 65 54 44 29 29 87 57 34 14 0 32 71 69 92 52 6 43 8 18 85 7 20 34 46 95 72 82 16 45 28 100 10 12 97 80 37 91 56 29
85 99 46 3 12 63 1 2 9 99 91 41 57 14 13 60 96 35 5 81 48 4 57 25 14 78 64 47 97 99 67 60 53 66 47 64 33 18 94 57 33 3 54 55 34 81 30 45 71 20 24 96 51 81 87 9 19 81 82 42 80 98 100 21 82 47 82 25 75 17 72 1 75 47 57 72 6 9 82 78 6 39 61 57 57 82 4 1
2 93 54 60 18 39 96 73 70 13 39 87 73 96 55 1 38 36 53 43 34 60 20 5 59 78 100 88 28 78 39 35 26 85 3 11 28 93 45 8 90 49 91 63 57 9 15 24 82 1 78 38 75 21 67 98 17 99 28 78 5 64 36 4 44 50 52 40 99 22 73 67 88 12 84 68 52 28 26 16 48 48 5 25 81 31 63 14
78 19 87 32 95 93 21 16 14 52 29 91 88 6 8 24 75 64 51 94 66 75 54 85 24 1 75 100 47 56 17 70 7 9 86 85 83 100 50 97 37 49 90 17 94 80 10 82 49 17 71 100 28 5 16 70 50 95 30 90 90 50 0 21 32 85 27 100 71 87 3 86 95 42 87 53 55 60 51 77 75 23 6 45 22 15 38 28
70 16 43 34 54 80 18 85 11 58 17 77 78 77 72 71 8 51 0 10 37 78 57 95 0 25 19 77 83 60 59 48 79 4 8 10 4 16 31 72 7 30 7 86 72 34 86 17 54 69 53 96 4 70 86 20 19 12 53 76 32 15 49 32 19 82 70 94 21 27 34 16 68 15 54 61 98 41 11 67 66 84 50 85 52 5 20 92
45 46 92 9 14 95 91 2 5 5 98 60 76 3 34 88 42 30 7 0 79 36 7 21 82 31 80 61 83 43 75 2 58 0 89 67 26 0 48 52 14 51 98 6 95 30 91 76 49 61 8 70 31 48 37 64 35 46 8 78 86 56 3 90 62 9 22 70 80 74 20 16 19 7 72 34 49 3 31 90 40 68 50 2 1 26 28 10
34 69 28 72 75 3 58 92 92 2 4 51 12 46 37 25 63 77 9 12 40 56 35 86 8 90 4 46 17 67 54 0 63 4 62 7 55 98 89 55 51 4 47 92 1 34 63 37 31 57 28 8 43 83 61 74 100 74 81 21 24 40 52 65 75 39 48 27 24 76 17 72 28 37 90 7 51 64 55 17 80 23 75 7 65 12 21 0
95 18 35 91 0 63 89 15 29 66 27 42 5 15 20 69 38 25 3 0 78 61 38 3 4 13 14 84 73 29 53 50 65 32 14 100 26 69 97 94 29 84 47 6 30 41 80 44 48 32 28 16 40 50 44 2 31 11 85 70 64 2 75 56 68 41 45 36 48 67 17 63 89 77 62 51 100 12 26 24 95 50 50 10 0 80 28 86
42 30 52 92 36 99 33 29 83 68 99 14 50 7 44 33 80 21 81 2 65 4 40 44 36 7 4 35 77 12 23 5 3 73 25 32 33 13 93 7 91 64 38 89 25 62 88 8 13 44 72 46 59 81 81 44 29 68 31 57 11 22 60 41 19 97 87 55 97 28 66 37 50 97 46 96 99 10 95 80 21 71 81 57 92 55 40 19
26 34 54 79 11 43 82 6 93 71 90 49 8 28 66 51 61 8 1 78 72 46 43 83 54 53 15 94 36 58 90 26 95 86 23 79 86 64 23 79 38 17 1 93 94 68 2 100 62 76 33 64 75 0 91 44 94 12 16 24 13 46 99 90 50 81 90 98 79 32 8 44 15 60 2 61 14 67 3 69 14 76 66 8 48 14 6 90
71 95 35 20 5 83 99 41 41 13 24 5 90 89 40 75 100 23 72 76 35 34 7 72 76 12 6 68 82 2 27 58 94 43 63 34 81 28 30 76 75 3 1 2 39 32 82 69 45 67 15 7 96 22 46 61 12 46 60 21 13 71 66 66 63 37 34 80 25 46 52 51 29 36 15 56 94 15 14 100 23 39 65 59 95 46 36 46
61 93 95 12 14 58 30 44 68 89 50 35 1 10 80 11 88 72 38 53 54 84 95 65 57 41 39 4 48 53 92 20 81 89 19 33 99 5 25 48 40 87 63 89 39 52 82 79 55 42 61 68 73 26 14 2 65 98 100 90 20 88 10 0 19 56 54 45 34 38 54 53 91 38 62 21 83 62 73 81 46 85 48 60 32 66 50 62
11 89 66 88 14 86 80 78 44 98 10 49 52 60 4 26 71 10 81 34 61 72 8 72 71 5 83 30 19 43 77 82 4 44 90 11 45 66 47 68 40 79 58 57 8 57 33 10 32 19 85 62 95 62 96 53 51 17 39 87 20 1 4 6 100 23 63 29 36 97 4 22 69 45 57 43 97 88 45 89 91 51 30 97 83 9 91 46
74 91 72 67 42 6 80 93 33 10 6 47 59 78 24 85 3 11 39 63 100 60 19 41 58 56 39 75 2 32 44 0 79 30 60 49 53 44 66 16 57 93 73 12 97 12 12 73 33 55 20 9 12 85 100 96 48 90 97 29 43 49 89 97 21 60 62 20 34 6 88 6 7 67 63 5 54 54 5 92 74 33 79 64 73 48 59 46
47 8 68 93 58 99 50 76 66 30 7 42 66 22 2 97 25 8 84 39 62 71 37 87 0 13 82 77 4 6 47 58 72 70 55 32 74 87 73 50 18 5 36 33 96 25 2 38 32 7 96 45 96 74 10 49 62 44 54 80 28 19 33 95 67 99 100 83 69 3 7 92 13 85 22 96 71 87 5 77 6 95 2 58 48 43 36 50
59 88 84 64 9 67 23 6 98 72 30 9 39 29 59 89 55 0 89 93 67 32 85 57 74 42 67 82 37 91 70 75 66 64 41 40 4 23 56 60 64 39 72 17 81 28 26 21 30 55 24 72 55 53 70 87 38 50 62 19 39 31 33 95 21 97 57 67 42 60 39 15 49 8 22 79 35 72 90 9 34 9 2 92 1 46 66 84
49 16 15 48 85 2 99 81 56 77 15 60 75 11 45 54 42 55 41 86 95 0 70 36 55 19 24 82 39 42 8 31 35 69 36 30 92 88 82 1 95 19 10 34 13 44 1 82 24 9 45 63 84 3 49 97 64 10 71 52 30 47 27 25 16 76 60 74 13 44 37 85 38 54 10 46 80 14 7 50 9 24 26 58 96 39 19 61
4 45 24 76 40 39 82 84 39 61 6 15 99 14 73 56 2 39 15 16 55 32 56 39 17 93 2 37 23 39 14 78 49 95 61 45 82 41 47 68 93 32 79 25 63 3 59 86 90 8 15 24 26 94 44 57 89 97 6 51 28 2 38 83 33 41 70 59 85 5 0 38 22 28 69 53 58 85 49 14 73 23 1 48 3 58 37 62
29 28 21 74 41 16 68 84 67 36 38 12 100 15 24 27 57 25 2 85 0 40 69 25 91 59 80 12 61 60 93 100 51 82 12 55 53 19 9 16 54 22 71 3 60 78 65 94 88 21 90 51 28 18 64 35 4 40 82 21 3 23 42 86 99 46 25 85 54 40 9 54 64 85 42 18 7 12 54 77 29 0 73 41 97 38 78 25
33 98 14 32 97 6 69 76 58 51 5 71 28 65 64 12 4 49 67 67 34 96 64 38 32 55 1 7 35 52 31 31 28 77 70 45 100 60 60 80 67 9 29 80 42 31 40 24 44 77 5 85 19 33 67 84 48 86 88 36 41 64 56 51 34 75 18 77 24 13 15 63 69 4 0 100 48 79 1 8 83 34 98 57 44 35 58 37
10 63 56 94 63 60 46 80 9 21 63 23 99 53 3 80 60 37 86 68 79 33 27 88 98 51 12 9 7 82 61 69 11 88 23 40 47 14 68 52 42 48 86 18 78 4 65 89 24 90 13 17 96 3 96 79 94 62 1 33 55 7 7 39 98 22 29 62 50 76 52 52 92 68 44 84 71 49 88 94 56 90 2 83 64 5 75 63
31 40 50 1 58 37 49 55 93 35 77 67 9 31 61 24 20 91 95 33 4 75 97 33 28 83 84 8 9 11 100 100 9 94 62 89 11 22 5 52 45 83 38 62 73 17 19 84 4 95 86 93 100 26 92 5 48 7 100 59 18 59 96 60 28 81 23 72 10 3 32 42 53 50 77 78 68 98 42 57 63 87 37 52 27 74 87 20
36 18 68 17 16 40 70 52 8 77 77 5 18 61 60 67 36 38 87 53 61 37 44 35 19 26 74 93 5 96 99 72 55 53 94 1 5 66 3 52 15 2 14 39 95 91 89 44 79 77 23 68 84 5 21 14 2 89 13 66 45 77 44 23 100 23 48 29 23 49 96 61 32 99 94 58 74 38 66 94 58 65 3 89 88 91 54 83
49 79 53 45 3 96 72 69 40 93 98 52 52 14 60 84 12 71 8 88 91 17 10 16 9 62 81 4 7 20 90 29 4 85 99 25 61 73 13 50 17 64 86 0 12 34 31 63 75 90 55 29 67 33 67 91 97 35 7 52 68 14 4 17 50 47 1 49 25 66 87 8 29 27 38 53 50 79 66 61 29 52 14 39 27 45 70 83
1 36 78 4 55 99 21 80 14 9 88 16 50 31 91 1 6 42 98 82 79 16 5 80 96 66 79 2 6 18 48 27 83 66 2 60 97 89 49 25 29 10 61 82 66 81 7 55 97 40 27 85 79 67 18 9 8 100 42 1 63 83 66 27 62 33 84 12 99 24 94 17 89 15 49 52 56 28 88 8 93 88 78 75 7 10 98 8
45 38 88 42 50 48 86 60 11 99 72 65 60 22 96 9 84 71 33 51 7 22 13 22 7 68 80 94 82 49 69 4 14 56 21 66 96 12 35 2 45 72 69 95 2 5 74 72 86 25 99 61 8 1 60 41 84 21 8 22 80 52 41 67 3 51 96 98 44 59 51 82 6 98 87 1 81 27 37 17 21 53 97 82 58 37 17 30
52 84 18 82 58 31 73 36 4 27 34 2 91 87 50 49 28 32 20 94 1 76 37 51 11 41 26 100 50 2 13 62 69 24 34 80 30 0 51 20 78 85 76 27 76 63 6 60 27 37 47 33 19 70 61 49 30 93 25 68 87 37 23 44 25 86 61 29 70 48 76 55 93 50 63 23 25 35 60 95 75 12 49 6 35 6 70 92
57 36 58 16 87 47 21 69 32 10 5 77 6 81 21 66 83 47 43 51 37 22 17 70 14 71 48 98 2 85 51 20 68 22 100 48 67 7 6 85 7 71 41 43 57 50 29 32 16 89 36 58 32 90 27 24 12 8 23 100 14 47 55 54 54 74 3 83 87 64 25 34 46 55 7 10 21 66 32 78 68 89 39 78 20 84 72 12
4 36 86 22 33 28 55 18 47 31 23 11 37 67 7 37 96 51 51 44 88 76 30 31 29 91 67 6 65 55 9 83 64 86 80 45 63 85 69 47 12 2 9 23 89 83 83 9 16 85 69 95 4 59 33 88 61 31 70 55 91 17 22 63 38 24 50 32 17 33 50 92 51 83 88 54 16 16 76 93 80 14 93 99 95 43 90 59
79 39 17 94 88 85 62 55 65 97 37 14 6 0 42 32 33 16 82 27 70 7 12 10 82 2 21 73 94 55 51 7 85 10 46 34 12 71 32 52 9 37 46 29 71 52 26 57 90 5 35 27 58 61 54 20 18 51 98 58 15 92 97 45 100 63 40 8 94 7 42 34 76 33 91 7 35 57 30 100 37 22 11 25 29 15 57 7
53 93 41 79 89 84 34 42 6 35 47 72 38 90 98 25 38 2 92 1 84 69 22 55 31 7 73 23 12 31 13 82 93 12 61 33 96 91 2 72 33 13 6 11 81 4 20 31 39 0 27 84 78 38 21 50 83 18 63 78 70 76 13 57 41 1 52 74 30 56 92 31 11 58 42 15 35 44 34 77 36 45 77 86 39 46 29 97
41 49 83 83 100 81 36 71 12 5 81 36 69 9 25 65 16 23 38 22 93 55 25 50 43 30 52 100 32 7 5 21 13 85 98 95 16 38 30 2 43 15 95 71 68 15 53 38 54 66 1 77 33 54 31 61 4 99 22 67 32 2 43 24 87 77 99 99 89 88 100 16 20 10 0 67 71 47 33 89 36 26 80 69 79 98 31 99
27 24 81 96 84 16 10 50 67 19 89 63 20 17 12 43 87 56 97 42 0 69 9 71 1 24 75 44 17 20 89 59 21 1 64 70 97 73 33 82 61 35 68 8 7 8 16 15 89 88 52 92 90 84 78 7 12 76 73 57 61 29 74 82 17 53 49 57 52 88 74 12 10 10 18 47 86 71 52 14 68 73 17 76 55 63 56 91
31 66 86 11 21 92 28 96 60 4 87 31 14 19 95 18 61 48 29 72 33 15 10 90 65 28 42 53 92 30 25 38 17 80 13 49 76 94 82 65 100 76 71 85 82 62 82 9 55 20 46 57 45 17 33 28 7 62 1 62 12 95 83 19 67 77 53 60 31 27 22 8 27 65 83 55 13 91 88 38 71 99 94 91 42 68 34 66
19 58 92 47 66 11 76 72 84 99 31 72 81 78 20 19 38 68 12 83 91 10 48 68 67 6 59 52 26 33 58 53 14 52 62 47 47 75 59 62 27 60 65 57 37 7 95 98 92 36 93 20 36 18 36 8 16 73 9 51 12 89 14 48 10 9 53 56 83 53 34 73 35 79 76 49 10 29 47 83 29 8 98 9 20 98 34 21
46 89 81 76 21 23 89 9 42 33 17 12 6 35 37 71 30 42 11 74 8 91 85 7 2 16 24 23 78 68 41 25 51 93 17 99 73 79 31 13 15 66 41 10 68 78 50 74 54 18 5 86 93 30 7 80 79 89 40 92 39 44 1 77 25 68 95 70 18 49 18 94 0 1 49 76 100 54 70 78 5 59 58 36 81 81 15 82
33 95 77 39 59 64 49 26 86 82 57 21 12 64 54 25 54 25 58 100 47 22 45 12 79 75 80 50 51 84 69 23 53 38 65 69 82 58 87 35 76 68 30 70 72 8 87 97 24 63 62 43 15 18 80 28 99 75 99 45 8 84 28 41 73 48 36 20 1 18 25 9 0 78 31 61 13 72 35 68 26 74 21 70 6 0 76 79
28 46 88 16 64 41 90 93 33 6 1 4 24 71 67 50 34 37 97 41 40 42 17 54 63 80 25 37 100 93 88 16 40 78 25 11 80 71 0 8 86 83 11 29 91 32 54 13 41 82 55 74 92 40 30 12 37 65 48 59 5 38 46 45 77 3 0 25 90 71 36 42 30 75 95 100 46 73 52 53 62 98 5 5 84 43 41 57
54 16 78 20 98 24 50 98 28 98 49 23 20 29 0 29 54 6 82 98 43 62 84 56 13 44 92 42 85 35 65 1 71 1 79 6 6 23 60 92 36 49 15 38 41 11 37 89 17 90 81 59 42 97 74 79 33 74 30 79 90 68 53 58 84 39 33 62 85 92 8 89 2 90 52 2 90 61 40 93 92 14 41 82 16 90 52 97
43 86 7 15 52 52 13 36 8 15 71 94 74 82 61 72 100 69 42 52 87 83 80 15 30 60 97 19 61 53 84 43 3 45 73 42 89 91 38 72 62 9 35 35 99 66 76 93 43 84 37 80 93 59 73 50 51 3 62 76 18 90 69 99 67 85 71 28 50 51 42 58 90 53 93 60 29 42 3 61 38 67 89 90 39 48 22 18
14 34 43 54 10 91 25 24 30 50 4 49 71 51 90 64 66 89 33 84 52 75 91 6 82 35 46 79 80 44 30 13 3 82 78 48 61 10 7 25 34 43 32 78 12 97 88 82 1 57 0 70 54 75 21 68 39 42 58 48 36 76 49 13 80 58 30 22 85 70 48 88 71 63 17 7 41 9 6 37 55 57 94 83 26 18 70 88
