183 147
94 69 95 45 39 87 99 56 20 6 60 32 79 37 42 10 93 93 78 93 4 50 46 87 2 33 0 9 56 36 98 30 86 56 21 5 78 68 64 55 75 99 23 72 0 73 75 68 16 35 33 13 21 47 66 80 78 37 84 49 42 16 52 36 51 23 74 5 4 52 22 64 74 11 79 73 69 53 37 17 95 77 4 34 35 11 30 93 37 44 58 68 41 88 36 71 74 40 76 26 70 81 93 32 80 92 44 28 98 97 85 26 44 60 26 94 76 26 79 46 52 37 58 84 11 31 81 15 85 61 66 69 13 42 88 39 63 71 27 90 13 97 21 28 81 47 55 58 53 95 41 31 69 22 15 100 4 87 64 85 82 30 12 12 82 62 95 59 7 7 87 47 57 63 84 89 56 54 27 87 27 79 40
7 35 32 99 77 74 22 30 0 69 53 82 88 82 16 15 22 24 50 18 28 78 84 30 10 26 7 66 73 79 19 54 70 31 92 21 78 28 8 66 42 84 39 18 93 64 58 71 98 0 87 85 17 43 30 57 98 80 28 64 14 56 86 74 44 15 69 78 0 81 82 34 27 84 39 51 34 38 55 58 55 93 46 46 66 36 75 35 42 43 96 26 17 3 36 89 32 83 10 18 12 66 65 75 38 34 28 35 9 57 73 22 25 58 53 90 50 44 10 53 34 22 20 69 37 67 14 1 39 58 60 62 68 64 26 24 20 44 13 1 82 42 37 49 79 14 13 18 50 30 26 72 81 70 28 42 23 5 25 93 40 31 79 78 40 16 29 31 0 17 84 60 88 9 75 35 83 8 69 78 88 91 65
77 73 68 80 28 52 32 50 13 49 89 15 84 73 63 7 13 69 2 97 71 53 15 89 48 44 81 54 66 47 92 78 53 63 68 95 51 46 59 52 92 66 68 49 30 28 47 46 72 0 74 26 53 38 51 11 51 84 49 6 11 93 20 39 19 82 9 77 20 44 97 25 82 57 5 81 39 70 38 34 61 23 69 61 28 9 56 21 82 53 73 73 88 94 38 20 89 98 15 56 90 47 40 44 96 29 63 12 12 50 31 100 99 10 6 13 100 54 92 60 69 55 73 86 64 41 43 7 42 36 53 3 80 4 74 90 53 24 4 43 77 76 68 85 2 89 63 20 14 56 57 96 14 74 85 22 29 25 96 7 74 68 82 52 67 9 8 81 32 18 11 77 92 57 99 67 86 91 6 42 90 97 23
90 2 11 57 4 58 54 35 27 41 45 16 22 86 75 93 56 16 15 86 65 59 71 21 65 67 97 74 45 24 43 31 85 52 82 70 84 75 35 0 32 90 0 15 33 80 1 71 50 18 92 74 0 97 26 99 43 85 46 11 32 80 98 12 28 88 46 47 14 94 46 57 16 3 2 87 13 3 75 85 88 11 76 98 8 48 24 40 8 65 90 94 99 60 52 91 49 9 68 28 100 61 57 90 13 22 52 100 89 44 54 70 83 41 42 93 1 58 50 68 69 55 69 67 39 51 72 85 96 38 55 54 15 34 59 15 64 85 72 67 94 100 76 74 42 98 53 46 5 15 6 29 81 10 20 86 56 30 39 49 9 94 39 18 53 18 88 31 49 67 45 95 54 48 4 97 12 3 79 69 53 38 9
65 96 19 56 59 18 36 90 59 37 4 25 11 49 3 72 27 10 8 52 58 18 92 42 20 42 64 33 29 73 31 84 19 24 49 48 20 96 16 91 41 45 7 4 54 69 23 88 16 17 94 49 78 13 54 79 59 61 54 4 16 73 23 40 31 67 41 72 43 37 81 32 93 48 31 33 18 40 79 75 76 2 79 10 80 3 17 6 59 69 7 66 88 68 41 25 78 18 75 89 61 21 87 45 86 91 21 20 31 86 27 89 91 95 74 19 73 63 64 15 81 13 8 40 20 5 69 98 61 100 48 78 51 59 88 32 84 32 72 7 27 27 39 57 87 81 92 0 68 59 11 42 72 56 47 69 76 50 71 4 38 18 60 63 14 96 43 78 25 75 78 87 26 81 54 74 9 40 2 18 23 74 76
36 67 22 23 100 60 55 56 43 53 14 41 32 38 90 44 8 46 42 58 49 35 42 37 18 52 39 36 89 29 2 90 60 75 55 62 27 43 96 56 13 65 0 38 48 83 70 79 69 29 85 0 29 85 37 10 81 21 51 17 69 97 70 5 1 100 55 2 53 77 16 66 99 61 37 87 17 81 10 33 24 75 51 12 24 55 16 97 67 38 34 97 18 27 24 53 98 9 90 91 55 43 41 33 1 97 72 39 3 39 19 1 66 56 21 33 64 9 0 96 83 37 74 83 74 82 56 94 18 28 80 18 17 98 8 83 68 56 9 42 92 97 1 14 24 65 96 45 78 53 83 13 78 99 31 87 54 74 27 53 1 66 48 60 85 46 12 7 91 84 38 52 13 77 20 48 54 50 95 44 46 5 24
71 27 62 18 51 50 54 79 92 80 84 52 21 26 18 77 74 58 100 12 70 0 19 40 44 35 16 90 1 52 48 89 13 17 78 43 48 93 31 83 57 44 10 48 73 91 53 74 71 7 11 27 41 81 0 43 88 24 56 39 31 72 8 21 13 2 88 74 22 43 100 39 77 99 30 93 12 6 47 41 90 25 81 12 85 43 17 0 4 9 6 36 78 68 53 92 71 61 34 47 25 43 90 11 34 42 40 74 85 49 98 8 85 61 33 60 33 95 92 48 42 17 27 57 52 17 94 28 21 57 13 62 5 98 30 25 78 6 80 93 21 21 11 27 74 8 0 12 51 61 21 17 71 94 77 99 31 59 7 67 90 12 87 57 83 6 83 52 9 11 46 70 26 0 2 95 18 68 85 45 97 17 33
22 58 95 35 83 70 97 84 43 41 44 7 21 73 92 22 30 78 31 93 13 93 67 15 95 35 18 81 3 95 49 85 24 31 2 95 36 87 40 43 16 72 78 16 42 96 41 22 19 49 29 0 62 16 71 74 59 88 66 99 6 5 10 70 46 88 50 74 91 88 42 92 61 11 48 5 1 30 20 25 8 8 20 1 12 69 54 51 44 39 62 15 97 58 37 41 49 62 88 13 46 52 53 96 32 28 37 99 26 49 13 64 67 85 9 85 73 58 14 51 87 28 8 90 17 59 57 67 56 22 4 61 67 5 33 39 38 50 67 96 37 26 54 70 96 31 25 86 20 75 90 19 4 29 38 85 43 13 56 68 34 51 4 55 38 55 89 84 99 4 66 66 3 44 41 100 51 71 21 60 47 45 61
20 79 50 88 55 31 7 96 4 26 20 82 73 22 91 40 40 75 54 78 34 94 8 66 55 36 93 14 81 79 51 71 20 96 14 96 50 5 31 96 80 11 9 88 46 91 5 68 37 24 11 39 32 100 15 30 70 56 71 69 86 56 52 51 7 37 75 7 4 17 63 20 9 44 31 75 33 100 100 69 8 70 93 34 36 83 51 67 15 79 39 41 27 14 22 52 91 85 44 26 99 99 97 5 94 39 19 27 92 34 79 1 21 42 6 37 58 29 77 20 8 78 79 55 62 53 52 23 21 66 82 1 39 71 27 64 9 79 27 4 80 82 5 71 85 61 90 82 49 56 50 3 89 11 93 59 11 83 48 71 52 82 90 79 45 47 40 83 90 56 86 7 50 49 5 44 24 100 58 23 7 20 43
95 61 7 32 9 93 79 69 4 78 1 59 29 48 3 85 46 30 8 84 28 82 73 48 57 48 31 84 70 72 58 60 82 29 37 15 78 35 98 64 71 49 4 66 42 75 14 77 9 98 9 98 18 97 35 39 10 23 1 30 97 45 47 39 29 95 93 71 79 41 37 12 21 15 30 33 2 94 34 60 68 19 77 8 28 16 73 88 0 98 37 25 52 67 98 52 67 58 16 64 20 90 25 6 36 64 100 21 61 38 5 32 32 81 25 10 45 93 0 29 67 50 7 40 60 48 89 64 79 69 76 79 76 51 51 81 57 56 19 32 58 27 38 21 12 36 61 77 9 53 20 56 1 38 72 34 60 25 32 13 86 14 38 43 60 75 87 14 38 27 33 74 79 27 63 55 31 30 42 8 35 78 8
89 91 81 42 11 93 90 81 34 72 36 17 28 28 57 52 52 66 27 67 83 2 49 43 64 35 64 24 50 28 86 51 91 1 9 37 15 75 51 91 34 55 81 5 30 96 41 70 36 42 93 59 19 87 0 6 90 6 14 36 60 93 90 86 14 27 97 26 5 41 54 65 58 25 9 1 56 51 76 76 98 7 0 97 19 44 50 27 15 48 32 78 3 42 12 95 10 89 51 70 25 15 82 18 41 82 25 37 23 87 35 47 50 9 58 2 37 77 93 33 8 27 40 62 22 12 66 53 10 69 4 90 53 2 49 43 28 1 11 90 49 45 86 25 51 33 51 73 23 51 36 42 59 68 6 70 47 64 45 65 75 94 35 94 15 6 97 78 52 78 77 18 24 20 1 91 25 47 9 73 89 77 59
100 41 39 26 8 14 44 26 50 57 43 19 71 89 4 98 62 68 17 47 42 17 15 50 32 49 48 35 87 79 16 72 30 100 4 18 38 74 85 72 85 74 0 25 34 86 12 25 67 63 14 15 68 72 5 83 100 28 10 99 31 40 8 40 70 18 49 19 73 71 70 10 42 75 52 90 86 99 60 55 45 15 33 12 23 48 99 20 18 26 40 67 58 45 17 1 30 57 2 5 13 68 50 40 22 79 59 42 3 63 61 85 7 61 93 33 73 61 75 36 64 68 50 75 8 26 88 84 32 97 10 84 57 61 19 85 63 33 89 39 92 2 48 94 84 52 80 29 89 44 20 48 88 16 74 37 31 94 22 68 54 60 32 3 80 24 83 67 61 70 7 45 71 7 29 82 31 1 9 44 24 90 75
8 95 94 25 78 50 34 0 53 61 97 100 100 63 5 10 8 44 14 8 69 45 92 52 97 48 60 36 25 19 70 25 89 21 72 82 70 32 99 61 53 0 50 16 62 49 6 95 63 25 72 93 73 41 1 17 75 58 78 28 32 57 1 28 2 67 0 21 78 69 9 78 44 11 88 33 32 92 5 9 47 48 46 77 29 81 43 4 41 63 1 11 49 73 56 32 77 34 42 34 24 32 54 23 42 32 21 3 94 18 86 96 57 57 83 54 76 21 57 78 67 65 23 30 79 38 14 31 54 42 39 26 18 15 6 50 90 42 20 76 43 99 27 82 85 65 73 58 60 71 8 18 39 93 68 35 65 71 44 73 82 94 18 87 47 85 56 24 83 7 6 11 85 58 49 33 30 8 16 91 97 52 65
32 43 23 99 62 31 100 34 16 91 56 72 72 43 17 36 64 41 30 61 75 20 27 61 80 52 10 30 59 75 41 47 96 52 45 43 62 27 77 53 25 97 98 20 46 51 88 50 52 3 99 58 84 98 3 4 74 6 32 98 37 50 51 51 2 69 2 16 76 31 93 1 46 6 1 32 29 2 83 39 41 39 35 24 16 83 73 85 36 35 92 73 98 82 56 63 60 19 31 22 21 48 84 86 13 40 2 38 30 30 46 97 66 70 91 22 69 29 78 70 72 0 37 42 76 70 44 47 96 99 76 76 72 70 6 60 13 28 53 50 71 59 73 36 38 7 20 14 24 24 85 99 56 72 66 36 54 72 81 12 6 41 76 75 68 79 8 58 24 98 8 81 91 57 13 92 54 14 74 80 75 82 73
82 13 23 1 64 50 50 95 47 54 55 32 14 58 31 71 35 86 24 12 7 29 1 58 22 77 19 61 60 86 87 97 35 24 79 94 49 60 88 12 79 100 76 27 69 40 81 86 34 31 25 49 79 57 22 5 81 57 32 95 5 100 39 7 30 87 67 43 35 74 28 62 23 10 67 35 98 28 2 69 9 60 83 47 91 56 13 57 84 81 88 49 75 23 13 34 21 82 2 62 1 64 96 14 36 60 7 3 7 4 5 37 52 8 64 99 34 40 30 72 85 68 14 64 84 96 13 8 7 30 26 38 92 7 66 70 74 56 56 69 31 49 15 30 92 52 34 100 19 61 65 96 40 45 80 70 99 53 20 95 93 58 47 33 83 16 55 70 92 38 98 54 53 69 80 26 56 0 22 1 96 28 4
88 28 69 12 42 75 28 33 66 44 28 82 65 31 46 2 42 37 32 62 44 87 72 83 84 15 85 39 47 53 73 47 10 55 41 55 32 32 28 93 58 23 21 43 51 75 7 44 8 79 45 6 2 82 66 13 19 56 88 17 74 37 43 42 10 14 48 93 33 11 97 37 85 76 78 38 32 10 99 7 68 15 81 2 57 15 40 8 64 80 94 1 9 18 70 34 13 33 93 98 7 38 10 26 38 55 84 74 7 81 48 63 22 50 47 52 31 51 40 28 4 29 22 94 87 59 35 7 63 0 49 53 48 93 55 80 71 66 59 67 1 32 99 52 87 11 87 60 2 90 5 48 83 92 63 99 93 6 86 91 91 69 22 98 51 30 31 100 21 11 14 45 31 63 93 33 4 19 93 99 55 50 55
69 68 35 80 34 64 13 42 54 29 41 21 75 66 89 35 40 43 86 22 46 66 1 81 76 20 48 62 78 84 50 29 68 15 90 10 33 32 19 27 23 52 97 73 50 38 87 7 87 47 24 11 90 36 94 29 88 15 24 19 68 47 65 9 68 95 97 40 76 76 69 4 81 78 51 97 54 3 25 18 28 28 81 73 20 73 58 49 27 91 93 39 66 59 93 4 52 9 76 82 67 35 67 5 11 83 81 89 74 7 80 80 29 99 41 88 9 17 64 69 7 33 84 48 5 21 14 21 14 18 57 98 43 27 36 35 100 21 47 68 67 1 74 97 58 94 5 31 35 37 74 91 68 74 99 77 94 15 100 43 55 47 44 42 15 38 46 76 30 57 69 7 58 87 19 69 93 5 12 33 48 32 54
98 23 58 4 28 50 30 44 68 31 19 49 64 38 52 48 90 68 1 80 82 23 51 78 63 43 32 96 2 65 82 66 93 79 51 35 94 0 73 80 76 36 49 74 55 39 33 67 58 30 3 77 33 58 23 15 44 30 54 52 61 21 37 21 41 40 80 25 72 14 75 93 87 79 81 2 35 55 15 93 63 14 100 34 5 18 4 14 81 42 82 58 75 60 83 64 41 34 57 44 0 9 83 71 0 13 59 22 73 9 6 20 71 98 90 27 87 50 43 30 31 84 26 82 64 35 82 10 9 85 99 73 46 33 83 94 86 27 86 7 34 46 38 40 81 100 2 96 4 53 6 90 43 72 1 79 67 84 84 45 75 72 72 69 31 66 29 34 97 91 82 40 56 72 60 48 68 73 43 78 99 92 100
86 37 56 6 25 91 59 16 70 7 96 2 98 14 24 51 49 71 14 40 52 73 7 97 21 73 15 2 50 49 9 75 7 17 58 30 52 20 84 31 35 73 98 42 78 41 4 35 52 56 43 38 84 57 36 47 27 78 33 66 95 10 25 40 88 50 54 89 13 46 30 12 53 87 96 76 34 36 78 50 15 77 75 53 6 85 95 41 52 87 7 31 42 64 47 30 61 33 23 13 50 13 72 43 57 36 11 42 28 38 90 47 16 30 96 79 16 38 19 23 86 57 72 19 81 28 52 79 70 51 94 80 14 29 13 43 88 13 39 23 31 86 64 9 69 72 78 77 21 17 62 56 68 22 63 72 61 15 83 34 18 24 31 88 69 24 45 64 5 43 30 63 87 87 39 85 5 4 19 1 94 92 24
61 77 32 83 13 44 18 52 31 37 28 87 52 97 70 56 55 85 71 49 96 46 89 85 31 10 41 16 89 25 30 76 96 61 8 42 71 50 27 9 73 24 9 95 11 8 75 87 15 31 53 44 30 67 88 23 4 25 2 54 72 64 46 45 67 80 99 55 26 43 49 25 54 55 42 82 98 89 9 25 89 34 44 75 10 22 28 25 23 22 54 41 45 80 92 34 12 96 25 97 44 7 3 4 25 78 53 91 85 31 90 2 7 65 53 65 69 19 3 62 28 46 22 84 54 29 90 31 81 20 17 31 47 19 11 64 91 11 40 94 35 83 81 72 61 87 14 21 54 39 79 61 33 29 30 72 23 7 45 20 57 71 39 74 88 46 4 61 54 17 4 72 28 51 87 57 90 76 29 82 21 95 12
99 90 68 94 100 60 71 91 96 96 26 20 45 79 54 90 83 48 0 3 18 78 34 8 77 54 30 34 11 58 69 44 57 61 73 61 18 62 18 6 13 49 31 51 51 42 84 91 98 85 51 93 96 76 41 80 1 28 99 15 17 98 43 91 57 64 93 82 42 52 20 94 37 7 19 87 70 89 60 76 93 61 47 88 79 79 95 83 14 27 10 67 11 79 19 50 74 43 57 3 74 75 48 88 31 26 85 3 88 34 18 87 19 46 50 95 10 21 97 21 88 42 15 87 37 8 35 58 3 17 0 22 34 38 17 1 27 61 71 29 2 6 97 2 14 26 16 51 2 63 30 34 59 16 79 11 38 95 72 29 60 47 18 99 65 23 10 1 44 44 41 84 68 30 10 37 72 58 43 81 26 18 5
98 87 82 37 34 93 6 40 2 32 46 64 39 86 64 83 15 61 74 48 8 83 15 16 72 81 29 46 84 34 92 26 15 27 17 60 14 33 97 82 10 9 62 59 92 60 47 21 0 53 96 86 81 85 50 10 46 76 27 76 57 84 90 3 8 86 5 69 81 87 88 50 62 29 89 81 58 100 11 84 38 61 30 74 34 98 34 44 22 62 54 76 83 48 11 98 45 48 59 61 64 89 73 88 36 64 80 56 55 14 27 100 40 31 87 12 12 63 44 5 2 8 85 19 16 21 49 9 16 20 7 49 19 4 15 88 82 24 98 28 6 24 97 12 72 54 22 69 37 28 17 8 84 48 22 98 83 29 73 42 27 51 20 39 51 95 67 6 2 78 59 80 97 60 58 35 62 1 74 85 4 96 43
43 44 93 2 41 90 25 67 6 0 15 90 58 92 50 94 80 52 25 13 61 22 29 20 61 95 14 49 50 94 0 44 43 78 18 28 20 30 6 14 32 83 15 68 32 96 51 98 88 0 16 44 72 65 22 24 88 43 67 81 42 97 99 29 8 73 10 91 48 0 27 36 38 5 89 80 67 5 88 55 49 9 100 66 26 100 88 87 42 14 1 61 46 16 60 86 76 69 3 68 34 76 17 16 33 69 19 22 85 96 1 36 24 10 35 17 50 29 92 1 23 85 64 82 76 81 93 26 86 57 96 45 2 41 88 43 87 17 12 76 47 73 21 63 9 31 65 40 24 56 54 78 0 17 80 34 31 90 9 7 34 69 19 70 41 89 98 23 90 84 50 64 23 23 51 98 56 87 87 31 37 87 51
32 19 39 28 19 62 8 19 98 80 39 33 26 61 72 89 2 53 46 77 53 31 85 71 39 28 96 96 40 47 63 3 10 84 67 39 9 80 71 72 56 62 35 79 97 1 3 37 78 90 56 81 77 98 75 78 19 87 29 65 84 40 63 99 30 21 34 72 54 73 96 10 56 92 8 15 70 61 42 42 80 35 0 83 87 18 4 30 17 72 82 13 82 25 16 15 80 12 1 68 54 62 53 89 95 34 94 95 75 95 41 74 16 93 21 54 79 64 63 9 88 33 50 59 70 68 28 23 11 4 98 96 8 58 94 69 58 56 86 65 39 83 48 81 53 99 33 52 70 3 100 55 89 25 30 35 56 22 52 75 70 47 8 53 96 79 77 0 52 23 16 18 78 7 67 71 31 5 22 61 18 99 13
76 14 67 41 12 58 90 70 7 56 33 30 72 18 51 96 16 5 84 79 96 31 80 3 55 61 75 2 74 16 30 92 82 47 38 26 46 14 44 39 34 71 99 11 23 34 37 85 27 16 93 26 18 92 22 8 26 59 17 52 74 86 35 8 46 56 5 60 46 5 86 16 16 90 40 97 13 85 36 3 6 64 100 38 11 76 11 11 2 71 58 95 12 64 76 45 4 3 69 60 17 12 59 16 73 84 6 26 20 72 54 88 43 39 63 31 80 54 20 84 88 5 2 15 34 96 67 35 36 67 12 82 64 41 85 63 63 77 19 21 8 34 7 26 35 7 73 29 8 21 58 91 100 56 98 2 41 83 76 16 4 40 49 27 48 2 100 52 21 23 0 87 93 91 4 68 79 84 54 91 89 32 19
49 20 16 31 55 5 65 7 1 66 61 22 70 23 9 36 21 68 41 21 31 93 85 60 40 36 38 99 35 53 63 64 28 86 21 43 88 17 43 49 22 52 18 72 49 20 35 33 91 5 68 51 83 55 70 10 46 50 14 34 11 19 63 81 7 48 4 61 32 31 30 9 70 54 23 15 38 1 50 7 8 31 34 31 94 13 30 14 45 48 73 39 9 60 6 92 24 37 18 69 54 9 100 21 46 36 31 9 46 22 83 66 19 55 18 56 68 41 86 4 22 14 70 97 20 7 47 93 70 28 89 30 33 87 96 33 49 69 11 22 72 89 91 22 98 33 24 82 26 65 87 43 55 58 53 53 49 42 35 8 96 11 31 68 93 46 87 26 55 24 24 100 24 17 48 88 56 29 50 50 43 69 74
54 10 36 29 34 99 13 44 91 94 2 57 40 27 100 90 9 77 17 91 36 49 80 83 22 99 85 48 46 86 38 63 44 62 29 12 5 12 49 35 61 6 93 85 24 81 32 10 68 89 63 7 59 80 67 28 19 100 96 53 5 31 40 0 26 20 6 30 7 56 86 99 35 39 47 10 15 100 81 22 0 97 29 62 34 44 97 88 38 82 62 84 68 84 79 89 58 81 3 96 3 16 93 51 1 100 1 23 46 84 60 56 83 55 5 2 86 53 64 37 76 88 61 67 86 42 92 97 78 45 54 76 71 38 53 91 69 38 23 93 35 73 58 64 44 50 100 46 9 89 65 21 2 83 50 69 87 20 15 36 72 27 77 82 38 17 71 62 2 21 74 54 100 21 22 4 79 10 56 8 30 52 2
5 95 5 88 54 17 33 13 97 88 29 88 83 51 92 85 74 78 65 61 69 65 40 87 1 45 96 4 78 95 56 47 46 0 25 95 74 4 58 22 98 60 28 59 71 100 72 73 62 4 40 98 52 38 83 71 33 87 55 19 44 54 11 6 9 93 10 63 38 12 27 70 66 51 61 28 66 50 23 36 52 13 18 34 66 11 88 62 34 81 34 79 84 29 82 38 31 45 75 47 79 43 60 6 38 89 29 22 38 70 53 63 3 79 87 72 40 34 44 0 48 22 45 55 36 38 20 24 83 88 60 70 83 81 54 4 0 70 62 92 1 40 78 20 82 70 25 85 99 69 99 89 8 39 17 6 95 4 61 12 6 15 69 87 42 14 14 65 2 6 19 79 50 10 68 15 5 18 82 77 79 68 72
15 84 81 93 26 79 56 64 77 14 100 77 65 3 87 26 31 98 39 63 11 21 9 45 90 31 75 33 68 65 6 90 62 93 64 67 83 96 0 44 63 18 4 55 94 23 65 50 32 15 27 22 91 37 36 55 85 91 95 4 59 34 43 100 78 96 33 100 28 94 95 52 3 57 27 11 97 64 94 86 66 54 45 0 75 85 95 81 63 76 56 87 96 29 50 5 84 42 69 82 3 44 24 22 91 49 51 27 23 57 6 84 46 39 21 82 12 55 79 17 86 56 45 52 76 23 51 55 0 91 82 83 97 27 20 38 65 7 48 64 43 44 65 24 62 15 31 57 30 69 14 0 87 16 33 66 72 34 93 7 84 44 39 20 41 97 24 76 34 71 37 44 37 80 39 92 13 22 62 29 53 95 6
28 24 65 28 32 25 12 95 100 95 37 92 60 13 60 42 24 22 78 41 30 28 40 69 50 71 95 2 65 29 35 99 32 3 29 51 44 13 42 100 26 86 57 91 79 50 49 12 22 41 62 55 97 100 93 24 31 20 75 82 43 66 65 87 30 94 5 79 49 34 66 49 24 56 38 61 1 13 8 84 19 14 98 67 9 20 15 98 35 22 34 83 65 19 52 2 3 78 17 14 80 66 46 47 39 69 41 10 26 58 19 83 80 72 9 32 38 80 34 65 25 18 85 6 94 28 75 4 54 27 52 28 92 37 24 75 8 85 97 74 6 70 7 94 30 75 41 100 46 7 88 50 16 74 41 50 24 61 94 0 60 45 66 52 91 0 44 20 12 24 88 53 86 70 65 77 97 85 93 82 1 92 5
97 42 61 100 79 16 45 54 30 57 39 40 84 58 5 70 44 36 78 0 55 36 14 81 58 51 76 27 54 85 3 30 25 67 14 79 74 90 38 88 70 17 6 45 17 20 20 100 71 40 94 4 75 18 91 86 87 13 65 3 86 91 85 29 43 99 19 35 75 42 81 67 26 17 99 30 17 39 74 4 65 57 79 37 38 93 4 18 99 58 22 80 99 66 97 33 82 48 48 41 81 25 62 20 32 28 67 13 78 52 59 20 7 0 8 17 20 11 30 83 71 90 62 73 55 57 60 7 55 78 76 14 24 87 69 98 93 44 8 94 47 83 84 94 64 41 97 43 11 56 5 56 39 43 41 9 69 4 22 10 75 40 32 22 97 10 56 70 77 34 0 67 64 50 75 96 6 24 31 16 29 48 29
39 88 0 59 85 21 51 30 91 58 59 13 49 87 65 7 56 58 0 98 40 74 50 60 45 62 39 11 40 9 91 96 72 87 81 21 72 98 74 46 10 85 87 72 60 20 54 53 38 7 72 24 91 97 70 96 50 58 34 97 23 79 88 9 75 34 70 52 69 40 54 94 40 37 19 5 67 50 13 89 70 54 54 69 86 75 59 49 28 17 15 93 69 64 96 50 22 3 18 16 5 92 77 99 20 16 6 8 8 67 61 87 92 38 67 24 40 48 67 55 37 65 66 72 41 71 28 44 75 7 96 23 32 100 91 98 92 4 96 77 34 40 46 46 64 87 83 67 95 91 15 89 47 39 67 16 26 70 97 64 98 51 21 10 92 12 59 30 76 17 21 53 34 21 43 97 5 69 63 48 52 34 20
6 99 27 49 2 9 2 32 67 37 94 47 98 67 38 47 82 87 31 11 47 9 4 17 66 15 75 80 58 72 47 43 11 49 86 56 56 40 69 99 55 16 48 66 39 78 59 60 47 52 89 94 23 85 3 53 70 14 53 25 68 59 3 18 70 73 65 78 54 19 76 20 86 46 22 38 25 99 94 14 79 94 72 98 53 98 13 27 74 73 91 19 49 26 41 96 18 38 30 99 46 6 25 43 46 67 24 13 95 76 94 4 10 96 28 90 81 79 53 46 86 90 10 44 9 94 11 7 27 13 96 37 64 89 91 69 76 79 46 42 43 35 47 92 78 35 95 82 32 71 37 53 19 93 47 11 74 97 70 66 10 75 25 88 56 43 66 31 73 61 3 9 49 28 79 67 53 65 45 49 39 3 29
26 30 98 48 42 82 24 32 83 6 44 34 18 65 2 3 59 13 51 63 87 89 0 74 55 43 41 60 6 56 51 7 74 8 55 58 1 75 13 33 35 70 50 0 37 29 99 65 62 69 51 42 37 57 86 25 7 77 98 53 18 3 1 73 9 10 71 53 88 90 78 77 50 34 11 72 96 95 37 100 3 24 9 59 99 48 88 34 41 47 11 90 27 7 77 44 85 35 53 18 46 92 56 78 41 9 63 84 42 60 21 16 20 67 43 24 80 23 73 81 70 33 47 65 23 10 42 99 45 66 99 55 55 9 75 95 63 97 52 3 43 33 7 31 88 66 87 75 73 52 39 34 6 2 36 6 40 38 90 8 54 85 97 99 76 79 41 63 91 84 49 18 38 68 86 4 66 90 74 98 93 60 72
72 74 56 63 55 1 19 36 34 83 6 69 100 77 76 17 20 1 94 86 80 70 30 6 60 14 31 72 74 71 77 27 39 4 12 82 22 85 2 72 57 2 99 86 20 47 35 65 66 93 15 2 71 99 23 4 83 34 82 85 4 62 78 6 15 96 14 83 21 99 35 0 35 24 72 65 5 44 67 46 4 19 49 23 86 70 75 60 35 34 93 93 95 87 47 97 93 84 37 35 88 75 95 89 39 55 58 40 70 92 4 68 95 91 27 47 55 36 100 18 47 39 43 50 7 12 64 74 59 44 85 0 52 6 15 29 27 86 38 81 46 47 9 64 94 45 61 57 92 10 35 35 2 55 98 22 38 99 14 88 65 51 12 81 1 54 77 44 46 69 62 8 80 11 91 21 19 27 56 34 27 35 67
22 86 63 20 59 27 64 65 22 24 40 56 94 32 34 73 76 78 100 70 96 32 96 96 92 70 65 69 28 21 44 37 29 38 77 98 84 33 24 27 77 12 49 97 87 32 77 31 2 86 20 84 64 86 99 27 0 13 25 30 37 1 41 16 73 89 17 97 88 45 33 80 99 79 1 81 91 93 79 5 93 80 86 90 12 24 90 14 41 33 41 94 90 92 62 56 65 93 32 31 35 26 49 22 78 20 43 28 1 62 53 89 74 31 45 59 82 75 79 48 68 38 77 5 94 42 12 59 49 34 47 83 61 9 65 57 83 93 33 39 60 6 89 6 90 65 58 10 31 56 81 88 89 1 32 65 61 38 30 3 11 6 41 35 69 34 49 51 79 49 34 10 34 46 96 17 8 18 25 78 74 96 73
3 85 16 78 98 61 74 97 32 78 24 81 65 22 52 32 58 70 23 63 75 55 80 61 21 99 87 87 57 78 53 59 0 8 4 48 73 37 77 66 0 77 72 63 42 30 80 10 12 36 44 42 23 87 55 23 59 95 86 16 34 58 71 96 52 65 57 4 69 52 80 35 67 56 76 93 21 45 77 95 50 84 57 57 72 54 8 98 77 8 70 43 49 85 77 36 55 54 38 58 90 26 9 37 91 97 48 54 96 55 44 35 92 91 76 93 16 70 4 75 0 43 88 0 42 84 12 45 62 7 41 97 12 5 92 17 19 90 29 49 91 91 52 78 14 37 22 46 35 9 75 68 9 6 71 92 21 73 31 3 41 77 38 74 35 55 60 34 84 0 10 40 87 56 75 85 41 25 23 55 55 100 91
83 44 30 52 69 64 45 75 48 40 41 67 37 6 66 19 17 57 40 12 26 49 14 24 76 34 26 7 62 75 24 26 17 44 76 57 1 51 95 76 32 41 98 89 49 11 45 85 38 28 61 2 34 71 86 66 59 63 33 68 63 60 69 52 10 81 37 9 77 24 63 56 77 67 65 65 68 92 77 14 71 50 100 30 69 39 20 19 48 32 3 56 95 81 39 0 33 8 39 74 68 85 92 66 44 72 13 24 11 42 99 58 88 85 5 86 86 42 64 21 91 0 59 21 66 10 47 60 97 16 78 14 44 24 88 69 17 15 26 72 35 73 84 46 36 64 33 53 39 92 78 95 45 94 12 35 3 31 63 59 17 30 24 7 96 37 76 27 64 53 63 60 5 96 99 36 14 82 49 96 39 77 85
100 98 77 96 92 9 60 1 54 85 77 25 54 85 31 64 86 66 40 57 47 27 11 58 73 0 5 91 78 14 62 29 51 57 65 54 6 34 78 7 25 39 81 4 82 52 81 95 47 61 15 74 66 11 61 54 70 51 5 17 75 68 62 33 38 83 43 49 6 28 12 1 43 11 91 84 32 46 91 56 18 49 93 24 27 93 85 34 74 58 72 30 58 45 34 6 97 64 80 67 11 9 5 3 78 16 13 59 91 8 35 81 66 39 87 26 11 20 29 25 98 38 74 65 31 16 99 9 69 50 7 97 10 83 32 16 24 24 34 34 8 35 9 75 94 94 98 21 32 99 92 88 52 26 26 67 36 52 66 81 52 56 8 83 3 22 97 95 28 68 34 16 74 100 67 28 31 32 37 99 56 10 27
54 25 17 72 87 68 20 41 73 47 20 90 36 50 3 79 46 86 7 76 35 75 66 40 94 74 25 22 18 54 59 4 6 90 100 92 14 43 80 81 6 96 51 65 76 51 34 78 56 33 93 22 67 25 54 84 57 89 8 28 59 48 95 49 44 98 15 25 81 64 98 50 43 84 97 16 35 20 51 76 93 67 75 12 90 64 23 13 53 84 86 7 93 83 59 100 38 65 85 19 84 45 14 80 9 36 95 18 14 91 21 88 24 83 97 100 49 97 96 49 41 99 39 92 48 60 100 37 61 7 67 85 69 88 34 21 33 5 44 7 86 66 79 69 67 1 12 45 9 74 76 59 62 22 33 86 18 97 52 88 9 29 77 25 78 30 70 94 96 21 63 85 45 79 35 58 10 23 66 4 2 41 56
58 68 55 64 65 43 95 45 23 69 90 22 32 50 72 0 4 17 81 13 41 17 30 13 35 65 23 10 52 42 2 11 50 24 14 22 95 98 84 82 82 37 63 52 20 97 33 32 57 19 42 98 42 54 71 26 5 92 18 19 38 45 40 80 74 35 68 54 81 26 3 53 49 66 51 76 64 45 18 24 45 44 49 62 35 80 36 54 28 22 1 82 77 54 53 99 33 81 95 17 59 46 7 76 31 64 1 88 87 25 87 72 74 78 53 20 16 93 3 43 98 35 37 1 28 93 26 95 2 95 20 84 91 15 67 100 48 87 57 67 60 30 13 60 51 49 55 2 16 82 66 20 57 10 31 29 33 76 32 35 88 63 93 67 85 1 55 63 20 10 65 27 74 4 27 12 18 94 2 2 100 8 20
43 89 66 38 6 58 84 29 62 56 46 52 6 59 35 27 39 69 8 62 33 3 23 43 73 24 69 74 79 4 98 0 73 86 28 44 11 24 37 59 19 58 2 64 89 1 100 55 92 59 65 47 49 60 27 67 29 9 62 13 60 70 15 96 93 89 94 58 90 77 57 63 56 7 15 54 84 4 39 38 69 38 88 12 39 7 89 12 71 53 43 30 71 18 10 97 59 15 41 23 28 99 8 23 8 46 51 41 11 17 50 53 24 62 58 3 5 59 57 25 27 78 76 6 91 83 69 39 11 60 13 82 55 85 10 57 78 91 70 50 63 27 30 80 18 78 62 38 85 41 6 90 21 13 74 82 46 31 14 27 84 83 2 85 80 51 48 84 47 68 91 61 72 4 37 11 63 90 86 15 59 41 75
65 37 70 35 7 81 88 55 30 68 31 1 38 11 17 65 22 59 5 47 64 33 49 50 99 3 16 72 11 59 61 19 81 92 27 33 58 21 17 83 4 73 36 38 79 39 69 20 97 95 27 5 24 85 55 3 99 13 71 78 45 69 54 69 20 14 12 28 13 63 54 62 39 98 0 17 30 23 15 14 84 49 55 64 57 28 28 89 44 15 39 73 41 67 37 36 4 24 76 91 29 7 32 69 7 70 7 18 78 34 40 7 11 28 14 25 11 10 86 39 77 59 55 67 58 14 75 14 5 68 32 42 89 72 97 16 65 13 48 76 6 54 75 65 61 32 29 1 79 22 55 39 92 30 75 89 10 78 8 23 93 33 35 39 51 52 56 39 7 23 13 46 84 10 43 7 58 25 33 26 0 96 3
68 93 31 78 12 0 62 76 11 22 82 11 3 5 23 85 30 98 19 39 82 45 99 23 40 26 34 94 46 71 5 89 40 32 61 67 45 32 63 85 13 91 1 50 95 1 27 65 97 5 48 78 49 34 78 3 99 16 92 64 35 14 33 66 10 27 85 25 96 34 31 4 17 51 65 32 54 49 44 32 90 89 56 45 52 65 18 48 56 84 49 14 75 23 81 42 12 91 27 88 82 81 85 81 81 98 16 43 94 80 62 48 54 79 16 45 39 72 37 86 77 76 71 30 95 10 48 19 43 81 3 70 4 98 36 86 49 59 9 63 85 52 54 31 23 43 65 60 13 74 30 19 67 62 53 90 57 78 60 93 36 38 46 34 99 21 10 25 5 95 19 25 2 28 15 59 82 64 76 15 41 37 22
90 30 34 4 43 38 15 25 73 14 10 90 28 20 29 14 19 25 33 94 28 94 78 27 31 60 84 15 8 71 33 74 6 17 100 84 5 63 37 5 44 21 59 13 62 49 99 23 46 10 9 83 86 23 78 91 27 73 26 85 51 2 59 95 63 26 33 48 58 5 96 36 12 98 0 66 8 77 11 41 66 89 98 21 65 48 17 45 99 52 61 100 17 35 57 37 90 12 75 78 69 59 38 62 45 0 65 9 94 81 69 78 87 4 53 96 53 23 30 15 58 6 59 86 53 1 41 74 49 52 99 22 63 18 82 44 67 63 98 65 87 70 46 51 29 41 58 39 17 34 94 80 26 49 73 48 96 91 69 17 2 77 24 33 56 38 3 43 91 94 69 33 18 36 21 21 73 47 79 11 80 92 54
83 58 46 87 72 67 83 47 83 67 94 7 89 10 7 49 62 27 28 37 37 12 88 25 89 47 89 91 21 23 78 55 71 81 33 91 7 13 77 60 27 77 41 47 77 40 78 0 77 78 75 9 63 71 28 83 0 91 72 91 76 55 58 91 12 25 37 39 71 79 84 40 19 44 50 38 65 33 20 84 22 56 1 100 1 15 95 89 85 5 71 42 66 66 37 94 5 64 72 8 90 96 24 29 95 57 38 0 12 10 27 53 71 43 90 80 65 43 75 60 51 82 37 14 50 62 74 77 47 38 77 17 29 52 26 0 51 71 55 97 3 43 65 100 92 61 82 56 75 24 37 69 71 44 66 66 64 90 44 16 5 18 54 90 9 39 56 15 29 31 1 59 68 39 75 37 41 92 76 26 93 14 71
94 84 42 70 90 27 26 35 69 4 10 22 83 35 20 2 9 29 72 17 18 92 76 17 76 44 10 78 66 19 36 15 7 3 34 73 26 64 8 57 78 50 59 35 33 33 91 71 53 15 80 64 74 74 56 17 100 87 23 2 61 80 28 72 88 89 22 22 41 15 71 8 3 64 20 20 25 87 4 32 31 33 60 7 16 28 80 68 31 83 85 97 21 55 69 47 60 99 38 86 72 21 12 6 94 86 25 8 68 57 8 52 61 40 79 70 42 25 49 52 59 72 98 51 52 4 92 58 10 55 85 73 61 14 98 56 56 63 13 61 80 34 15 1 11 33 67 38 38 58 57 56 15 30 22 29 88 84 92 76 42 82 22 74 91 16 4 56 44 37 33 64 71 66 76 1 9 39 66 66 91 66 99
59 82 74 58 40 64 93 62 66 31 68 63 74 27 58 6 64 80 54 14 74 84 3 52 47 98 95 77 13 32 69 55 38 85 11 31 27 99 79 69 92 25 77 8 26 74 0 47 54 22 42 30 9 32 2 83 56 18 11 82 67 46 52 99 77 69 63 42 70 55 87 72 97 19 95 84 85 8 22 90 44 20 0 10 30 71 10 63 45 47 22 90 38 10 38 68 74 90 31 82 46 96 10 24 36 86 95 8 31 4 37 92 10 18 66 10 71 24 65 93 94 1 25 86 38 3 94 87 1 9 27 28 16 91 16 0 88 39 89 90 71 39 100 28 16 34 76 47 55 63 38 86 95 39 28 42 39 16 58 30 99 38 44 23 29 51 90 34 72 15 26 23 8 39 48 66 45 53 37 55 24 39 12
63 54 83 7 82 17 88 64 70 74 65 35 58 44 33 42 65 4 32 3 91 1 5 15 95 16 44 73 37 23 64 30 69 74 65 18 2 47 64 9 20 85 30 74 74 84 33 75 37 84 2 62 90 53 50 31 57 86 41 21 68 77 96 31 2 42 90 32 32 33 63 2 16 56 16 29 67 93 33 62 63 26 88 7 93 71 28 49 46 74 11 46 95 27 41 7 84 34 67 70 55 69 86 26 15 1 92 69 54 69 97 16 7 27 67 95 58 0 11 48 95 3 6 72 44 13 10 49 35 15 28 97 30 75 85 91 44 87 98 24 19 15 41 71 8 95 76 25 28 96 41 59 78 57 43 69 46 15 91 11 86 15 29 26 33 3 22 9 48 67 64 39 43 92 64 66 86 13 32 88 53 49 10
23 49 89 81 92 43 48 69 93 94 24 29 51 8 70 32 32 10 65 79 78 6 86 34 73 66 73 35 34 27 97 72 89 55 65 44 52 83 53 7 89 54 52 89 65 2 74 92 72 14 35 83 53 97 24 66 78 62 22 38 28 52 43 0 82 27 78 4 11 31 60 72 69 5 48 89 75 31 27 81 21 57 99 4 85 30 9 53 71 59 13 0 27 78 30 77 51 84 39 40 30 0 90 99 23 81 53 34 44 45 95 58 30 94 54 31 21 18 42 22 65 58 79 70 51 78 85 2 11 27 49 65 75 28 68 15 92 81 7 95 77 61 42 96 40 24 96 81 76 48 4 22 17 3 86 50 25 43 46 44 41 72 13 29 35 100 78 92 75 54 30 97 67 63 99 91 1 100 92 66 52 6 5
82 80 49 99 42 35 22 95 87 74 6 78 56 78 40 83 35 45 82 66 45 41 71 81 99 26 48 45 26 36 21 20 56 56 40 12 39 75 45 18 100 10 27 19 62 21 75 43 28 52 52 17 88 15 47 12 79 24 85 46 78 66 38 67 51 14 6 21 53 81 70 16 83 47 3 33 17 19 64 73 3 74 42 65 33 68 32 19 56 1 34 0 25 31 26 55 89 77 26 92 85 35 15 38 79 72 68 65 61 55 52 72 56 72 2 25 87 87 57 0 48 24 69 52 69 25 77 84 47 57 64 29 39 36 81 88 28 69 70 5 80 64 72 11 24 43 81 51 28 29 12 30 42 64 72 63 6 40 87 46 5 8 100 52 94 19 90 22 49 19 77 81 16 24 90 76 83 45 79 18 85 17 85
27 9 57 62 40 45 23 55 92 89 96 29 74 40 0 12 32 84 61 39 63 46 81 20 26 33 78 25 54 21 52 74 46 19 10 71 7 40 74 67 83 96 0 74 1 28 30 36 77 42 22 20 31 62 88 40 11 43 68 82 32 8 69 99 13 18 85 48 99 91 41 88 0 16 51 15 53 68 65 62 68 36 41 89 79 29 65 16 73 46 93 58 69 92 24 99 41 83 38 37 17 21 92 19 95 99 97 44 29 22 34 7 4 40 56 74 81 22 20 8 11 70 11 42 13 11 35 58 10 89 84 28 60 80 100 97 8 32 67 88 9 67 31 73 61 6 5 76 18 41 56 48 86 95 53 37 42 20 58 69 95 64 84 84 50 57 34 23 42 42 16 93 94 79 91 5 47 88 38 76 99 73 38
38 69 98 79 23 38 99 38 19 40 33 80 52 52 26 81 1 9 83 84 92 71 93 7 95 10 68 55 20 13 14 25 9 99 74 13 96 80 60 69 60 70 25 57 52 42 62 96 39 4 76 15 30 59 70 73 26 73 3 84 11 31 8 16 40 45 54 39 6 46 19 0 4 15 97 86 8 0 14 65 27 41 67 100 50 37 94 21 66 8 43 35 30 98 57 0 40 48 9 100 23 64 58 42 45 76 52 3 73 18 22 48 63 80 83 97 12 58 22 81 54 97 39 76 25 84 56 59 20 66 62 47 27 33 48 56 59 3 43 71 81 60 20 16 8 9 84 71 97 56 17 12 42 48 94 82 56 95 98 83 33 50 71 15 30 39 77 10 48 53 67 36 88 36 10 5 83 11 42 82 61 19 88
100 69 82 12 52 14 62 16 51 0 29 29 38 65 51 72 57 41 52 31 46 54 28 26 61 14 56 50 17 85 96 2 25 81 24 27 29 89 100 6 7 89 57 94 3 96 77 17 78 69 33 55 88 19 66 33 19 46 61 8 48 89 47 36 83 39 54 77 77 93 38 87 96 64 22 35 67 31 46 29 54 47 21 68 68 13 36 97 63 49 30 26 48 83 38 55 18 90 58 47 86 30 0 36 6 39 13 47 54 35 73 64 11 60 6 38 6 23 51 96 23 47 38 75 1 97 21 89 96 22 7 37 78 31 60 12 26 62 59 91 2 61 10 32 11 59 1 92 8 51 14 34 69 1 2 5 43 89 73 16 3 75 26 88 12 1 6 31 75 41 71 3 36 54 85 5 26 21 3 98 92 58 37
84 99 4 61 27 84 51 33 79 100 100 62 13 48 38 30 80 38 65 79 29 67 43 48 61 68 37 38 79 57 5 48 26 5 91 8 0 98 99 67 35 46 16 90 79 93 18 19 60 19 38 85 98 21 94 97 92 53 54 23 45 13 15 15 39 2 22 61 40 32 86 96 3 90 68 10 80 8 7 7 33 57 94 5 65 37 94 51 50 79 85 58 94 14 43 83 90 13 30 9 85 37 12 12 20 93 66 33 70 10 5 15 84 54 41 74 40 10 69 65 90 4 64 38 62 9 54 55 46 35 79 58 47 81 20 7 81 66 11 13 22 33 50 66 44 37 20 96 100 55 9 53 8 59 10 9 63 33 65 73 34 22 38 37 86 50 89 70 99 71 87 86 54 99 20 52 10 88 54 54 26 59 9
84 57 34 50 59 95 68 63 9 16 37 63 37 11 76 48 63 22 30 59 38 68 26 92 58 95 60 9 22 75 85 25 62 6 89 57 65 50 17 75 68 85 17 21 14 92 11 5 84 100 54 61 46 60 36 97 12 77 71 72 72 10 54 10 51 9 50 41 44 32 77 84 20 4 13 24 34 22 94 39 23 7 27 70 60 67 52 57 21 90 9 46 58 31 27 40 31 14 16 8 22 24 86 85 97 87 84 13 30 43 89 58 66 73 78 91 45 4 13 42 9 44 19 3 92 20 95 49 69 9 80 42 49 38 67 78 50 22 76 43 38 97 80 86 36 29 91 97 83 80 86 30 100 36 49 46 58 92 1 3 13 67 32 22 44 94 94 76 0 6 8 58 51 1 25 7 23 90 98 35 87 45 26
46 96 81 99 29 92 22 93 96 1 6 99 77 37 74 78 4 69 61 85 14 5 38 41 52 35 39 38 40 94 79 52 37 21 66 93 45 20 49 72 15 44 83 100 36 58 74 40 49 27 51 54 95 14 29 28 35 31 97 15 30 49 75 96 75 74 55 100 81 48 48 29 11 19 30 14 30 73 19 14 14 3 23 41 77 15 8 52 36 12 100 7 20 23 75 39 65 15 66 43 24 13 8 78 45 38 1 49 11 23 66 4 4 2 25 74 21 26 7 99 65 77 89 66 4 25 82 73 12 25 25 32 41 29 6 69 87 51 6 50 90 98 80 35 42 73 23 27 57 1 81 35 4 44 83 74 75 93 100 90 85 29 28 81 2 1 76 78 66 87 90 98 28 6 7 95 86 97 70 84 51 35 43
24 32 20 98 78 88 98 77 57 52 61 67 40 100 1 30 93 34 79 64 34 68 3 15 51 91 35 64 63 100 87 93 30 13 31 45 96 9 80 91 70 53 55 17 10 82 63 36 67 60 91 31 56 69 14 35 48 64 50 48 45 3 78 9 74 76 52 16 16 54 85 57 32 88 85 38 63 12 56 77 65 6 89 66 11 50 58 1 91 92 90 78 52 62 3 22 32 32 0 59 32 16 23 3 65 83 80 99 27 33 40 72 81 57 49 73 61 46 46 5 60 66 60 68 49 17 89 95 54 64 79 50 73 32 6 58 80 51 4 9 44 28 45 92 3 32 0 85 100 12 0 46 61 47 52 60 72 14 5 19 72 96 20 20 79 7 18 70 40 95 58 57 37 1 84 8 74 70 63 38 27 90 59
68 82 64 62 10 71 97 2 27 13 35 97 49 10 34 45 71 23 24 19 12 34 29 32 25 78 46 0 89 53 56 31 53 0 16 64 57 2 21 23 48 12 43 10 56 51 80 35 1 83 73 68 30 15 87 53 94 77 23 26 73 54 34 41 91 61 34 1 45 22 2 35 94 97 88 73 15 78 12 44 86 85 69 72 79 17 25 6 1 11 13 60 60 19 58 76 41 49 92 59 72 59 9 52 40 19 83 5 94 28 0 15 56 23 55 80 70 56 97 9 3 44 29 58 50 59 38 82 35 38 81 76 48 92 67 0 39 22 32 59 21 92 0 95 85 23 30 24 13 100 100 50 27 84 37 54 26 94 12 6 82 70 34 86 52 31 41 69 22 45 60 78 53 63 78 55 38 83 74 21 61 25 17
97 48 25 71 82 32 78 81 63 1 10 68 66 21 72 87 65 5 14 51 58 62 69 11 22 32 32 29 95 70 8 15 63 40 20 41 10 43 73 63 3 17 12 52 19 1 77 85 12 9 65 56 62 87 66 75 34 38 69 26 50 7 36 37 34 32 95 94 60 72 15 98 78 1 5 69 13 97 24 33 100 41 18 66 29 81 34 56 61 10 41 42 21 62 50 63 50 65 51 88 22 18 75 17 96 23 6 93 25 53 40 49 98 78 62 70 66 44 77 53 97 62 93 99 96 36 71 14 7 6 6 77 4 56 69 54 3 30 24 83 55 35 41 77 7 18 11 56 41 42 21 93 1 11 54 73 56 33 44 19 54 6 38 62 3 49 86 87 2 75 50 36 33 59 59 85 6 74 60 18 64 68 81
17 32 69 64 33 36 50 4 12 73 48 18 3 66 41 40 26 78 51 92 94 76 32 12 66 56 20 81 91 43 42 51 11 31 21 26 25 36 88 34 68 6 0 69 39 71 70 36 10 15 80 70 65 0 33 22 79 75 90 76 81 11 4 12 34 36 50 49 84 76 44 79 68 47 91 54 19 44 26 49 84 36 72 49 42 59 30 29 20 87 43 47 81 87 1 18 95 38 47 34 18 99 80 46 93 11 58 94 47 90 26 43 48 26 13 57 27 23 20 29 72 25 11 66 61 13 27 9 20 30 0 85 44 28 71 78 51 44 61 41 73 64 81 7 66 36 46 54 14 50 67 44 40 42 67 11 69 0 34 28 98 73 0 58 35 6 31 6 34 44 33 87 9 83 27 85 31 92 96 14 83 91 97
46 93 53 86 91 79 13 33 70 7 49 28 88 91 63 11 17 9 82 94 18 71 81 38 65 50 35 83 9 54 69 49 1 91 59 15 74 98 77 10 77 24 58 59 9 52 74 13 59 63 23 15 0 84 71 84 48 97 51 37 53 10 21 8 20 25 80 91 96 31 60 25 70 52 9 30 51 97 0 6 58 10 26 62 48 37 37 92 21 57 7 36 92 55 43 8 85 22 12 33 50 31 33 69 33 19 43 44 63 12 22 30 53 44 37 63 13 54 95 67 13 17 85 74 10 4 76 31 22 21 84 73 19 25 24 25 16 60 99 19 57 35 93 83 88 66 52 91 84 23 29 20 89 43 24 1 4 75 49 78 73 97 10 100 31 90 73 22 72 37 54 68 11 85 95 54 58 64 44 42 0 41 100
58 73 74 47 90 35 66 100 94 17 56 13 28 59 96 32 8 44 77 85 30 4 16 100 9 14 8 17 5 66 42 64 39 81 100 55 75 66 34 52 24 25 50 35 24 46 49 18 72 58 34 56 58 39 86 74 56 88 31 37 68 5 43 49 85 94 31 62 8 19 68 53 32 31 94 42 46 7 50 56 93 58 97 76 47 31 21 67 58 59 65 93 21 21 20 83 25 39 67 57 60 94 55 75 22 75 51 69 7 36 81 96 95 85 43 95 7 90 70 10 83 67 59 20 57 22 7 7 86 82 7 50 96 28 37 38 29 32 87 30 89 84 15 79 12 8 15 87 68 98 92 61 49 63 28 6 84 95 64 22 11 53 20 92 78 26 41 80 45 73 19 36 72 22 84 95 93 66 72 20 92 77 35
9 98 66 42 29 55 94 28 73 56 18 68 5 49 45 27 18 97 19 35 51 94 38 68 1 53 2 91 17 33 88 65 68 11 94 11 92 89 38 17 67 56 50 68 60 30 40 25 67 35 51 56 18 3 41 88 2 51 84 17 43 31 26 4 49 82 36 97 2 10 88 80 85 0 89 85 49 10 61 74 63 87 14 9 96 14 12 52 34 0 52 41 98 31 24 71 22 67 59 47 29 36 6 85 6 54 61 18 75 35 77 45 30 5 28 89 19 5 65 10 99 73 90 37 78 34 18 86 96 55 34 7 88 3 62 82 79 6 66 61 85 90 98 40 23 20 26 44 19 21 10 84 28 52 34 20 27 79 9 24 83 48 80 79 40 63 94 43 94 90 16 77 36 46 42 91 18 24 77 96 71 40 70
46 14 95 5 95 73 28 24 50 75 38 36 6 11 52 46 38 20 60 42 44 59 73 30 39 38 4 90 16 37 15 88 89 91 15 69 92 91 56 14 76 97 54 1 76 50 30 63 44 26 81 14 30 24 30 1 20 75 62 65 69 54 66 26 5 49 31 46 10 71 17 95 36 44 98 10 69 84 2 27 44 42 40 6 92 12 70 77 7 10 71 82 28 89 36 24 70 92 96 5 7 70 54 90 84 56 60 25 56 33 75 72 91 22 58 45 37 52 71 15 74 51 65 27 80 53 47 52 44 50 69 38 46 36 61 36 10 100 71 31 89 74 12 79 99 43 83 85 97 90 60 43 23 75 63 44 99 16 70 75 86 79 58 20 86 71 54 90 77 79 61 98 64 17 77 41 79 36 58 89 78 17 5
13 63 13 21 96 25 1 2 45 0 4 97 100 32 97 9 95 57 96 91 20 30 21 73 33 17 35 0 32 35 85 63 36 11 23 26 48 51 85 55 64 94 76 26 80 14 25 89 6 38 45 63 50 87 100 80 21 46 8 41 2 59 15 82 57 25 30 54 0 67 71 94 10 19 54 85 23 10 40 5 60 67 91 92 59 63 48 52 40 77 70 75 92 37 75 10 64 86 45 5 18 7 67 51 45 99 2 53 6 94 85 58 91 56 86 9 25 74 78 66 49 91 63 23 9 86 47 25 1 1 28 68 30 80 60 32 27 14 47 55 33 77 28 83 64 75 31 47 55 94 54 25 26 77 63 51 72 74 52 100 71 73 14 93 78 42 56 14 79 64 11 75 15 57 74 84 94 3 40 0 44 35 97
5 5 21 69 2 11 84 4 48 3 94 54 4 22 48 88 92 95 83 30 22 50 86 63 64 73 80 60 88 20 32 46 45 35 95 76 89 25 45 38 23 98 63 11 97 95 83 3 49 9 43 66 5 43 95 17 12 88 73 36 24 47 85 3 80 35 51 80 13 12 18 33 2 83 32 49 23 45 87 65 12 51 40 4 23 42 64 6 82 48 57 0 65 16 44 37 52 3 63 77 53 76 70 83 52 32 91 43 3 26 58 77 17 17 88 48 44 74 97 66 28 77 58 16 60 22 56 20 81 18 50 92 50 4 25 0 71 19 92 61 77 92 49 100 13 19 13 72 45 58 18 3 13 7 4 81 30 90 2 5 39 77 0 12 34 18 71 98 69 15 59 83 86 58 76 48 37 81 38 64 23 24 17
43 87 63 36 100 91 57 43 62 94 49 93 79 28 26 94 100 19 14 47 91 16 100 52 38 69 12 85 82 12 65 79 63 51 47 26 80 30 50 19 30 18 47 31 55 19 36 53 59 26 74 71 5 46 36 61 55 54 66 64 26 0 2 93 77 81 46 28 46 23 58 30 18 43 82 4 80 27 81 23 69 92 94 90 91 18 30 75 21 68 66 85 48 12 97 71 84 85 41 84 27 51 3 44 25 7 59 84 58 10 30 28 91 11 61 21 39 44 24 50 36 92 37 71 60 50 74 1 60 74 26 74 90 64 47 89 79 29 98 34 2 13 91 83 89 80 99 52 41 59 83 61 44 98 21 30 84 8 3 76 55 2 45 21 85 32 75 0 0 10 43 19 43 70 18 51 97 79 17 7 20 11 91
1 30 72 34 98 54 31 38 75 19 75 22 2 73 0 96 64 38 59 70 42 4 71 47 77 26 16 65 52 89 94 55 50 1 1 91 61 81 78 70 100 63 17 56 55 93 45 42 52 19 14 63 59 28 96 64 77 20 97 44 9 45 17 90 21 84 0 5 28 61 19 0 1 81 71 36 50 43 28 1 92 67 88 34 58 89 71 40 20 95 42 14 19 87 70 45 85 82 62 49 18 45 11 71 26 16 96 20 89 6 92 31 56 24 41 98 44 75 38 73 15 78 19 54 83 70 27 5 62 8 46 77 79 79 80 41 67 68 70 44 58 15 4 84 5 18 45 88 1 32 70 14 85 83 41 20 83 70 44 31 85 4 86 60 80 48 67 5 95 23 69 2 52 51 95 29 34 21 6 55 53 71 54
47 75 96 19 25 8 83 57 96 61 85 80 47 69 92 99 77 35 58 25 31 10 35 10 14 53 28 91 5 66 45 31 92 11 34 49 63 2 3 76 13 75 85 90 20 15 36 94 28 97 71 10 51 90 23 76 1 81 17 39 76 20 66 66 4 46 41 82 24 4 37 37 37 5 50 60 7 39 90 87 45 71 22 80 57 26 37 93 73 55 0 55 18 20 51 21 21 64 39 45 47 54 24 3 63 56 41 38 45 74 98 96 57 19 65 28 72 9 37 14 59 3 30 77 62 56 14 33 88 43 37 55 93 62 71 39 88 79 10 12 59 69 18 25 29 56 94 46 44 87 27 80 95 41 27 5 10 73 92 81 48 95 59 91 47 76 36 0 42 1 86 34 35 19 25 41 24 68 17 79 28 84 13
87 8 45 14 11 94 59 51 76 84 34 2 26 15 94 74 20 32 51 93 91 69 24 41 15 34 10 97 39 93 51 45 17 49 9 7 88 47 54 38 22 41 54 64 62 95 13 46 45 1 72 85 11 97 80 90 69 95 80 70 80 27 33 36 67 96 28 2 8 100 92 40 55 26 40 48 42 55 41 59 61 8 33 16 43 68 23 89 62 34 99 68 14 89 42 17 91 96 48 32 20 84 97 82 77 7 38 83 73 64 97 59 0 82 70 91 2 34 100 57 5 42 4 20 25 24 54 79 50 61 13 2 39 52 96 29 3 86 38 72 73 91 100 20 56 52 94 49 17 38 53 24 72 12 4 98 54 58 13 40 36 78 64 70 21 48 18 56 19 10 79 17 96 82 37 34 74 37 19 45 22 55 40
13 39 48 55 13 68 82 28 91 88 17 73 15 56 0 71 98 39 85 82 51 96 4 12 8 32 9 30 85 89 22 86 4 81 45 31 52 0 12 35 28 73 17 19 43 77 71 48 90 20 20 45 59 29 75 87 45 14 45 35 40 0 80 71 5 46 67 46 71 7 87 79 20 67 84 19 74 16 83 99 23 13 33 50 59 26 80 88 38 24 100 74 28 79 60 56 65 91 91 52 90 87 94 93 73 5 79 27 15 7 8 22 76 62 100 5 39 25 50 49 72 30 32 58 16 32 61 92 76 73 60 46 28 16 24 74 77 29 39 67 76 86 42 16 71 51 23 65 35 93 63 29 91 73 75 48 58 60 89 3 55 19 94 51 56 100 22 13 57 69 7 50 1 63 39 46 19 44 77 84 74 5 29
48 24 90 6 2 84 96 41 66 53 45 60 6 76 4 24 82 31 93 99 38 18 44 16 89 7 38 23 22 43 95 78 56 68 6 21 13 29 81 47 96 21 44 90 89 85 33 67 22 71 72 26 59 62 7 25 17 36 59 13 33 34 27 52 42 0 83 10 29 37 13 41 0 59 53 17 93 20 17 59 46 20 54 93 84 14 47 40 78 71 25 50 27 51 70 80 17 26 34 75 39 19 52 72 89 62 35 23 8 67 21 9 56 84 18 43 32 70 14 77 6 81 90 47 44 81 68 84 33 99 60 65 8 47 95 67 51 23 56 55 6 23 72 75 8 99 18 87 85 52 13 95 61 1 43 69 49 28 83 4 33 53 39 11 51 39 49 19 84 91 58 55 55 74 25 24 56 83 6 1 76 17 31
37 26 50 61 86 64 74 0 61 73 97 81 76 22 17 97 0 73 8 78 18 35 52 53 4 59 16 52 44 7 98 94 55 46 90 56 49 38 55 34 22 74 38 90 78 87 46 55 52 7 47 26 21 47 11 52 9 89 47 11 21 40 64 94 18 62 61 63 88 67 9 73 30 26 48 83 1 11 94 43 60 77 24 34 58 7 38 6 82 80 90 49 95 2 68 11 34 47 89 49 25 57 22 99 59 67 60 46 41 86 8 51 4 20 94 5 31 43 46 58 70 93 5 93 76 47 43 31 62 57 15 30 60 19 24 44 21 48 2 49 55 70 16 28 100 18 74 45 96 60 33 48 76 76 52 40 32 84 47 79 28 34 18 55 65 23 97 20 97 95 59 29 23 92 93 21 72 21 2 14 10 75 62
18 24 22 2 90 8 30 32 3 49 93 26 7 42 33 63 29 5 63 4 67 34 70 2 78 72 92 91 40 92 73 26 17 75 96 1 49 64 48 80 10 86 59 83 71 90 32 72 19 20 9 24 79 58 24 53 100 11 78 55 87 21 57 26 96 19 52 66 6 59 0 49 84 5 7 22 1 18 42 66 94 26 22 68 41 42 66 65 22 95 84 21 15 25 80 72 59 96 32 15 6 57 8 93 39 36 75 34 99 5 2 14 88 16 88 8 26 16 38 31 61 83 86 73 33 51 71 54 66 22 1 64 87 65 66 38 15 89 62 11 27 68 80 55 97 14 70 6 4 95 18 38 2 89 53 31 70 56 23 23 75 31 90 51 99 9 55 23 46 76 41 29 93 98 47 0 12 50 25 83 97 32 29
73 72 54 69 27 57 93 74 14 30 91 46 68 26 20 67 89 15 73 62 67 78 77 35 55 9 39 51 69 27 60 85 11 70 93 72 78 4 10 80 66 8 42 96 57 18 62 23 57 14 74 99 31 78 88 73 9 67 54 84 0 29 77 90 88 77 21 87 0 29 25 10 90 71 85 6 100 33 97 16 2 6 10 34 83 65 10 57 58 51 86 87 10 8 20 84 43 4 28 56 95 91 64 8 27 96 75 37 94 88 58 19 74 0 49 39 70 30 60 16 65 37 2 87 57 75 30 30 27 20 72 56 67 53 35 86 14 50 97 27 97 38 53 82 25 65 90 89 63 77 83 96 88 50 6 11 14 65 34 89 33 45 56 68 74 25 75 66 30 32 18 79 32 28 90 84 78 94 34 89 79 83 74
90 75 23 18 44 39 46 35 72 49 65 32 96 90 44 100 86 50 98 26 55 34 37 22 17 20 28 18 38 2 31 33 27 54 31 1 83 77 23 28 65 8 3 29 12 20 37 45 79 12 57 41 68 30 33 29 72 14 15 79 69 26 17 69 22 77 88 54 86 5 70 17 29 97 45 33 28 45 18 14 46 97 4 67 61 51 3 37 8 5 38 69 48 34 85 94 83 14 52 53 34 45 10 100 64 24 68 51 9 59 55 67 1 16 57 94 64 39 37 100 19 60 92 21 29 65 85 80 51 17 62 62 3 27 9 43 94 49 22 90 53 84 24 38 64 9 47 43 32 27 92 48 38 32 79 85 19 80 33 5 87 5 3 23 51 8 82 95 29 96 74 2 32 67 4 44 100 57 1 16 32 4 18
24 61 20 36 44 92 92 58 83 2 12 92 32 69 70 17 34 11 9 62 68 77 12 22 93 36 80 78 59 55 99 86 66 5 76 20 6 12 2 81 60 53 53 59 73 12 52 93 28 73 97 28 30 38 88 95 62 41 59 6 34 20 63 52 25 8 12 40 71 83 21 45 69 90 48 54 87 89 100 44 64 26 84 14 16 15 5 52 10 91 66 70 42 67 71 26 84 81 33 77 58 71 30 45 88 92 1 21 95 0 48 81 94 78 55 99 66 57 99 2 98 99 18 23 39 3 90 97 98 34 71 76 64 17 15 51 1 20 92 49 83 100 67 38 98 99 91 66 100 76 0 48 96 19 62 92 54 36 67 30 23 61 50 30 50 67 46 80 29 79 40 16 94 98 10 16 87 43 45 50 38 24 43
43 64 79 63 78 27 15 3 31 1 2 12 25 83 9 45 88 2 8 82 57 1 2 31 68 9 43 91 44 33 88 10 2 12 81 4 50 46 84 73 46 58 6 70 50 80 34 26 65 67 18 3 42 47 62 42 6 7 26 75 67 5 1 54 98 2 62 74 38 45 42 26 54 15 42 66 49 91 30 88 65 21 26 74 80 95 64 89 31 83 92 16 3 60 96 38 29 2 7 99 80 91 33 44 28 88 24 42 85 8 75 3 95 18 84 72 72 93 19 97 75 21 100 47 75 38 8 0 5 58 99 13 73 70 16 58 74 43 38 1 6 48 8 97 74 79 92 74 11 57 0 17 75 19 71 97 47 61 85 23 50 45 13 29 26 89 0 22 62 86 74 35 27 95 55 14 84 9 93 46 51 13 50
29 71 19 68 65 89 4 89 70 13 34 77 79 51 100 70 87 24 74 0 22 100 10 66 1 48 58 29 55 46 55 28 0 41 62 39 53 65 16 54 45 45 97 53 58 5 99 96 49 95 38 37 80 77 50 94 54 23 90 36 0 12 70 98 5 27 63 91 96 47 2 46 92 45 88 49 30 33 59 53 7 25 67 58 75 92 56 41 19 81 14 73 14 38 67 89 2 39 65 30 17 58 41 74 32 98 70 61 32 68 85 7 13 36 26 22 23 80 25 89 53 96 58 20 99 36 43 69 95 7 63 25 9 33 63 47 16 8 4 16 72 51 94 2 14 5 9 13 55 70 89 0 76 26 72 22 53 92 0 29 63 20 4 46 95 37 87 40 68 50 86 74 41 18 8 58 45 4 66 72 6 93 50
46 38 33 13 29 32 64 79 43 74 5 22 25 71 20 44 46 48 81 9 41 15 5 85 85 16 64 49 45 96 7 82 59 86 29 100 68 84 53 29 61 54 45 78 53 32 99 55 44 72 42 25 43 40 73 39 2 1 62 28 24 98 41 1 99 81 69 22 77 84 4 8 91 21 85 53 3 63 76 25 27 61 97 2 32 28 9 15 33 33 19 45 38 96 79 70 85 15 85 12 15 64 85 39 88 32 36 88 90 33 18 28 99 6 28 42 2 98 13 99 45 6 38 7 96 10 85 79 82 15 34 47 44 50 59 93 13 22 67 95 85 5 77 32 41 92 10 23 46 60 46 94 66 73 51 49 81 25 49 36 95 74 62 80 43 56 1 71 77 51 52 94 21 31 35 18 38 89 64 66 82 19 40
82 24 45 10 32 94 45 100 9 74 59 56 0 95 14 66 0 74 7 21 79 89 84 37 36 55 21 74 51 30 69 9 85 65 97 67 86 15 85 17 37 10 21 85 21 34 24 100 58 90 84 52 45 5 52 56 90 16 76 70 57 13 11 26 45 34 80 38 1 81 29 8 27 98 22 51 74 16 55 34 2 60 21 65 96 22 27 51 29 64 82 45 5 23 42 89 1 56 96 50 2 99 37 26 90 58 74 36 92 56 76 27 94 46 100 24 46 44 44 91 50 75 68 43 77 87 35 8 90 60 42 67 17 99 22 71 11 1 54 42 6 40 30 67 27 95 45 91 75 84 67 84 65 42 15 10 51 73 98 12 72 24 45 50 0 95 73 55 31 72 92 75 39 26 74 81 32 20 28 95 92 71 40
83 37 45 95 91 58 66 81 13 38 86 47 98 34 68 16 59 68 42 76 49 8 73 69 9 68 39 53 50 19 76 15 83 55 14 49 39 87 94 11 78 58 8 42 96 49 41 12 80 61 33 76 14 60 37 64 50 69 69 91 95 2 64 97 81 34 31 33 94 74 44 80 94 71 59 36 38 92 54 13 0 17 76 94 58 88 9 78 77 69 54 63 91 79 39 58 100 83 97 31 20 33 7 16 87 80 99 81 52 52 80 11 20 7 21 20 68 77 25 42 74 3 75 96 40 37 3 57 30 1 61 66 27 19 51 21 65 46 76 27 94 45 97 13 90 65 40 11 67 58 98 8 78 12 97 90 99 28 72 98 85 80 90 58 57 29 27 67 52 67 45 53 49 13 85 19 37 93 96 97 54 98 56
73 88 22 27 75 46 60 77 87 52 96 15 35 72 6 0 77 67 64 50 12 60 81 8 34 95 16 32 86 6 60 41 55 34 74 13 1 50 41 22 20 63 47 92 37 51 96 55 28 88 51 17 59 97 6 99 60 38 28 85 11 27 35 52 41 33 24 62 58 70 84 94 76 21 48 63 52 60 90 76 99 19 86 85 36 28 68 8 81 51 36 10 45 99 80 7 20 45 66 63 92 61 27 31 83 43 34 8 47 54 10 29 95 30 84 10 94 8 45 49 99 13 65 99 37 86 65 70 80 59 23 39 11 54 2 87 28 15 93 57 100 15 32 76 84 46 10 74 75 83 98 6 39 88 49 56 52 64 93 36 12 54 23 78 48 26 58 31 35 8 39 79 39 27 64 42 0 49 55 51 62 60 86
28 78 95 36 23 7 15 54 70 73 100 51 77 87 36 95 43 12 71 11 3 50 71 97 79 82 20 56 84 39 32 41 91 92 6 100 20 13 49 85 28 63 15 22 26 28 43 13 32 8 69 68 39 93 25 9 75 98 20 62 68 4 50 29 56 28 11 12 46 45 46 85 90 27 60 20 68 83 28 75 53 79 27 57 83 22 66 59 53 15 6 89 100 43 22 3 68 18 15 13 38 16 23 22 20 76 66 100 79 15 1 39 49 54 14 56 1 99 22 77 38 83 18 18 31 58 80 31 79 90 70 77 69 11 84 47 99 28 20 100 51 58 78 27 22 55 18 42 98 55 47 31 34 60 14 43 85 68 8 23 43 57 23 69 47 2 3 86 23 66 6 86 12 90 51 24 92 3 74 77 62 54 72
26 95 97 65 80 39 33 22 47 100 9 11 34 17 8 60 82 10 94 28 8 62 38 81 11 99 9 28 61 12 1 83 93 74 64 70 78 98 29 15 46 78 26 16 44 0 5 22 67 91 39 63 34 52 28 23 38 46 84 49 94 45 90 90 87 33 27 54 49 71 53 70 14 40 38 80 79 17 52 84 51 79 93 97 36 27 3 81 81 11 10 78 6 61 58 56 45 3 34 2 71 81 23 94 47 38 19 44 46 81 81 34 59 53 99 32 71 65 30 37 98 28 39 54 66 50 12 91 19 36 30 69 14 44 36 68 89 67 20 87 43 48 9 68 34 4 29 17 1 52 28 13 11 47 89 38 37 54 21 75 78 18 94 72 64 99 88 74 78 11 19 76 22 52 59 35 62 60 75 20 58 49 79
22 16 63 19 90 2 11 36 60 52 25 51 25 37 14 85 61 25 14 7 31 4 23 71 0 77 81 37 27 80 100 26 91 43 73 0 78 72 0 17 42 82 92 39 41 53 29 82 42 55 61 60 76 47 45 43 71 36 63 59 11 76 48 99 37 5 43 39 23 93 46 65 77 2 42 51 28 33 42 53 65 16 93 13 92 83 26 53 78 13 93 94 20 90 56 16 55 93 36 46 33 62 95 61 29 55 8 3 3 84 42 39 61 43 62 85 44 57 78 88 70 19 78 42 66 1 78 78 71 11 46 41 70 31 7 81 71 39 16 76 52 48 16 26 15 4 62 81 14 98 20 29 23 34 14 54 5 92 35 24 39 49 31 39 32 99 80 7 90 24 67 86 28 7 59 43 72 90 8 1 28 95 85
43 63 70 82 32 75 64 69 20 34 1 44 9 5 66 36 39 3 68 62 40 24 95 60 15 49 51 63 9 37 1 27 74 44 27 47 41 89 88 3 14 30 85 54 5 78 14 88 29 6 51 22 17 16 97 34 45 71 92 30 88 83 23 25 56 85 44 83 99 67 12 2 49 99 1 20 85 100 79 19 28 75 48 23 99 52 78 91 33 63 84 56 2 12 58 93 18 100 41 3 39 81 9 51 95 10 14 8 78 31 98 21 32 82 61 76 25 21 40 4 94 13 5 64 32 92 57 5 36 38 99 52 7 50 54 100 6 70 88 80 79 34 71 42 37 10 67 68 67 47 34 83 95 53 51 100 82 8 49 94 2 25 88 9 88 95 77 40 56 54 50 67 87 40 25 21 96 83 14 50 36 62 8
48 11 65 2 28 93 56 81 86 1 15 48 15 18 3 95 76 66 17 62 27 65 38 77 5 23 89 46 11 73 7 90 51 96 38 21 32 79 31 9 54 8 97 76 79 90 61 80 26 57 30 6 27 10 56 22 29 56 82 25 23 50 81 15 42 84 66 85 38 37 7 79 92 16 18 39 51 43 78 22 59 75 69 15 8 9 85 2 91 93 29 49 93 47 71 60 67 21 87 4 21 46 9 56 68 44 86 63 1 76 46 74 35 19 41 30 54 0 38 26 75 86 64 19 39 18 86 86 43 67 84 68 46 5 25 74 60 31 21 30 88 4 74 97 44 37 29 35 88 57 67 64 75 95 35 11 81 9 95 86 48 94 80 43 14 98 87 99 54 48 63 83 92 47 9 48 89 2 77 1 30 94 71
94 7 16 96 38 88 3 94 26 99 42 85 59 29 72 28 52 70 44 74 75 52 66 2 46 81 86 12 74 11 78 8 90 24 46 93 51 47 15 47 85 36 32 89 41 19 99 35 49 5 58 36 5 15 63 32 65 1 75 30 85 51 22 46 88 98 42 61 7 38 59 48 34 60 75 15 35 86 7 60 97 80 69 29 3 16 31 28 65 2 68 84 94 19 97 47 8 87 91 76 52 56 28 58 53 43 77 82 68 95 86 17 33 20 33 62 74 53 31 76 13 42 49 2 18 98 76 82 27 14 89 35 8 72 9 70 37 17 69 46 94 62 9 96 65 13 95 36 46 65 83 54 45 67 88 53 67 47 72 11 67 66 87 71 87 40 73 81 14 83 28 75 66 16 34 60 91 6 12 12 18 13 39
13 9 19 29 48 58 4 92 7 79 59 5 50 98 27 74 45 47 76 15 95 72 49 7 28 56 15 7 57 93 23 46 81 99 22 35 40 47 66 76 46 14 38 64 67 2 26 41 64 89 70 1 78 89 41 61 8 9 45 91 85 70 6 61 20 35 5 1 6 99 42 77 5 92 66 99 24 98 76 3 78 5 7 26 43 13 16 89 72 4 82 14 41 20 73 23 40 89 3 68 73 93 14 20 74 78 9 38 6 77 74 39 97 4 8 74 36 51 65 65 35 33 51 38 82 98 22 81 1 33 68 100 30 10 79 89 6 76 10 22 100 90 23 94 13 91 63 10 6 88 91 0 39 8 86 50 18 1 91 79 13 87 27 17 6 47 85 3 48 49 78 52 34 6 95 64 15 45 89 31 69 78 10
19 52 86 100 48 75 5 72 36 2 67 21 16 9 76 74 21 36 10 88 73 76 86 12 39 88 93 34 10 62 36 53 19 15 59 80 38 24 9 59 47 77 19 70 61 12 3 28 51 57 9 44 99 95 16 23 92 71 34 98 51 82 75 87 97 85 60 68 12 79 56 74 33 25 53 100 20 0 17 26 29 74 36 80 20 35 93 49 72 3 45 82 84 87 100 0 90 7 83 67 90 39 17 40 86 28 36 1 24 75 64 61 84 74 52 10 37 5 71 81 96 24 14 26 18 35 68 62 11 25 93 13 80 14 96 6 50 30 23 84 2 1 34 24 33 34 13 1 67 41 22 99 42 71 45 70 42 22 67 39 71 30 46 24 99 48 47 50 16 70 97 70 90 1 50 99 26 5 43 86 6 11 74
13 91 73 81 46 10 62 43 22 28 26 31 45 80 56 46 35 16 67 98 50 28 59 37 75 98 58 54 22 27 75 74 36 17 85 57 92 51 93 97 41 61 12 46 10 9 94 74 71 39 44 33 73 35 4 81 77 95 38 44 47 62 39 1 43 88 95 90 93 65 0 36 26 62 56 8 58 44 14 67 77 99 41 97 70 23 46 1 65 29 73 65 52 83 90 18 38 4 46 33 94 50 22 17 44 36 10 82 23 31 38 17 52 41 70 54 3 49 76 82 91 24 53 45 77 43 23 90 40 9 57 38 87 55 41 87 4 52 21 37 70 0 33 5 90 68 99 83 88 74 11 16 7 100 28 80 77 14 25 18 9 12 76 9 53 36 39 95 87 51 6 48 59 84 72 75 77 75 75 10 83 22 72
67 1 39 56 43 84 30 57 98 0 16 27 13 55 14 33 40 17 3 66 39 44 41 94 8 74 40 48 79 51 79 7 64 94 84 49 15 65 65 82 49 11 68 82 37 87 11 87 57 22 25 49 39 58 25 16 69 80 55 76 7 39 17 97 16 100 18 47 10 17 98 26 82 35 52 83 20 28 85 76 52 59 26 0 11 89 93 28 20 62 68 19 34 36 98 75 82 54 10 90 16 64 52 8 30 49 48 18 61 65 35 41 8 51 33 0 97 75 20 91 72 1 64 58 84 23 22 90 38 38 84 56 46 88 8 25 51 46 97 76 22 53 2 39 25 7 36 23 58 83 41 64 64 54 76 39 38 86 48 74 51 34 84 3 89 18 79 34 19 26 79 100 45 18 72 22 76 68 100 84 88 13 72
0 0 3 65 96 57 88 19 15 36 31 55 56 73 87 53 71 98 50 45 63 49 100 10 0 82 80 67 48 17 10 85 11 48 75 66 82 52 46 10 22 71 65 67 28 73 28 83 53 91 38 57 45 15 19 61 93 34 11 16 17 15 24 54 16 98 5 96 11 87 37 3 31 12 88 77 0 6 56 70 27 78 35 17 95 99 24 68 67 31 61 53 91 53 60 0 50 44 74 74 6 56 10 59 24 2 26 18 0 91 86 70 7 41 61 64 77 100 89 79 72 11 82 50 91 70 95 18 13 95 15 68 84 75 41 71 5 48 72 13 13 49 62 68 72 81 14 19 94 42 59 23 47 66 36 42 13 19 46 87 84 45 13 59 4 63 0 64 12 10 61 47 55 23 1 62 60 79 74 11 8 2 71
6 22 91 65 37 65 4 95 25 57 45 78 95 60 84 25 75 71 58 93 38 20 23 91 31 53 41 32 64 82 98 57 58 94 59 40 87 7 46 52 99 6 14 78 80 90 11 19 40 69 30 16 72 9 52 48 20 49 90 6 30 68 85 51 26 69 28 6 93 20 65 48 10 3 69 35 50 75 46 51 47 80 8 10 5 88 78 71 82 14 64 22 50 37 80 78 10 20 33 57 53 23 70 69 96 16 23 32 51 64 15 90 48 55 48 57 32 96 56 4 32 83 82 12 61 6 95 33 6 3 62 25 52 73 3 53 17 51 86 0 47 1 33 18 89 0 63 68 20 90 20 21 80 51 34 40 9 75 84 74 15 38 89 83 84 0 4 86 95 54 61 30 12 22 4 81 6 83 85 49 53 77 33
42 73 91 47 23 8 0 64 89 17 54 30 10 84 58 49 44 9 43 76 67 0 70 99 89 43 42 0 100 54 77 61 15 10 93 14 24 28 40 66 48 52 7 1 50 50 73 23 52 11 22 8 29 47 55 77 76 90 79 58 68 60 28 25 91 48 50 92 60 72 64 6 66 47 23 8 46 85 42 16 15 16 88 59 31 0 97 37 92 64 98 17 11 88 66 58 54 73 71 45 71 56 2 32 23 79 8 90 62 5 76 34 50 97 8 46 86 60 35 79 46 43 33 60 71 26 9 3 6 54 64 79 51 42 69 18 60 49 28 58 69 100 34 61 67 92 85 93 7 0 89 62 44 97 18 65 40 97 75 46 10 8 58 90 39 83 89 25 36 32 25 93 57 10 12 91 26 66 21 1 19 58 20
79 94 8 44 39 42 88 11 51 77 56 23 90 64 34 48 86 69 52 94 87 79 48 25 81 55 32 25 35 60 33 28 53 69 96 33 58 63 46 27 75 50 66 19 29 78 15 50 55 46 67 13 82 47 13 9 42 6 83 91 52 56 85 7 66 69 53 84 82 35 86 66 39 69 73 26 79 47 37 17 75 71 55 74 93 94 86 25 78 33 8 76 47 90 65 36 11 4 48 79 98 61 53 54 46 32 43 58 58 99 25 54 40 95 17 26 58 33 56 58 44 39 39 96 35 92 97 60 100 99 75 61 9 24 80 4 34 92 64 99 11 45 62 13 78 17 72 49 42 75 16 15 19 82 77 58 44 74 45 27 91 52 44 77 73 44 65 11 35 20 73 89 87 7 7 75 33 22 65 15 50 73 99
60 90 90 30 35 86 13 60 49 45 38 73 22 1 76 43 31 3 60 14 55 41 39 49 77 18 91 38 24 17 75 94 26 14 30 58 12 56 64 72 19 29 97 66 51 75 48 35 88 20 77 12 81 12 97 69 21 7 92 7 89 83 77 64 25 5 15 63 64 57 66 78 86 79 33 85 3 94 17 56 98 12 8 73 65 14 5 26 42 62 11 29 26 81 95 85 92 76 61 96 45 69 44 24 0 6 19 48 16 93 8 35 83 25 10 12 82 59 50 82 66 24 11 24 91 100 15 54 32 76 21 24 22 20 24 52 69 39 23 51 65 46 17 18 35 82 0 79 37 76 34 90 32 6 73 35 18 99 33 84 78 57 74 6 65 13 93 80 24 16 64 73 86 52 66 48 4 52 17 14 57 20 83
31 67 68 36 42 12 0 1 99 84 91 30 85 7 57 73 69 74 30 30 36 6 24 72 92 2 45 51 32 49 7 0 65 76 38 93 48 20 45 51 39 14 4 80 58 7 47 13 25 84 76 68 54 88 28 2 75 77 59 67 43 21 97 23 11 29 25 48 92 38 40 21 93 50 7 47 52 23 100 80 31 65 25 82 35 95 47 6 93 13 2 25 7 80 45 68 56 78 1 60 67 13 59 87 54 60 95 11 56 31 52 69 17 87 86 91 97 64 61 100 21 54 68 54 60 99 73 41 9 91 2 43 25 89 64 62 64 80 50 64 6 63 60 38 25 51 22 0 49 66 37 78 78 68 27 41 60 35 60 60 92 35 66 15 43 66 39 8 62 16 24 77 65 27 79 38 75 76 50 67 97 56 15
77 79 62 86 63 28 86 66 14 91 48 97 2 18 93 51 60 83 36 36 55 94 22 66 81 8 67 49 24 55 17 47 79 48 8 8 7 21 33 12 96 96 60 20 91 86 73 72 45 53 92 57 7 42 46 51 54 38 42 69 12 85 73 44 41 46 77 20 40 15 24 40 93 43 23 50 49 73 71 40 15 39 9 39 78 8 81 88 4 4 44 36 91 59 58 17 46 71 99 17 55 71 17 86 40 84 3 15 91 66 60 67 70 27 13 34 17 3 100 8 63 13 19 18 48 53 63 58 27 17 45 31 52 53 89 80 45 69 59 42 3 34 96 13 31 49 67 12 19 82 11 15 12 91 40 32 18 25 60 24 55 51 90 80 93 91 90 20 14 87 4 47 58 76 31 24 47 66 5 50 82 93 1
21 24 49 96 31 25 35 19 15 45 16 47 39 41 36 55 95 14 100 12 36 98 43 4 92 54 53 66 99 100 81 82 77 31 70 87 9 61 98 41 93 34 84 47 18 69 0 83 8 80 46 42 57 65 100 30 87 33 5 80 51 25 88 97 93 28 80 15 37 71 58 65 61 25 90 98 95 87 71 30 36 86 61 93 25 54 10 51 96 21 60 49 25 68 72 3 16 41 67 76 50 71 32 54 79 27 38 19 78 45 18 94 51 35 8 12 86 22 81 32 28 18 56 48 35 57 89 37 42 78 68 95 13 99 54 43 50 93 24 31 27 19 76 49 98 49 3 4 74 23 21 75 2 71 23 47 54 73 11 96 8 81 48 65 86 86 78 8 49 4 74 43 63 24 86 76 51 73 19 24 17 8 12
23 56 65 43 79 47 49 65 49 34 47 96 94 6 8 51 40 20 75 84 11 75 29 62 71 34 44 63 98 36 21 81 13 2 67 23 66 16 81 31 43 5 87 93 31 97 10 85 59 66 7 49 59 93 49 87 79 61 34 30 67 80 39 58 75 2 48 46 61 38 68 87 15 63 80 6 56 58 91 67 25 54 45 1 49 40 92 38 37 34 74 39 46 50 16 59 94 10 27 33 27 89 67 82 26 26 60 8 33 45 18 13 19 24 24 67 72 80 52 14 16 28 95 8 98 21 76 43 3 22 6 27 31 95 69 97 79 34 55 26 44 56 73 98 2 86 68 62 72 1 81 52 84 31 88 20 93 65 33 19 93 35 75 11 55 93 26 42 42 100 77 94 26 87 58 17 78 15 54 35 24 7 93
100 81 31 34 95 32 16 52 50 31 97 50 4 72 21 96 67 23 32 49 66 64 96 19 37 70 27 60 36 0 12 23 37 56 60 73 36 46 57 71 13 68 74 70 10 93 74 9 48 81 57 36 30 77 80 47 60 48 53 74 35 24 39 97 81 71 61 3 90 45 66 85 97 46 24 70 92 54 98 62 1 15 96 31 96 3 70 60 86 10 19 31 69 92 55 64 7 86 17 17 42 13 86 68 72 39 15 70 47 87 53 42 38 54 86 28 42 91 0 74 40 19 21 95 33 82 45 51 65 93 4 58 4 51 7 62 55 1 33 29 11 62 32 31 10 16 95 3 8 65 15 85 16 41 18 92 11 92 86 5 12 77 73 94 87 54 5 58 20 89 60 33 93 46 36 16 51 35 54 53 76 82 21
30 90 52 29 28 60 33 46 81 39 90 22 40 6 78 27 8 49 93 90 91 86 78 57 10 96 82 91 98 13 87 94 29 3 33 42 68 7 34 66 75 96 95 76 66 98 42 72 46 48 72 74 75 66 27 93 38 68 91 57 91 22 13 78 6 68 11 42 70 17 16 95 96 12 48 42 91 31 66 18 11 88 74 38 39 53 15 65 76 77 17 17 7 99 21 61 39 82 10 44 68 14 67 68 17 93 23 6 44 6 85 78 36 24 51 27 31 66 51 38 80 58 50 41 49 54 44 76 91 25 99 63 33 12 22 54 89 88 24 94 4 94 44 46 94 0 16 14 20 8 53 17 80 83 52 94 18 82 34 44 5 13 68 61 91 35 7 86 11 89 5 76 53 52 71 93 78 19 32 40 46 57 58
81 6 45 2 69 3 11 82 58 99 48 79 4 18 21 6 74 68 20 66 43 5 33 6 17 100 41 21 78 44 57 59 12 8 22 53 37 70 32 80 53 46 77 94 95 22 86 39 87 68 0 3 74 23 7 70 4 13 78 84 44 75 85 59 43 92 11 42 94 66 54 90 10 14 29 4 87 17 23 97 12 50 93 6 78 5 76 38 60 45 27 99 51 51 2 77 1 69 36 57 35 10 6 10 36 9 60 46 92 13 7 92 69 14 29 29 83 11 10 25 61 22 77 77 56 90 21 51 22 57 44 77 0 90 1 2 29 92 78 38 77 51 70 44 66 51 60 4 8 54 11 7 68 96 68 67 4 69 56 92 7 97 0 36 2 31 94 36 6 18 7 62 26 76 92 45 73 79 28 29 5 86 97
93 55 57 7 0 66 37 44 99 89 39 34 81 12 79 45 94 99 90 85 21 4 45 65 93 95 16 70 46 71 66 81 57 11 60 34 90 87 71 31 65 39 41 20 81 24 66 16 95 100 53 60 31 98 61 28 69 36 2 89 39 19 31 52 27 34 91 19 86 89 9 81 53 53 31 58 36 50 56 61 63 32 11 59 67 50 61 21 83 55 47 60 100 28 59 85 14 12 58 1 57 98 24 90 57 17 50 83 2 87 8 18 94 13 66 12 16 12 82 45 24 49 0 20 40 43 61 80 81 78 24 95 25 25 99 32 23 72 1 38 46 46 13 89 61 62 25 61 51 23 94 59 7 45 31 56 58 31 99 91 18 44 0 32 96 26 35 57 6 42 95 27 83 53 63 52 97 25 7 35 42 60 10
46 64 61 50 58 41 29 35 25 5 30 18 33 58 95 42 78 34 98 33 21 81 64 31 9 38 21 63 88 63 78 83 81 49 45 35 57 87 16 15 11 3 17 15 62 99 68 12 58 4 80 93 48 13 4 41 65 11 84 1 0 65 89 17 89 37 68 56 10 88 39 90 78 12 94 89 31 99 73 59 42 8 79 45 69 97 32 66 82 55 8 10 62 60 98 39 56 62 3 80 95 57 91 61 15 62 77 30 23 96 25 18 39 45 69 91 57 54 54 49 86 31 83 38 28 34 14 17 46 73 13 77 24 34 87 49 7 46 82 21 96 59 75 58 28 11 76 18 7 99 30 0 38 57 97 56 14 78 63 97 54 68 7 58 96 63 15 38 92 5 74 45 75 22 17 19 74 77 52 28 41 2 49
48 14 40 44 6 20 18 27 22 53 64 24 42 55 13 8 35 82 17 100 80 53 44 98 19 17 5 30 16 75 87 94 77 5 5 91 53 84 24 53 91 11 77 39 69 7 63 44 75 90 71 81 74 44 96 21 83 36 29 77 25 20 17 41 92 100 31 77 35 62 96 77 90 46 49 27 42 56 28 7 6 71 28 58 20 100 56 48 77 54 33 8 69 56 56 78 63 46 64 9 22 74 1 28 94 42 11 76 65 29 63 79 74 86 17 69 54 34 75 41 68 31 30 62 38 27 93 16 25 15 100 19 68 13 95 83 8 7 5 43 94 42 56 34 37 28 99 96 61 91 12 74 18 74 32 32 58 80 59 56 48 97 41 83 15 61 44 88 68 51 89 55 49 32 63 30 78 84 69 91 23 25 12
89 65 14 100 6 60 84 19 22 42 81 38 75 44 47 76 63 64 27 91 30 24 45 73 32 42 81 58 43 18 28 10 29 52 10 26 48 64 32 36 35 96 91 89 95 50 35 89 8 55 82 59 11 28 89 6 17 41 58 7 12 79 29 87 71 48 41 29 91 74 13 87 22 42 79 21 90 84 1 73 10 34 88 84 13 53 30 41 29 76 44 52 1 80 46 89 66 64 2 75 85 20 22 89 69 60 35 75 83 95 4 100 15 71 90 66 80 93 10 32 67 33 90 60 90 49 55 57 22 45 4 63 39 84 2 55 29 7 71 83 42 29 25 11 92 93 67 61 36 1 41 25 46 58 79 16 71 56 62 26 3 36 34 27 42 5 30 15 33 87 21 71 20 32 85 79 88 17 70 88 94 45 30
78 15 11 92 51 66 9 74 83 90 26 66 5 80 59 32 98 43 92 13 92 99 29 4 32 70 31 2 24 68 70 68 21 73 30 11 20 68 11 52 36 20 37 75 6 70 82 28 53 27 37 52 52 1 94 37 55 98 88 91 32 1 43 47 96 12 22 27 11 58 78 65 39 15 55 41 65 82 43 73 76 85 27 24 45 34 74 20 49 2 12 68 19 10 61 21 65 43 67 19 45 71 50 19 82 61 45 98 74 2 11 23 47 38 89 17 21 12 43 58 84 90 16 1 13 99 7 81 75 4 20 72 22 78 36 24 55 54 81 64 79 6 30 28 95 83 86 91 26 11 82 16 44 93 15 27 75 52 2 59 44 71 28 37 61 19 35 80 59 77 34 5 22 5 90 95 15 43 42 33 72 30 56
100 11 63 12 71 93 97 53 13 9 70 38 53 84 73 12 47 25 0 17 97 43 25 39 34 86 11 67 69 98 96 74 1 84 37 72 54 72 13 69 75 39 58 54 42 23 35 64 60 33 23 2 19 8 98 100 55 3 79 70 82 48 60 34 73 21 26 16 21 16 36 41 9 76 98 92 23 12 76 85 89 66 42 1 82 84 73 45 95 72 54 82 31 88 4 6 59 85 82 89 6 94 4 65 32 61 9 68 86 43 24 55 13 98 42 65 94 35 25 34 63 48 94 97 10 61 25 16 90 99 37 87 64 26 78 6 45 89 49 12 34 87 21 68 20 63 17 52 77 58 71 18 45 63 83 95 14 21 15 23 59 9 41 19 45 51 47 62 50 60 25 91 42 97 46 14 56 0 56 20 74 76 33
40 47 82 97 85 82 48 15 24 32 40 86 83 48 98 17 50 0 44 49 63 51 48 47 30 33 9 90 79 7 23 35 12 29 37 62 81 83 88 89 55 57 50 78 27 76 24 93 70 21 85 8 7 81 18 96 70 95 54 14 9 80 51 93 18 40 49 5 19 31 0 94 79 50 58 93 33 93 55 42 28 89 76 36 9 66 46 19 46 7 26 42 98 71 6 78 83 98 18 97 21 85 12 27 71 40 53 24 27 22 61 76 77 42 74 11 34 18 44 30 64 71 53 19 81 94 91 2 41 89 18 71 89 61 62 68 59 90 94 34 21 78 59 65 10 25 30 78 80 59 47 26 27 92 71 40 76 62 26 16 93 96 57 82 97 40 77 78 91 92 76 74 34 3 78 66 31 91 25 95 61 38 40
8 66 15 83 61 71 30 92 41 84 46 41 3 11 63 8 94 57 63 67 51 65 32 22 84 44 41 37 80 95 95 13 89 44 41 42 50 100 34 16 41 53 44 29 19 95 89 9 35 16 92 15 90 82 21 21 97 62 23 69 38 14 6 50 16 17 68 27 67 84 61 78 10 42 69 83 97 10 39 8 17 77 98 47 60 81 74 58 56 62 53 83 81 23 54 42 35 30 18 42 21 36 39 98 76 100 50 94 78 65 27 44 64 59 57 82 36 48 5 46 68 79 44 46 87 16 89 78 95 65 76 43 5 48 72 68 39 32 79 31 78 74 69 94 52 24 66 38 66 14 88 21 77 87 84 23 76 15 75 0 75 15 13 28 74 73 75 20 59 54 50 49 85 5 81 52 54 94 47 19 98 61 32
66 56 80 52 7 100 48 40 51 33 10 51 91 7 4 86 39 6 67 30 8 48 26 99 29 93 61 59 5 24 0 23 43 30 15 98 34 72 28 95 2 37 42 81 17 44 30 68 20 43 10 12 49 6 13 47 31 14 49 100 49 67 44 99 33 24 45 26 18 76 97 55 38 51 19 29 17 12 41 76 27 87 85 96 54 36 31 73 52 39 70 42 70 18 79 2 6 33 5 31 79 15 93 56 40 61 67 100 43 15 43 5 68 55 92 51 85 76 98 0 1 22 62 65 22 74 33 2 63 93 12 47 53 86 19 34 26 43 63 95 8 73 21 60 92 69 90 33 2 55 53 18 55 58 49 59 11 30 28 85 48 17 46 72 61 81 95 44 55 21 20 66 13 1 0 33 20 24 52 89 85 76 15
98 13 64 88 19 67 79 90 69 71 6 43 57 12 68 11 30 69 2 5 22 64 70 19 35 95 93 89 15 44 86 98 1 91 93 58 5 3 85 25 33 80 98 28 73 48 68 78 62 57 85 87 4 95 30 84 82 14 72 5 12 73 57 29 38 13 71 10 67 59 56 8 8 60 93 48 94 5 8 33 99 6 49 93 35 58 1 68 95 32 60 9 33 14 79 1 49 82 6 32 83 45 78 82 86 27 71 84 1 62 43 7 85 85 50 76 32 17 63 58 88 62 10 81 49 34 79 45 74 36 55 23 98 96 77 18 76 76 17 27 32 45 26 1 53 42 54 96 88 53 91 86 56 27 53 36 96 94 34 93 62 95 40 88 48 7 60 19 26 97 80 91 84 29 96 71 66 91 65 89 81 39 33
49 18 96 73 42 26 3 3 19 6 4 10 85 45 63 25 73 89 53 47 21 79 13 52 25 71 15 40 17 20 5 15 53 9 28 97 32 99 97 76 94 11 13 34 80 91 84 87 37 60 72 41 0 57 93 75 18 80 74 70 64 11 94 83 3 99 49 75 59 83 41 89 63 24 74 84 44 58 18 94 90 52 3 27 63 29 78 18 63 26 84 0 50 50 86 54 34 62 74 0 56 73 77 71 70 19 2 41 31 7 89 22 45 98 53 62 92 62 74 14 32 39 16 3 73 30 100 3 22 15 23 99 85 81 79 54 11 23 95 68 32 87 10 65 20 38 39 45 73 39 46 94 69 44 76 4 81 29 41 78 11 11 76 67 95 99 9 81 72 3 5 7 27 65 21 66 60 55 10 70 5 51 85
96 6 100 37 8 81 55 50 98 40 48 21 11 15 96 2 97 36 30 90 82 27 72 41 93 86 6 43 33 55 90 72 51 86 64 0 42 60 85 64 93 75 26 93 96 39 97 36 88 38 40 58 21 39 78 42 97 89 86 85 6 32 50 47 26 84 62 83 42 71 38 58 22 45 18 29 36 17 43 54 50 52 63 11 73 96 4 99 63 11 57 39 62 87 19 22 7 10 6 67 71 31 85 35 34 2 96 47 17 98 46 23 48 7 77 36 13 32 35 59 58 52 21 76 99 42 87 12 76 98 46 0 59 89 63 11 89 38 65 63 75 88 86 93 22 97 81 7 11 81 53 24 50 1 72 96 52 68 30 90 78 6 59 51 57 69 47 29 56 58 41 39 73 82 39 76 2 74 77 14 76 29 10
62 71 57 22 3 78 14 82 19 32 6 100 33 32 5 82 100 88 9 55 10 83 72 5 83 98 84 27 69 56 87 56 94 15 96 69 80 52 56 28 48 57 79 18 85 0 8 79 69 96 86 22 89 30 37 36 35 49 69 66 63 25 42 1 55 52 17 34 90 31 68 43 87 95 23 49 31 13 69 3 7 20 11 63 10 76 94 86 75 95 1 89 36 0 78 88 46 64 84 72 41 6 78 16 78 91 70 16 45 69 8 70 58 57 24 61 28 41 10 95 33 6 100 93 13 74 2 78 33 57 48 92 51 28 50 59 48 64 89 7 53 70 32 93 60 62 56 58 27 31 61 95 51 28 35 25 9 70 9 2 59 55 6 70 23 26 86 36 43 10 69 55 54 55 90 39 25 91 67 95 87 48 81
99 49 79 12 0 15 96 19 96 10 82 35 90 9 40 58 16 52 78 46 80 93 70 44 88 75 69 73 91 78 92 84 71 95 70 82 38 81 34 90 37 87 7 60 2 80 42 11 80 98 100 81 26 62 84 44 31 73 51 79 46 82 45 79 57 30 12 50 20 96 30 46 82 58 57 1 40 25 20 18 36 42 98 69 69 32 51 55 87 45 68 33 27 41 24 34 6 31 79 7 4 88 90 19 54 86 68 30 60 44 93 40 23 68 24 4 33 23 32 66 8 31 80 68 9 85 74 38 17 53 84 94 76 52 56 49 96 86 92 54 94 65 39 86 13 37 5 98 32 41 99 47 77 96 15 42 22 50 64 74 49 32 85 44 65 10 94 73 11 41 20 67 74 73 65 31 73 30 66 26 13 2 1
2 40 46 23 43 11 25 28 43 39 12 18 89 84 11 48 28 0 7 74 79 96 1 35 56 23 72 42 44 45 4 71 5 44 42 14 34 3 67 88 49 25 45 47 45 46 60 50 100 54 33 67 37 68 75 46 25 100 51 3 4 21 12 36 59 13 38 75 88 63 63 79 39 10 6 7 69 40 10 42 3 10 15 85 79 87 83 45 56 20 16 57 63 100 25 53 53 98 41 56 56 96 57 61 86 70 97 50 20 60 71 16 68 41 81 5 57 61 8 61 90 89 73 100 88 59 7 44 57 85 14 61 19 40 21 88 32 10 33 67 1 72 98 93 39 86 30 71 89 70 1 97 73 32 25 40 83 71 69 83 31 87 78 78 39 11 60 47 14 22 65 20 51 85 41 38 48 49 57 59 54 61 90
35 74 52 3 82 5 14 63 61 15 48 87 19 30 30 89 23 71 7 7 66 37 73 50 22 70 55 16 40 99 76 97 84 57 27 67 15 81 65 4 22 74 59 95 48 64 49 15 39 99 65 41 41 15 36 44 29 15 42 72 16 71 29 39 42 36 37 38 49 0 42 57 25 43 64 77 5 23 85 79 72 64 84 96 45 76 8 86 94 6 19 74 12 71 58 19 42 9 92 45 79 19 40 55 57 67 59 32 96 99 80 51 19 9 99 23 40 27 68 52 99 48 53 17 77 71 0 64 20 21 37 24 79 54 80 27 38 35 97 12 12 24 31 86 58 22 73 60 60 50 92 4 53 96 89 15 1 35 80 13 39 31 9 82 49 100 94 72 80 44 50 14 30 29 2 96 36 67 9 19 6 29 8
88 95 6 63 35 9 5 41 65 78 65 60 40 69 100 67 88 29 92 54 83 69 8 86 75 81 69 8 72 41 8 95 42 97 57 80 20 55 71 55 56 67 15 54 68 11 75 2 18 75 37 18 71 81 49 11 37 10 72 17 60 82 54 25 7 67 19 3 31 11 50 19 57 62 53 3 93 51 52 88 78 94 94 51 0 40 58 27 31 62 5 7 73 79 8 95 100 67 52 40 24 11 48 84 44 19 91 66 71 50 36 30 96 9 87 62 86 16 55 22 75 11 42 29 46 78 93 99 0 33 97 29 4 27 63 39 36 22 1 48 14 17 24 22 63 26 12 76 83 35 96 55 2 70 84 54 66 43 94 58 1 12 13 86 0 75 31 9 12 23 1 19 35 72 68 93 61 50 67 53 58 44 32
99 19 83 91 17 62 61 31 66 7 22 48 37 99 32 7 90 37 68 12 98 33 12 78 79 54 31 93 48 83 7 36 94 47 94 92 54 95 33 35 93 88 59 39 99 16 73 36 91 76 9 19 56 43 32 92 27 47 15 5 59 3 75 36 36 87 78 33 17 11 19 17 85 53 75 39 62 75 17 67 42 78 67 19 74 62 83 43 14 57 14 40 77 47 0 84 15 99 64 1 8 96 56 23 7 29 61 72 50 68 52 96 88 80 63 49 85 29 79 10 5 44 65 18 94 2 64 99 80 100 92 61 8 34 33 30 11 46 97 26 76 87 35 83 5 95 71 74 43 35 48 73 38 55 98 38 42 52 17 28 28 46 9 68 77 76 84 43 29 29 10 3 29 44 82 10 45 41 49 67 2 0 28
29 70 60 88 82 75 85 73 82 80 57 62 28 50 65 77 42 93 93 49 74 93 94 30 57 68 33 30 49 95 8 49 50 42 28 61 17 99 93 68 18 20 80 80 36 98 94 17 52 71 50 62 75 36 9 86 25 27 35 54 93 68 52 57 26 47 92 0 51 66 14 18 18 94 33 84 57 24 36 21 27 25 78 83 98 61 77 32 81 63 20 33 83 87 93 50 61 86 91 4 4 16 63 94 70 19 95 13 38 56 66 12 75 72 82 1 11 8 40 80 4 18 36 91 53 55 60 41 56 58 53 19 0 27 90 1 41 45 52 76 35 74 83 83 81 57 47 88 69 54 50 63 67 67 35 30 96 8 83 66 42 24 14 96 21 86 79 71 7 75 6 22 21 79 100 40 54 78 40 95 25 61 34
100 65 34 35 65 38 56 97 76 83 90 61 82 45 21 77 86 68 41 7 97 73 8 30 83 87 19 67 52 69 82 64 1 43 81 60 15 71 84 32 28 0 89 79 19 6 55 70 36 72 51 15 91 61 87 36 26 24 65 58 71 82 6 15 13 13 30 62 38 36 2 40 1 28 21 7 41 2 99 57 54 96 30 21 49 25 18 90 12 1 66 25 73 62 2 78 36 2 71 95 14 48 20 48 83 39 7 85 22 22 21 84 28 59 21 71 10 38 73 34 31 72 75 50 74 68 100 25 70 43 75 8 37 14 92 34 89 7 37 26 64 43 60 100 13 68 52 10 30 79 44 22 80 57 80 98 33 28 88 87 33 79 37 11 43 71 47 17 89 58 99 87 100 93 67 49 78 45 73 94 53 86 66
13 38 57 16 42 76 36 50 45 0 18 84 93 83 21 100 63 14 32 15 96 90 49 44 15 60 61 99 8 68 79 74 14 61 7 97 6 4 88 100 32 11 90 35 6 68 42 73 36 78 6 27 86 86 66 81 30 66 43 43 99 25 73 86 47 22 82 14 42 54 34 87 67 35 32 28 25 9 35 46 91 60 1 42 34 53 49 8 60 80 35 8 72 97 79 23 56 89 71 16 20 13 63 76 35 58 1 22 51 8 95 32 40 41 24 48 77 74 34 100 28 43 24 100 80 27 44 20 71 86 87 55 37 65 78 91 67 33 29 36 51 65 78 69 28 15 41 49 16 21 19 35 36 1 32 92 94 30 55 43 85 31 58 51 29 38 68 74 35 32 0 20 63 91 24 90 68 41 72 64 55 3 89
46 24 7 70 47 12 5 25 24 78 96 10 74 71 36 66 45 28 41 43 93 58 86 46 63 68 92 52 53 72 12 65 40 84 90 53 93 20 69 20 11 26 48 84 41 49 10 77 16 11 22 26 84 30 69 46 58 91 65 83 16 26 16 99 76 71 35 59 21 94 86 66 47 65 11 93 19 2 49 26 84 1 36 44 80 68 5 7 49 93 85 17 74 46 35 23 44 8 95 86 91 38 5 91 70 87 63 41 8 5 89 99 8 54 90 48 34 16 16 25 24 71 9 64 31 100 23 84 26 59 70 58 52 81 16 0 94 25 79 78 10 82 3 8 20 23 91 90 12 37 45 73 89 30 35 0 73 53 20 48 8 32 74 70 22 29 1 86 60 26 46 2 52 73 86 54 27 79 100 57 94 89 72
94 77 70 7 34 34 64 6 54 76 26 12 67 91 52 7 0 29 43 5 71 62 81 60 76 72 59 99 99 51 22 22 10 65 64 34 90 33 53 48 40 89 30 70 69 34 24 13 20 9 6 43 97 34 77 85 41 27 16 35 71 89 49 75 21 13 83 42 95 11 98 74 31 73 43 70 10 96 11 21 55 88 81 25 85 30 41 95 11 69 13 59 96 70 68 37 32 51 43 66 49 31 44 11 30 56 83 83 80 100 39 38 91 44 90 36 86 96 86 54 42 4 24 41 69 93 88 29 55 59 15 42 69 2 67 73 13 98 25 0 100 73 13 42 66 26 13 97 92 96 11 12 5 7 32 77 4 84 11 0 58 13 16 44 59 17 4 96 98 9 34 40 57 24 75 45 100 25 13 17 45 41 99
42 7 100 80 66 74 8 53 19 66 81 71 14 84 3 23 65 11 92 74 76 82 5 74 51 15 49 3 36 32 58 9 1 94 84 79 7 79 56 4 29 8 58 43 71 87 48 99 24 63 50 69 78 54 6 58 83 49 65 12 59 62 71 43 38 92 68 84 44 5 14 91 86 79 6 71 75 10 23 44 54 27 75 43 99 50 74 47 59 51 54 11 82 31 78 38 75 82 60 11 98 38 78 35 73 7 81 55 3 41 58 50 7 82 96 85 9 97 40 64 9 85 20 50 76 10 56 5 5 34 15 61 52 16 52 61 40 21 90 7 54 85 81 71 28 59 18 68 64 20 16 23 43 88 49 46 37 36 97 21 66 42 30 77 60 81 78 9 14 89 48 93 17 18 27 54 25 84 5 52 70 60 36
54 59 19 31 72 34 68 72 10 61 40 6 65 55 58 80 10 7 17 52 72 56 87 33 97 1 36 19 97 18 83 15 25 6 22 24 79 4 6 85 38 14 10 99 35 70 3 81 96 33 38 100 84 31 79 16 82 57 89 89 2 65 11 11 45 36 40 40 56 91 19 57 24 74 97 31 50 98 19 60 7 39 81 77 81 55 90 22 6 100 33 67 35 13 70 69 89 28 11 39 8 100 86 34 31 46 53 7 85 86 88 15 90 65 63 88 82 49 67 4 66 87 49 27 64 10 53 23 12 68 49 38 97 28 99 20 47 43 43 38 37 21 7 78 58 92 87 33 74 91 97 38 15 27 96 16 91 25 29 16 41 57 95 89 6 73 11 72 41 27 91 56 24 59 58 74 50 80 29 40 17 48 62
49 85 0 50 14 30 32 4 51 55 100 3 29 25 11 28 28 4 23 49 83 8 30 20 9 17 39 19 30 76 94 45 95 14 91 80 56 51 39 72 27 13 43 31 26 43 91 23 86 73 93 84 60 89 82 93 78 99 36 46 69 17 82 59 24 62 97 32 74 90 38 87 52 66 16 34 86 56 56 5 75 95 3 12 67 47 90 13 0 38 36 67 82 6 100 73 24 61 19 56 43 51 10 28 62 5 12 93 75 37 3 97 57 19 7 47 50 83 81 29 6 4 42 54 45 37 2 4 67 92 57 18 41 88 71 65 66 16 98 94 10 33 54 58 18 81 79 66 88 100 47 64 59 84 49 58 13 38 52 81 43 47 46 0 16 70 85 28 38 79 12 38 74 32 16 52 1 21 47 71 89 53 8
46 80 54 11 7 2 99 98 93 42 12 94 78 76 93 4 12 32 54 73 7 28 23 53 84 94 56 6 59 64 99 22 52 64 52 84 6 31 31 31 51 20 2 60 70 51 79 79 35 53 4 9 12 5 95 87 94 19 47 4 10 26 68 29 79 56 34 39 33 55 67 82 98 31 37 25 29 53 30 55 27 11 41 91 39 45 48 26 74 4 59 83 77 80 46 30 55 95 41 20 59 51 97 89 7 86 48 9 38 28 89 52 94 60 54 99 46 69 1 8 92 28 52 70 60 92 87 82 28 56 32 63 56 28 67 73 50 24 8 10 25 20 51 71 57 74 89 51 62 26 69 85 36 53 83 37 31 64 68 4 46 56 41 3 72 79 27 1 76 50 10 69 68 59 9 44 14 47 90 44 45 68 4
13 34 68 11 55 61 88 20 71 15 44 99 58 62 75 88 71 11 63 65 50 51 19 83 75 78 44 82 20 65 55 0 10 20 57 50 0 9 36 74 51 98 52 51 97 77 93 8 59 69 70 96 65 87 98 99 65 25 61 99 44 17 11 77 89 94 52 37 17 58 16 19 29 9 96 10 36 79 5 74 86 27 62 17 97 46 63 7 15 86 94 78 39 46 96 6 37 94 30 71 7 13 100 63 44 13 77 23 69 28 96 11 69 21 13 48 48 12 66 71 67 62 25 47 99 44 9 16 4 88 31 46 20 23 60 7 25 75 93 25 47 88 24 59 85 16 63 40 6 52 55 50 80 28 80 97 36 93 6 52 51 22 32 80 16 1 69 16 63 49 21 47 86 82 23 13 85 20 60 21 9 76 55
65 14 68 70 66 32 1 95 46 83 83 55 4 80 56 9 42 10 7 55 4 66 19 77 32 45 85 89 13 49 37 31 38 59 39 30 62 67 42 45 28 5 43 64 41 34 82 52 24 35 59 9 24 44 30 22 83 17 21 16 17 5 80 75 96 76 43 11 50 76 68 1 63 91 25 91 53 88 42 19 5 94 15 42 32 9 69 66 30 7 86 67 83 24 55 50 38 78 18 74 94 2 76 43 63 75 39 29 55 0 37 31 12 35 44 57 27 3 34 21 50 41 85 52 24 63 32 27 20 90 90 50 79 87 95 76 64 79 64 75 74 47 13 64 5 81 18 15 96 8 16 44 15 64 90 38 70 78 49 25 56 62 37 84 31 28 46 52 64 88 81 70 29 61 40 13 28 60 55 27 60 100 90
91 47 3 8 78 95 9 91 76 10 42 28 24 8 64 77 61 99 57 87 98 81 46 88 97 80 69 20 87 58 52 0 30 93 91 9 60 20 80 11 19 93 100 99 35 51 32 92 77 31 81 89 32 37 82 91 99 93 68 47 92 11 34 83 71 69 10 70 0 87 44 66 87 66 51 35 84 34 22 69 37 98 80 5 41 18 0 68 95 78 99 95 90 63 32 89 52 5 90 37 35 32 71 54 83 22 39 18 14 59 95 50 73 51 43 44 2 26 25 73 52 57 37 55 6 84 79 11 36 47 24 97 82 43 59 67 21 58 93 26 30 83 69 74 39 29 69 74 42 64 4 71 18 29 20 61 23 55 53 4 84 77 82 53 99 82 15 89 76 41 41 73 27 45 16 59 61 59 46 49 73 95 10
89 11 31 6 14 12 8 24 89 25 38 61 26 17 56 7 31 48 6 87 60 52 50 34 48 77 51 12 81 100 51 15 3 45 1 72 87 79 49 32 92 21 76 49 91 47 59 62 42 40 89 71 59 15 35 91 72 57 71 94 56 9 54 78 8 47 47 95 26 52 5 65 85 62 52 30 27 10 34 45 92 16 68 97 50 44 61 97 40 35 46 59 95 35 83 32 6 82 33 87 3 54 38 22 15 54 55 1 44 90 53 42 91 92 30 86 71 29 86 81 77 0 35 78 19 45 47 50 23 46 85 32 39 39 8 16 31 52 48 82 11 99 69 67 26 76 60 52 4 4 46 3 88 7 13 43 87 13 43 38 87 88 43 88 57 29 63 91 89 84 37 21 79 7 27 44 7 58 5 98 100 46 82
39 94 7 9 2 99 89 2 31 75 35 50 63 29 60 72 24 96 8 75 69 84 37 61 75 66 85 1 97 10 96 9 66 53 75 76 86 34 18 100 20 99 75 66 46 9 88 30 27 91 80 90 97 91 36 25 44 8 43 37 4 23 12 66 57 37 5 74 85 37 73 88 86 28 16 30 62 79 64 71 84 32 30 8 48 11 49 12 89 14 31 54 78 23 32 12 86 92 95 81 1 21 5 17 58 16 51 41 100 2 22 90 61 47 20 21 95 50 99 92 61 22 10 64 83 6 4 42 66 88 79 3 77 69 8 21 73 50 90 84 3 55 13 100 34 71 61 84 46 52 10 11 39 61 67 5 100 82 49 16 11 51 5 64 43 17 23 96 92 13 26 5 81 64 25 20 52 27 25 64 8 3 42
87 9 64 28 84 100 31 6 69 66 43 84 62 4 47 65 74 43 75 88 85 48 3 32 85 80 18 21 25 49 42 72 93 60 87 98 37 89 76 88 31 100 17 79 21 34 36 1 52 4 41 75 26 93 30 29 39 28 19 30 14 8 54 86 19 15 60 61 36 6 17 62 79 23 13 64 20 4 71 10 57 61 12 18 62 64 25 48 24 18 57 44 95 44 34 90 89 74 14 75 93 83 68 82 76 57 100 43 25 59 91 62 20 69 68 90 16 58 33 63 90 23 21 31 5 12 17 35 18 26 40 92 81 32 45 85 99 95 18 65 69 15 68 84 83 89 68 73 61 97 100 42 56 96 61 89 87 50 65 55 76 39 96 66 39 55 70 33 40 29 44 24 97 96 28 43 35 49 35 39 9 59 31
27 11 37 64 26 30 84 98 99 73 90 63 75 13 19 35 24 33 33 36 65 82 12 42 58 94 52 0 61 90 56 84 12 87 25 84 92 0 20 52 62 78 13 40 58 4 72 71 5 43 18 100 21 2 32 68 15 35 100 3 6 71 24 65 15 82 16 67 70 19 22 27 20 0 80 85 61 26 87 41 63 67 87 64 67 23 11 86 10 11 72 28 73 54 39 73 85 45 35 42 23 68 2 38 72 80 52 60 89 94 68 33 41 78 41 23 57 14 30 25 86 12 99 38 59 19 31 30 1 86 48 24 68 83 91 20 31 17 20 38 65 62 1 46 93 21 90 15 19 43 94 97 37 23 59 16 94 8 92 14 45 95 20 97 33 53 41 44 6 55 3 51 10 30 88 33 10 47 47 68 12 38 97
68 39 74 41 53 59 3 13 62 55 99 32 62 53 94 55 52 43 69 58 35 10 92 97 88 2 16 83 11 3 18 38 30 38 43 28 78 13 80 45 96 81 73 86 8 2 42 41 55 0 8 18 20 26 13 34 60 72 62 8 62 43 68 68 46 86 18 66 62 73 45 38 32 6 3 61 25 27 59 61 92 86 9 83 47 99 61 37 74 12 20 70 65 94 66 82 67 4 48 65 67 67 91 25 28 19 60 53 91 56 20 53 94 88 8 18 29 50 39 49 15 43 60 81 64 28 2 77 43 52 61 85 48 32 63 26 74 63 96 85 17 88 57 11 66 50 46 78 18 50 8 39 33 56 87 64 80 37 5 69 37 34 66 21 55 41 8 61 77 81 28 77 91 61 20 69 35 95 34 98 19 45 46
89 94 1 79 74 71 52 57 38 26 4 27 99 75 63 48 2 82 16 74 1 15 96 41 80 8 85 98 92 0 46 11 24 69 5 23 3 91 79 91 59 82 96 72 18 75 43 42 47 97 68 53 45 46 64 23 70 59 62 42 93 81 38 25 40 29 13 71 73 9 38 32 43 32 62 49 16 24 74 96 89 22 24 33 39 43 16 94 24 16 37 3 45 41 64 55 51 94 57 70 43 36 100 84 55 93 50 82 27 70 52 53 45 71 32 12 88 22 27 98 30 33 3 98 91 27 38 32 74 98 47 65 69 99 61 16 65 45 4 72 27 52 22 93 93 38 77 4 50 60 25 56 57 71 14 61 77 82 80 13 75 50 74 60 30 68 10 74 22 16 53 15 0 12 23 39 27 38 100 66 41 92 76
23 2 66 96 64 22 56 58 26 58 77 70 0 65 24 52 77 22 25 66 100 21 29 8 99 20 91 61 5 21 32 95 1 81 80 58 14 75 40 88 92 29 20 39 83 59 67 62 53 79 66 34 91 73 18 54 85 43 92 52 34 2 82 7 25 12 5 42 25 16 94 89 74 66 8 59 92 89 77 19 74 24 51 92 71 28 11 39 65 48 27 80 66 29 71 91 5 2 34 29 18 7 12 48 14 73 32 88 95 43 29 89 17 61 0 37 87 37 42 63 94 56 29 84 93 66 99 1 14 48 1 96 94 56 72 49 16 16 42 15 32 95 19 62 63 76 88 59 67 3 64 18 86 85 68 55 69 12 70 93 88 98 26 53 84 84 35 40 55 25 86 79 31 72 75 13 28 34 68 5 4 81 1
42 72 80 52 46 32 21 23 53 43 10 8 82 6 41 57 94 81 30 59 27 99 84 38 32 47 85 98 60 46 46 50 30 27 41 49 0 24 31 49 93 0 59 23 83 34 84 49 3 99 22 69 8 96 83 12 12 68 88 69 91 70 20 97 37 53 14 83 73 80 73 44 96 61 78 7 47 66 57 37 79 67 29 68 88 76 21 83 32 19 65 52 23 19 2 89 20 81 88 27 30 66 56 9 53 55 4 70 29 78 25 15 98 29 92 28 97 68 61 8 92 16 0 89 74 7 94 54 57 42 96 17 32 60 97 4 27 49 94 46 91 20 6 69 40 36 13 55 22 55 73 42 21 21 91 96 42 17 81 20 90 72 9 38 6 4 37 83 1 2 14 37 39 5 30 49 91 90 13 10 11 58 15
9 79 55 77 3 66 42 33 26 93 44 68 39 98 78 86 91 50 46 75 38 3 51 91 29 58 81 98 53 52 78 88 38 11 20 85 46 0 68 61 15 26 0 20 22 75 19 35 30 69 95 36 4 7 43 100 86 65 35 84 68 11 26 45 20 3 0 96 76 88 81 80 49 94 92 49 12 34 78 58 20 88 13 39 70 63 57 96 83 21 40 44 0 22 86 22 56 19 58 37 73 74 56 16 70 76 40 31 19 3 94 30 45 50 71 83 1 97 63 47 91 26 10 5 38 66 24 95 49 91 53 46 57 24 53 88 51 56 49 38 34 84 97 90 33 24 9 58 74 60 11 7 46 23 72 41 35 66 15 47 67 100 8 59 74 68 99 6 13 60 56 24 90 52 8 68 61 34 8 59 29 94 95
40 68 54 60 23 80 95 44 78 42 83 41 42 67 64 87 71 98 100 75 28 13 69 72 58 42 86 78 49 13 68 6 83 88 16 11 95 85 41 94 14 83 69 87 35 3 20 73 60 65 46 67 47 35 15 34 49 93 48 87 51 49 27 80 69 70 60 12 27 41 51 67 13 75 46 63 38 86 97 25 60 53 99 37 62 6 46 19 39 96 57 69 57 36 18 47 93 70 13 33 1 14 69 24 7 61 94 22 12 94 36 61 96 40 60 13 82 97 60 36 32 74 19 46 77 15 10 8 76 61 17 44 35 34 72 82 58 14 70 38 1 5 70 29 15 72 100 31 19 98 71 98 85 53 100 11 83 10 29 62 42 27 64 19 24 60 6 37 20 79 59 44 75 69 99 82 62 59 83 86 28 56 69
30 98 49 65 5 61 20 39 77 49 73 74 23 94 67 26 25 3 82 63 8 19 79 2 24 5 63 16 95 19 89 30 13 6 46 3 100 0 39 28 59 50 42 83 47 43 20 87 27 40 76 18 84 74 20 50 57 2 93 33 5 20 91 95 12 10 72 21 3 89 49 67 34 57 92 86 38 21 77 36 7 7 36 30 71 96 67 86 96 16 49 17 39 75 66 9 75 92 32 82 81 76 41 51 91 30 70 72 17 70 83 86 67 42 90 64 55 41 32 34 73 24 52 42 76 28 86 77 43 49 91 25 21 35 32 39 51 100 58 27 48 2 60 99 0 12 45 41 30 48 57 73 29 51 57 57 99 94 62 71 19 8 17 71 25 79 54 68 23 62 66 85 22 51 5 55 70 85 30 85 69 77 91
