33 116
38 68 98 22 45 17 9 74 53 89 79 79 43 57 80 20 66 8 72 68 20 31 60 16 82 61 64 72 79 25 80 88 43
37 100 76 18 21 83 87 17 19 94 64 98 13 53 43 8 12 62 33 66 64 91 3 71 72 88 89 86 50 96 58 45 27
35 65 58 20 38 43 67 18 7 49 58 22 27 77 68 39 50 7 85 43 26 12 96 59 64 57 69 4 9 65 27 79 11
12 24 24 9 39 34 24 20 47 0 28 93 45 82 41 59 55 69 20 8 4 10 58 54 61 33 17 61 100 2 16 67 11
58 66 74 22 65 90 23 31 35 45 17 85 42 78 39 71 60 44 88 0 53 3 43 46 80 59 19 86 25 17 30 45 1
24 27 92 90 90 95 20 6 31 73 99 87 11 34 86 24 38 93 76 33 8 32 54 26 10 97 17 10 94 43 71 55 73
91 59 15 75 91 35 93 64 81 100 64 40 7 4 7 68 23 17 8 69 54 90 45 90 2 51 45 35 29 67 24 80 40
47 80 29 91 75 1 21 93 48 0 49 0 82 23 6 0 64 10 78 35 88 68 13 32 21 96 59 95 87 44 6 34 29
87 0 61 7 76 5 74 88 28 16 25 77 40 27 28 58 53 18 39 68 32 6 55 80 17 94 54 4 33 46 43 67 3
39 23 95 48 69 44 25 28 42 73 23 4 9 94 99 0 53 54 21 15 99 93 75 5 51 26 62 72 78 44 74 52 89
47 87 39 7 14 85 19 38 68 79 25 90 82 21 6 51 47 72 4 95 88 75 98 19 25 63 41 60 40 19 77 79 100
50 40 95 92 81 81 95 69 20 32 48 30 66 90 55 60 62 88 33 63 40 64 70 62 77 55 8 31 70 45 28 1 7
90 75 89 31 90 74 10 68 37 20 20 41 19 8 97 58 63 97 54 38 36 41 59 8 35 19 51 69 40 72 78 1 26
84 39 64 55 24 58 10 21 81 25 74 77 87 95 68 24 66 82 23 67 22 95 82 27 25 14 63 17 79 61 92 78 10
15 4 90 61 90 54 73 17 62 99 89 10 39 12 12 96 61 91 78 30 14 16 4 27 12 94 30 23 67 1 53 70 71
26 8 66 48 42 10 66 7 62 66 64 19 82 77 49 72 64 92 16 51 54 90 35 67 66 24 75 66 90 34 18 3 100
48 65 96 83 44 43 97 49 77 91 38 72 12 27 16 44 77 12 98 21 14 17 3 33 74 95 99 61 95 59 27 55 31
45 27 18 91 70 26 60 72 81 69 65 23 62 65 9 33 54 45 45 26 11 52 33 66 4 46 45 41 98 92 16 34 28
30 89 7 28 52 42 20 92 2 42 92 91 83 10 72 56 23 50 48 33 82 84 98 45 14 67 40 49 82 15 71 24 47
73 69 59 76 23 92 14 86 14 74 4 81 89 82 79 96 41 0 98 17 69 29 36 41 6 33 56 57 58 49 94 75 93
99 90 68 44 14 69 75 15 67 85 23 11 15 98 69 8 100 10 88 76 44 15 53 9 71 39 62 86 18 4 2 17 80
59 85 95 24 56 50 48 8 11 72 67 20 19 17 43 4 52 33 63 69 27 68 3 43 21 9 89 88 49 3 43 5 32
20 10 14 84 40 89 18 40 63 22 80 89 35 55 19 48 17 79 34 52 35 32 69 66 9 24 32 85 42 9 48 9 23
12 71 42 39 54 79 16 90 100 12 41 0 25 4 53 1 89 46 46 34 78 67 0 100 33 10 84 70 98 27 85 68 14
99 61 15 73 98 35 37 30 88 62 85 95 96 92 63 13 28 81 40 34 8 24 78 49 99 29 92 13 22 65 92 12 75
26 44 66 37 3 48 12 14 27 96 26 21 85 88 0 60 31 78 45 76 86 32 35 30 57 47 91 29 52 83 10 12 15
44 94 41 40 74 13 57 31 95 96 54 85 56 21 38 40 21 9 22 48 47 34 59 12 95 74 20 8 22 10 39 7 100
58 61 81 74 63 17 85 63 73 5 52 53 56 72 97 5 94 47 79 10 50 68 45 85 46 76 87 27 8 0 95 54 58
57 46 82 2 7 35 2 51 37 42 25 66 16 67 34 29 20 10 39 25 44 67 57 76 0 11 70 94 85 54 43 4 0
83 21 50 10 100 3 90 37 59 86 6 61 58 68 98 88 92 44 48 2 51 12 3 46 41 37 86 71 41 98 12 96 88
86 18 40 72 78 86 33 76 14 30 33 97 29 32 6 47 73 53 34 21 58 55 55 9 87 34 41 90 13 99 24 38 99
39 68 25 22 47 82 68 63 64 97 100 28 97 66 34 43 65 19 57 75 98 33 91 79 62 72 53 100 5 82 84 87 25
74 40 64 51 40 64 87 77 76 78 94 49 100 58 91 16 82 11 86 70 62 99 56 19 85 99 27 12 80 39 82 90 45
34 39 15 49 28 61 13 73 19 61 84 94 48 21 20 70 0 78 99 45 71 40 71 65 41 73 42 59 3 5 77 97 28
59 31 67 32 55 45 85 83 22 33 4 71 25 57 39 72 77 0 74 21 3 42 68 30 81 23 7 97 63 22 88 35 96
89 1 83 12 6 94 69 88 47 33 65 93 67 51 92 11 94 13 0 15 33 92 88 24 80 34 14 46 67 52 90 50 8
97 26 74 47 95 23 23 21 69 49 15 50 22 21 85 16 57 84 50 3 33 85 16 92 1 0 48 11 39 89 34 49 37
43 63 45 99 72 81 1 55 26 17 27 11 0 57 91 36 71 16 79 33 72 14 2 23 4 99 68 90 58 43 53 98 46
97 30 22 13 53 13 76 58 23 1 69 58 15 11 98 29 35 73 41 86 27 20 53 9 52 94 32 15 18 25 13 95 9
24 4 86 78 61 50 97 27 24 94 76 17 8 28 34 38 43 22 79 82 12 56 68 26 76 97 5 35 24 63 27 98 29
38 43 99 76 71 77 85 33 14 47 64 69 22 52 59 11 96 26 1 21 59 35 80 8 91 31 75 52 42 65 88 52 2
32 44 11 97 75 41 62 98 81 11 39 69 66 0 94 36 17 97 41 56 61 3 91 53 34 60 78 82 14 74 94 65 27
52 68 40 21 9 16 11 78 13 51 7 58 28 80 7 19 68 17 54 76 26 85 54 73 17 73 30 55 94 85 65 96 27
79 38 40 37 80 1 18 56 89 9 56 33 83 31 73 65 5 35 46 67 46 93 35 99 5 100 46 86 91 84 10 51 92
7 26 0 89 75 48 4 35 82 96 93 57 70 88 78 25 34 72 52 55 42 69 29 18 62 49 100 5 86 0 31 82 95
4 30 92 14 35 59 1 55 21 76 11 56 2 100 91 11 29 94 3 14 52 54 51 99 78 40 32 33 69 23 37 59 84
3 42 45 2 59 23 10 74 37 6 77 90 45 99 70 33 4 14 15 99 38 62 90 43 81 26 11 83 41 33 55 42 15
10 85 14 78 12 92 17 46 30 60 72 57 47 87 61 30 38 75 14 30 37 74 55 13 46 31 99 55 85 81 36 48 50
18 47 63 50 21 69 69 63 58 75 80 27 88 47 29 35 53 1 93 46 96 8 70 15 44 13 36 90 9 20 96 59 77
75 22 61 20 96 41 25 46 10 80 100 30 89 52 8 55 28 58 66 9 99 7 28 55 49 71 23 56 55 64 31 65 16
48 59 95 17 2 63 17 67 16 1 68 36 33 92 83 42 30 67 79 31 79 11 54 18 8 90 25 70 18 13 62 57 11
9 47 55 76 30 4 37 36 38 19 97 78 42 82 77 29 42 92 57 42 70 55 39 44 93 41 18 34 38 21 23 28 61
77 42 83 11 72 46 84 91 99 89 70 60 45 7 64 49 5 12 3 72 62 44 64 2 48 45 38 51 22 36 75 90 82
2 11 3 10 83 49 98 23 12 17 16 80 19 29 50 60 56 100 34 92 23 75 70 98 54 3 54 59 36 37 75 86 91
26 0 84 5 50 82 78 41 86 69 74 18 84 9 34 92 43 7 63 74 96 96 15 86 42 92 41 48 54 21 58 49 87
3 37 77 58 58 71 69 100 11 37 40 68 34 28 81 37 10 87 9 94 1 25 66 83 88 43 65 59 7 82 55 43 48
51 45 17 68 7 83 99 87 63 11 13 58 52 41 100 30 18 80 0 92 91 96 4 13 16 92 5 0 29 75 3 60 18
1 35 5 48 74 88 12 2 46 97 54 79 12 34 52 84 21 56 65 33 60 92 93 86 48 6 75 55 79 54 80 76 41
79 87 74 18 86 100 5 11 36 46 60 62 94 55 14 38 65 62 32 50 9 58 14 97 26 14 20 31 80 6 20 52 49
36 85 84 97 96 11 74 81 34 71 1 16 26 6 67 93 58 75 67 57 64 68 52 13 9 29 6 22 44 88 54 51 64
67 59 80 72 60 96 63 43 30 54 97 95 15 15 53 58 71 4 52 80 65 46 92 56 83 82 74 66 12 42 22 0 86
22 46 53 91 40 39 60 98 60 74 81 34 42 36 72 67 5 46 51 29 21 11 12 16 79 23 37 70 2 28 73 39 61
54 61 91 6 70 52 28 85 42 24 15 32 80 100 74 96 42 15 42 13 35 22 35 71 27 19 28 100 46 50 99 89 46
73 17 66 53 82 42 48 60 70 22 78 93 66 25 43 60 3 73 56 12 81 5 11 14 27 33 68 46 97 88 1 78 50
82 44 1 80 89 36 14 53 28 69 84 8 31 33 100 4 11 79 97 47 82 94 7 23 68 62 43 99 65 30 51 65 60
1 95 37 49 45 48 67 100 97 2 50 53 10 82 57 8 64 77 55 43 63 12 26 83 69 21 24 21 48 63 57 83 45
3 51 0 52 82 62 44 51 14 74 72 32 23 24 63 67 75 37 54 25 46 55 77 25 45 90 85 99 2 89 2 13 17
15 52 47 60 100 14 21 30 5 2 61 8 30 12 1 88 68 21 53 89 65 25 53 63 79 91 43 91 73 51 98 91 3
25 53 20 42 13 15 84 40 48 74 57 93 13 71 43 6 88 30 13 39 35 9 1 79 16 34 75 42 11 58 96 34 30
97 7 11 44 86 40 97 79 7 60 76 85 33 13 51 42 59 98 51 94 27 14 35 54 4 80 26 4 71 41 19 65 35
21 76 31 28 19 69 32 33 39 91 94 5 99 30 94 17 72 77 60 62 21 25 21 12 6 69 9 11 8 94 29 43 22
77 30 87 90 10 92 71 84 75 30 32 10 83 0 1 36 71 75 61 3 7 6 41 38 87 61 42 90 93 54 52 64 94
95 23 98 20 12 14 12 66 57 14 49 32 15 25 70 39 63 48 49 37 79 63 60 88 6 61 68 39 95 77 69 37 73
72 2 36 10 9 70 7 41 32 81 70 25 66 6 71 98 29 1 67 57 71 8 47 7 27 93 45 43 100 57 35 100 74
56 4 53 18 37 97 71 67 46 25 88 4 91 28 8 41 97 81 36 29 25 31 78 62 50 32 55 48 99 73 49 43 55
52 11 8 86 99 83 5 100 81 14 10 3 16 92 94 10 52 17 18 77 50 74 34 74 53 1 54 24 66 85 28 59 30
42 27 87 17 64 4 55 59 34 17 47 6 8 73 87 82 72 41 95 72 48 73 40 80 23 22 8 12 97 26 5 1 54
89 84 100 55 70 93 53 84 60 66 25 17 13 71 1 40 92 3 79 14 56 59 17 73 68 79 69 81 81 82 47 85 77
39 55 53 80 23 49 42 77 37 59 83 78 21 17 90 23 2 98 73 62 40 59 73 12 83 53 28 13 95 19 21 51 49
46 93 53 8 83 82 64 57 64 83 24 24 41 86 55 88 52 59 26 53 96 43 8 60 40 54 13 34 84 96 46 58 58
23 42 34 47 87 25 55 42 23 48 84 24 71 87 10 80 23 9 0 62 68 35 33 76 78 62 83 23 72 45 29 82 64
31 82 89 34 30 99 90 92 74 49 4 7 63 7 52 55 40 55 30 78 82 12 43 8 43 95 89 84 20 55 98 63 26
98 28 6 59 49 38 0 2 91 37 30 66 16 70 33 54 42 40 97 33 51 82 17 86 19 79 58 28 95 99 76 46 41
14 96 73 32 99 7 84 77 33 68 8 33 59 78 71 17 38 74 72 40 27 18 61 83 91 34 23 92 87 69 69 48 21
1 92 12 61 42 12 49 63 1 21 28 16 32 9 39 41 67 75 4 83 60 5 18 35 77 54 7 69 37 5 92 11 83
57 87 94 60 23 15 94 58 10 98 11 9 30 11 36 22 3 45 37 81 13 86 73 93 85 31 100 21 48 61 64 26 95
8 14 49 46 76 88 74 99 82 10 6 70 47 44 74 90 54 44 88 62 46 29 6 34 95 20 16 89 7 19 82 62 26
87 80 9 48 55 77 84 85 73 99 1 81 69 40 96 43 15 71 54 41 76 7 65 48 31 80 32 74 47 53 26 41 91
16 53 16 61 97 36 57 95 36 95 57 78 8 96 24 29 74 30 58 49 3 30 52 99 9 48 34 90 2 81 37 52 9
80 31 10 67 16 77 10 37 35 22 12 54 49 91 84 37 69 37 16 12 19 69 36 88 7 57 62 82 25 78 93 82 13
3 32 84 90 58 80 7 80 24 21 75 74 65 98 95 0 84 100 2 23 14 18 30 81 31 7 48 51 22 10 4 71 20
27 62 82 48 6 14 78 0 92 58 51 34 97 5 70 13 58 46 14 48 66 62 63 23 34 22 73 50 72 39 74 6 99
32 23 72 95 100 45 69 59 96 80 77 36 26 69 97 83 72 69 78 26 27 96 72 32 50 30 28 88 71 31 59 10 73
45 65 46 100 48 40 80 36 67 38 46 55 23 29 5 63 61 0 56 100 89 4 15 93 74 7 88 2 96 66 17 29 54
75 72 34 30 41 2 45 70 83 35 13 62 82 46 56 3 100 2 47 96 60 53 18 43 29 53 68 11 99 33 88 14 14
71 11 99 22 74 45 23 35 88 28 56 25 36 68 35 99 0 58 16 41 13 36 82 21 62 73 42 34 58 34 65 98 99
92 36 52 58 56 36 77 87 93 91 14 20 44 76 42 81 78 9 58 39 67 46 5 1 19 32 0 59 71 20 47 65 80
31 60 95 39 89 65 45 59 69 69 53 97 24 56 90 65 58 70 46 36 49 10 59 62 46 81 0 27 41 74 46 90 61
69 83 91 30 94 22 78 20 95 77 36 45 100 37 57 34 33 55 63 89 0 30 13 46 95 12 39 59 51 53 94 32 67
78 51 0 24 57 3 24 18 98 30 77 70 53 33 59 57 2 64 82 84 40 68 9 93 81 19 6 11 88 46 99 29 83
31 33 72 75 4 80 20 50 41 1 48 52 56 35 7 41 22 30 23 28 56 55 2 31 20 38 88 1 94 73 21 39 41
18 43 33 66 72 22 8 29 67 36 54 79 21 83 25 0 42 94 43 68 81 65 35 38 31 60 22 19 56 58 12 23 67
36 99 57 78 90 68 78 31 78 77 29 30 36 77 28 63 29 10 91 54 89 57 72 47 67 26 8 28 65 23 58 38 17
78 72 76 24 78 85 60 68 41 21 44 32 77 63 42 42 74 30 85 29 30 44 95 29 24 83 64 94 61 31 16 19 94
99 13 19 15 24 90 59 49 51 98 32 100 35 86 1 12 87 11 61 61 2 46 88 28 26 58 100 27 99 10 83 73 92
78 55 72 5 33 26 93 71 88 0 35 20 90 44 50 1 3 29 1 11 57 23 0 32 22 36 52 19 28 7 39 53 96
60 91 23 5 21 31 87 32 38 91 76 89 62 26 80 32 74 16 83 60 45 53 18 54 87 84 72 37 25 8 71 28 17
38 25 67 34 61 94 44 18 96 22 24 87 7 48 79 42 87 78 53 85 99 64 68 83 18 15 69 80 40 98 60 53 36
11 89 87 56 100 61 89 2 56 10 39 52 84 19 39 80 90 64 15 2 82 8 19 85 42 72 1 80 36 53 46 54 6
57 97 13 25 62 15 8 75 33 64 50 30 2 17 86 86 59 58 75 11 95 71 59 54 68 57 18 95 16 6 33 58 97
17 20 95 71 42 77 95 47 48 41 38 38 86 64 66 14 97 89 46 77 50 16 0 69 59 27 49 91 47 68 53 9 78
19 31 26 43 71 70 37 40 39 20 14 3 70 5 32 81 83 83 15 44 53 3 95 76 86 82 91 41 15 0 33 43 97
72 22 64 39 3 86 8 42 54 92 26 41 40 30 64 98 9 91 17 65 13 55 62 84 8 0 65 75 87 99 63 92 48
49 84 57 58 8 9 45 38 9 98 62 83 87 40 10 75 18 18 27 67 3 58 63 30 39 38 41 82 23 82 10 9 75
72 55 15 96 96 65 43 85 71 73 68 62 56 10 57 23 78 86 68 97 12 89 0 39 18 24 43 43 66 40 72 92 34
82 1 78 56 38 19 62 53 3 66 23 32 9 82 98 97 27 88 30 74 32 62 61 81 18 8 70 38 76 36 94 34 90
