71 476
51 52 44 87 30 86 63 21 0 83 85 43 10 73 36 55 35 12 29 68 89 34 12 96 83 32 98 55 87 89 16 12 4 66 72 65 32 87 69 31 46 37 97 38 62 47 66 46 36 77 39 8 39 72 85 6 7 37 58 64 84 54 30 14 71 95 16 10 17 55 97
10 28 90 97 15 24 9 67 97 53 39 92 80 40 16 44 84 50 57 78 82 71 77 71 29 74 99 63 2 14 2 50 77 44 18 41 65 2 48 3 47 90 37 3 89 32 19 53 20 95 77 39 81 100 86 72 46 94 29 4 31 45 57 38 78 78 88 72 37 54 44
19 94 30 37 99 34 48 38 97 16 86 92 58 42 63 20 25 100 64 50 0 87 86 89 55 34 24 96 46 90 63 41 50 42 3 98 35 11 91 56 45 85 88 6 56 39 30 82 15 26 65 84 30 10 74 27 35 96 71 93 74 28 48 34 55 100 91 96 81 20 27
44 66 47 25 29 42 10 68 68 90 54 46 41 17 20 1 51 56 78 13 5 19 86 87 95 56 68 86 80 17 77 32 29 4 57 53 53 79 25 92 22 65 0 96 42 14 0 10 69 83 96 37 29 20 46 67 42 67 72 21 57 68 33 50 81 52 79 96 78 13 22
19 4 27 26 97 47 95 72 31 74 58 70 72 18 26 94 26 25 16 5 6 91 85 99 88 66 17 95 7 1 42 88 6 6 87 40 17 50 47 36 62 52 12 99 34 85 89 53 79 24 23 9 30 98 67 34 56 42 5 86 20 97 69 38 72 96 43 93 18 18 73
62 38 46 87 82 45 97 12 83 20 5 28 54 43 36 7 13 97 57 89 7 21 55 21 47 0 84 49 44 88 64 13 8 4 75 74 68 46 97 54 64 54 68 50 49 13 83 84 57 50 91 81 63 87 16 58 17 20 78 70 71 99 97 61 45 40 10 1 49 12 70
88 88 33 78 0 77 76 14 0 64 0 3 41 59 33 49 34 16 10 21 69 46 80 50 68 0 11 23 12 58 80 29 66 67 36 40 98 58 59 15 59 15 50 59 66 51 85 27 0 83 6 8 55 6 100 14 19 4 87 67 15 74 22 52 31 88 56 69 33 34 68
19 60 53 87 11 66 51 15 46 12 96 98 71 78 49 17 82 79 24 1 1 73 37 97 79 53 21 69 71 49 61 82 2 75 99 94 10 49 51 56 29 44 65 20 78 35 80 44 99 54 66 17 20 58 31 86 80 45 64 36 29 40 6 81 11 64 51 41 22 29 26
13 3 20 27 91 27 46 22 46 58 85 87 36 18 37 24 85 64 7 19 25 64 28 20 63 33 12 78 98 86 18 31 16 8 33 75 41 11 49 9 17 52 20 29 7 55 91 19 24 67 70 78 65 70 15 98 96 90 49 20 67 45 3 81 89 60 14 19 51 19 39
55 74 70 5 2 50 97 25 7 34 5 37 57 52 73 81 17 42 78 50 48 12 13 37 92 73 26 73 90 56 35 51 43 81 10 75 83 55 24 57 74 34 0 62 52 12 1 42 45 1 44 19 27 6 33 64 24 62 85 74 85 9 13 76 22 30 56 34 56 25 20
71 70 82 49 84 52 55 93 85 42 29 71 57 10 72 42 70 20 35 41 16 9 29 84 20 19 83 79 44 13 56 66 16 85 3 38 66 65 87 18 33 72 44 60 75 23 32 26 33 83 17 76 26 35 25 79 32 10 95 8 3 61 20 61 87 86 22 38 18 81 75
63 4 76 17 53 83 80 75 88 62 42 80 95 85 41 12 40 60 90 48 87 30 75 15 65 81 61 48 75 67 65 56 25 100 29 48 32 79 2 96 90 15 2 99 24 10 26 20 57 47 31 69 28 85 88 69 77 28 48 99 50 8 30 65 1 99 80 75 44 8 91
78 81 76 82 87 61 72 43 33 18 96 65 100 13 71 10 33 44 7 12 86 82 16 90 87 84 49 36 55 41 20 82 54 33 4 51 22 27 77 66 71 42 90 91 49 0 54 10 84 7 17 39 70 42 44 13 4 75 47 19 30 14 51 71 28 90 15 54 23 66 66
48 14 35 41 4 6 59 75 0 53 45 27 51 31 12 10 11 25 80 89 57 13 84 87 46 52 2 39 58 57 97 72 97 2 38 40 23 27 63 70 67 71 87 68 40 87 40 44 23 75 47 15 99 96 49 0 1 23 50 21 40 88 57 42 90 24 19 73 39 57 91
99 74 36 51 12 17 11 77 52 90 58 34 39 23 18 60 68 37 19 9 92 96 56 4 70 67 21 19 3 31 50 14 20 75 22 9 37 80 72 40 28 15 97 11 78 83 19 33 68 100 34 30 12 79 99 18 97 98 18 78 7 43 47 42 76 14 64 1 34 89 87
44 3 60 2 23 68 57 74 16 71 51 70 6 84 44 84 21 51 38 62 23 77 92 58 4 2 31 68 88 6 99 97 37 96 44 74 33 77 98 89 6 86 37 38 48 43 88 81 54 24 0 74 84 100 57 7 4 6 24 67 72 97 72 73 97 80 97 90 35 94 40
74 23 68 82 3 46 100 25 45 42 4 96 79 72 27 58 43 0 12 96 18 56 54 17 9 84 10 26 22 100 92 36 4 74 30 18 84 92 34 32 33 99 95 67 24 100 33 22 91 70 52 99 37 7 98 65 70 68 50 19 10 85 54 15 58 94 58 60 95 41 10
34 64 34 56 5 21 67 34 19 59 81 38 37 63 67 95 62 25 85 30 38 1 16 84 64 56 1 89 41 37 79 48 96 30 31 98 3 63 76 35 52 10 42 41 71 12 53 28 21 52 50 100 42 62 61 8 99 32 5 40 36 14 15 37 24 50 31 2 38 69 32
31 78 43 41 2 35 68 71 89 9 55 70 84 37 93 28 88 35 99 36 61 28 72 91 0 98 86 14 97 95 66 33 74 26 97 57 94 77 40 93 61 93 1 30 76 62 35 70 74 34 43 9 0 46 4 12 34 88 90 43 30 93 0 77 42 6 59 13 56 19 57
39 84 21 96 91 85 20 36 47 77 58 37 6 59 13 9 5 19 87 35 80 85 67 52 58 17 37 44 60 2 93 66 64 71 82 49 52 67 36 84 77 81 20 32 12 95 66 15 71 51 19 41 64 39 62 16 38 71 30 98 67 78 45 74 63 76 63 100 2 92 83
50 14 55 20 52 59 44 44 53 18 29 77 50 73 89 42 18 46 2 65 29 93 37 72 23 68 36 9 15 70 96 52 2 44 84 89 24 35 18 99 74 46 26 60 47 82 49 80 88 8 95 72 29 97 15 98 87 56 41 93 36 17 57 89 28 27 80 31 4 39 29
29 4 70 54 20 76 60 55 7 82 95 30 100 75 16 67 44 75 21 19 2 96 81 57 14 55 34 93 78 53 31 58 26 63 4 45 26 23 24 20 2 56 82 84 30 46 3 46 7 2 83 38 80 93 41 26 79 70 5 13 32 58 10 46 6 20 61 88 5 61 31
76 37 66 77 27 44 53 99 8 61 71 57 49 47 70 64 31 25 41 21 8 93 63 44 66 92 13 34 52 38 98 99 86 92 91 23 3 73 93 90 97 53 96 59 71 53 38 87 25 55 56 71 51 11 42 33 52 95 59 61 71 68 42 73 24 54 45 25 7 44 100
95 24 61 29 10 76 98 24 63 46 19 38 9 93 4 85 5 5 49 88 5 37 53 91 71 59 25 47 16 52 31 71 66 25 54 14 90 31 94 7 4 14 95 2 1 96 57 35 69 26 59 26 66 29 5 91 85 23 2 41 66 72 91 88 82 75 3 75 53 10 58
11 66 9 60 52 91 33 83 5 18 15 60 28 94 23 16 47 88 46 8 88 61 23 64 74 42 13 24 95 36 49 1 59 95 57 31 9 19 34 77 51 88 98 5 34 51 8 36 68 63 92 84 89 36 38 8 79 2 6 36 54 17 64 75 73 15 30 13 97 34 8
99 89 32 42 27 31 93 52 73 42 33 100 61 73 15 31 57 8 76 82 37 23 69 71 83 76 24 67 65 34 14 89 18 22 72 72 64 83 50 6 65 94 61 71 22 15 99 2 24 100 20 41 23 65 3 89 52 70 34 74 82 14 45 27 5 45 50 35 96 62 46
17 16 11 94 96 1 84 52 59 70 49 9 51 98 45 44 7 86 79 15 0 74 89 11 20 2 20 75 25 89 84 65 53 35 80 42 69 70 12 85 49 9 16 29 91 24 20 92 55 17 16 22 11 30 39 46 69 67 93 98 58 32 100 26 57 95 84 76 12 66 22
0 94 54 45 11 4 67 45 53 40 26 37 93 84 72 38 62 61 44 46 43 52 40 19 62 64 0 43 87 41 5 37 20 58 80 18 39 31 97 68 54 97 78 80 94 89 57 3 3 68 12 84 25 58 92 14 87 28 49 6 63 21 35 28 54 71 99 26 79 54 84
50 0 44 41 88 30 78 11 18 7 59 76 99 37 86 31 15 44 65 2 16 11 42 7 6 60 13 40 100 71 99 49 85 16 12 62 51 62 42 64 75 14 46 39 4 44 8 89 61 35 9 81 70 73 93 65 58 79 61 7 6 1 61 15 32 46 49 80 14 63 89
39 13 11 56 0 94 89 70 3 10 41 11 68 36 98 14 17 92 44 37 56 39 27 55 11 46 2 20 80 68 44 41 40 8 54 57 58 94 6 98 95 22 37 68 49 81 26 16 7 87 23 77 39 13 80 58 81 76 53 16 85 24 62 22 40 37 53 40 24 24 67
45 78 37 90 17 25 15 91 61 80 48 48 43 45 73 50 93 22 60 34 80 56 78 20 83 87 45 29 18 93 69 49 63 86 62 68 80 52 90 23 63 44 61 8 62 24 61 21 8 13 39 58 44 91 97 66 42 29 96 55 84 39 87 49 70 70 49 6 34 59 99
77 51 81 67 18 43 55 33 52 50 56 69 78 9 75 55 94 86 68 48 36 91 68 48 47 16 33 68 11 60 60 46 14 86 91 93 76 89 24 9 34 7 81 4 17 19 99 16 76 35 78 40 80 77 72 68 35 61 72 80 100 2 77 34 79 8 40 55 80 31 83
7 72 27 94 59 16 23 26 58 60 66 7 40 90 95 84 83 10 88 11 59 85 48 99 95 5 23 45 69 63 33 32 36 44 100 76 51 64 15 9 44 13 24 28 6 36 23 57 41 61 29 49 59 77 81 34 90 5 51 42 60 68 39 26 15 22 10 81 93 74 41
16 11 38 81 9 47 73 65 2 24 58 76 62 54 94 96 79 30 2 37 70 62 17 48 42 23 55 8 48 81 85 14 27 98 38 22 36 44 49 74 47 43 35 0 31 45 31 26 12 69 69 20 83 60 29 92 96 64 97 19 42 59 66 6 82 72 47 2 99 33 68
89 8 64 86 51 3 32 69 76 35 79 65 25 34 0 21 74 18 75 14 16 85 37 81 51 59 79 0 70 33 91 14 65 79 66 5 61 89 90 3 63 31 50 30 84 43 62 44 81 46 7 79 57 27 32 48 6 74 50 78 94 25 69 98 40 13 46 3 62 47 39
14 18 80 74 84 80 90 43 52 62 47 28 36 49 27 60 8 52 3 16 73 38 41 33 26 90 55 37 10 83 43 35 46 80 10 77 13 91 53 24 18 92 87 37 6 7 47 61 28 17 3 54 46 42 16 96 43 3 12 28 8 64 28 27 62 5 69 22 59 52 57
22 32 27 77 62 71 4 83 2 68 81 62 16 11 98 16 21 11 2 15 14 14 88 83 3 48 80 64 60 17 17 52 83 31 83 8 99 83 60 4 26 37 43 14 90 98 53 40 51 22 92 26 23 66 40 22 64 74 5 87 80 96 76 14 66 21 66 0 93 23 44
45 64 42 88 62 68 75 57 9 63 28 39 66 1 37 63 73 32 35 98 38 95 30 68 65 62 23 97 81 72 40 16 12 36 50 37 25 72 52 64 47 82 53 11 69 41 6 39 91 22 24 30 18 17 86 75 90 68 9 51 66 93 85 49 3 15 7 11 65 64 55
76 55 74 58 98 20 34 11 69 71 51 38 76 20 69 1 48 99 60 19 91 82 46 32 15 64 72 41 70 9 99 28 2 44 23 11 49 45 94 22 38 19 26 35 69 63 52 80 10 44 25 92 37 50 32 61 25 35 80 9 50 22 59 41 84 49 35 45 28 25 80
95 10 58 78 77 20 97 66 33 83 81 50 38 17 75 33 47 92 65 65 30 64 88 38 98 78 82 56 19 50 25 22 11 11 6 67 31 17 22 66 48 100 49 64 20 62 87 55 38 53 28 86 1 98 47 42 68 95 69 34 19 11 30 70 77 73 28 39 28 44 97
31 9 9 21 3 65 51 70 56 83 51 52 93 89 27 70 15 9 13 61 47 30 28 22 91 72 96 30 45 73 55 36 51 80 67 50 30 55 63 24 19 11 74 38 38 89 79 65 86 0 5 80 20 39 46 20 19 55 30 51 90 36 7 92 19 2 74 29 32 28 94
33 38 92 21 31 51 56 79 29 24 95 75 74 80 35 36 43 6 3 19 34 18 35 41 78 41 29 50 59 20 82 96 63 17 81 42 12 76 39 13 54 95 26 67 53 41 36 27 18 90 48 83 85 42 18 19 76 28 72 76 17 47 75 43 53 43 17 38 67 4 91
56 61 54 31 90 84 82 28 60 78 7 36 84 46 53 90 48 84 97 55 46 94 40 43 97 20 21 28 72 61 10 84 31 36 3 36 100 96 64 37 23 48 64 35 19 50 1 13 31 89 76 60 56 38 50 39 13 57 38 26 32 11 21 26 76 27 72 84 66 29 2
45 61 27 49 17 83 38 18 58 36 82 45 79 20 26 54 12 75 72 40 87 69 19 33 19 84 55 60 20 36 63 2 78 92 44 67 27 49 43 43 6 82 10 10 89 35 84 32 43 83 82 83 12 58 10 78 92 56 47 96 1 44 56 32 32 29 39 45 82 47 32
50 81 9 73 57 28 75 2 82 80 57 98 80 15 73 9 45 15 10 41 82 4 88 20 46 93 57 12 86 23 42 80 96 78 28 26 54 50 87 70 91 63 91 9 75 5 53 20 35 30 85 26 45 80 54 32 6 26 2 73 48 80 24 91 10 51 38 49 20 86 26
44 18 4 34 29 50 46 0 53 4 39 30 90 39 27 25 56 20 19 6 9 49 96 3 60 82 48 28 19 2 54 25 16 72 36 54 13 22 78 14 74 43 96 7 43 83 98 67 35 25 86 75 81 83 6 79 57 96 98 71 42 3 78 59 8 58 77 54 35 39 97
75 62 40 16 78 90 21 91 32 61 72 87 9 70 0 58 12 62 94 44 59 48 100 50 13 83 20 35 67 60 80 43 32 56 88 28 62 46 14 2 15 99 15 85 30 98 28 100 73 23 73 34 56 67 28 2 51 97 54 2 35 42 89 43 49 5 73 37 84 14 37
65 38 89 1 18 27 87 38 63 62 18 65 54 23 89 100 41 3 19 97 64 52 54 12 45 68 96 97 99 9 100 97 11 96 75 88 99 87 62 15 81 95 60 18 28 90 34 20 49 61 75 34 34 35 68 89 21 45 44 48 70 90 36 68 71 21 44 57 93 33 68
51 14 56 83 33 68 39 54 13 78 11 69 18 9 54 64 94 64 70 19 50 98 67 65 60 40 88 26 67 18 88 52 37 37 14 29 14 9 90 60 50 66 7 27 64 51 3 37 0 31 41 3 91 37 2 2 23 31 74 66 4 32 93 33 80 92 8 40 11 52 97
76 73 89 66 83 51 82 30 69 64 69 29 99 57 4 84 22 3 91 55 91 41 64 3 22 86 62 99 81 36 41 89 34 96 74 65 62 30 36 25 62 76 38 77 24 53 28 94 20 25 43 90 84 71 38 60 50 56 14 39 68 23 98 55 60 3 46 67 80 46 59
38 58 54 23 56 21 59 80 30 37 35 44 74 28 1 97 19 7 5 55 29 33 90 42 84 49 55 47 11 65 29 7 32 61 5 56 82 7 52 8 49 45 61 56 88 91 71 92 83 26 82 43 72 50 95 40 64 51 44 89 37 89 27 86 91 44 12 44 9 86 66
80 24 79 51 65 37 21 20 68 52 75 15 16 70 49 81 57 3 41 65 2 13 80 62 58 68 59 99 23 95 80 48 84 63 74 68 49 17 65 51 35 85 7 41 8 24 12 2 49 63 93 6 12 56 59 31 3 53 4 20 4 2 21 16 75 28 34 10 15 11 37
68 52 80 35 84 50 88 21 8 18 65 84 90 11 72 99 89 51 26 4 55 23 95 9 2 56 48 18 25 65 52 48 78 23 85 59 92 61 44 61 31 28 59 15 17 69 10 50 95 17 25 40 28 99 59 1 35 71 14 43 48 8 95 76 0 15 54 64 7 19 10
78 65 99 82 78 36 37 99 30 51 90 81 58 0 55 82 42 62 29 92 72 46 82 51 50 82 31 99 64 70 20 43 47 7 36 36 51 68 94 33 64 16 15 12 98 82 0 8 36 29 33 28 86 11 65 87 3 29 70 84 0 6 96 93 64 57 29 80 95 39 23
34 91 72 78 96 41 72 5 61 73 31 2 33 37 31 64 5 24 87 87 8 61 22 29 12 10 54 75 9 23 69 84 23 94 60 74 26 41 60 2 97 70 75 37 81 7 86 74 93 38 94 21 58 75 59 90 91 58 93 87 90 53 26 27 20 22 77 66 2 90 28
16 35 35 48 48 41 64 10 99 59 88 35 67 89 64 20 8 9 88 2 25 4 48 31 34 66 85 28 4 82 52 8 30 19 67 28 55 80 14 51 38 60 53 31 51 6 30 11 84 61 95 100 66 30 45 69 51 48 18 40 33 59 84 73 2 35 77 95 69 12 61
0 56 61 63 61 71 77 100 73 75 58 52 85 11 25 80 75 95 100 29 59 10 66 0 40 75 30 27 92 67 70 7 48 100 20 27 42 12 58 89 36 61 76 36 8 6 45 56 6 68 86 82 46 30 26 60 31 57 2 65 61 68 15 100 63 48 58 23 49 21 16
25 24 61 93 87 72 41 39 84 46 67 51 35 47 19 78 41 81 41 44 90 66 24 19 47 41 79 84 67 60 21 52 3 2 37 58 25 1 64 72 46 94 19 43 22 82 35 86 44 2 18 43 32 25 82 92 88 86 64 73 83 40 59 97 69 14 92 85 60 89 69
38 6 86 47 80 67 0 7 4 14 14 76 85 18 71 35 27 90 82 18 16 6 82 68 52 9 55 75 31 17 43 31 6 24 29 24 43 21 9 9 51 13 25 99 84 49 66 17 59 56 72 86 89 35 63 71 16 8 26 76 36 14 98 16 79 94 96 18 11 56 2
44 48 93 84 75 38 50 87 82 47 53 23 50 1 53 65 22 2 47 30 86 68 96 49 81 64 7 58 23 27 38 21 94 31 17 80 16 1 24 71 50 79 23 92 30 73 16 57 83 34 71 100 91 80 53 6 16 100 51 35 18 60 9 60 8 17 48 18 98 43 20
4 25 6 58 73 19 95 30 43 44 9 22 7 47 61 95 90 28 13 65 38 43 37 98 23 35 41 45 7 11 12 49 41 44 59 94 36 96 27 32 42 65 48 22 96 46 92 94 34 12 20 83 45 92 12 5 13 6 8 70 25 20 98 54 85 96 47 36 89 97 40
69 79 70 65 67 65 92 12 1 75 98 61 76 80 3 25 84 84 39 84 66 7 55 68 66 64 51 7 8 9 26 47 90 33 70 27 25 2 68 59 9 0 16 3 9 41 33 6 17 92 35 8 12 46 30 81 46 18 90 17 21 0 69 81 16 100 96 35 90 22 70
85 89 32 38 91 47 51 52 91 17 54 57 93 87 65 57 80 8 52 42 20 65 36 90 60 43 23 94 59 14 67 46 52 94 43 76 49 36 6 32 87 35 65 19 27 42 39 52 79 75 9 74 38 27 18 56 69 98 76 61 41 69 73 17 80 51 27 95 3 19 81
97 61 99 100 70 95 11 2 21 74 18 10 8 67 87 48 52 14 6 30 90 34 88 73 0 85 84 95 49 23 75 100 63 8 63 60 48 34 64 96 78 14 27 97 29 64 7 3 30 92 35 25 99 51 99 99 45 37 52 73 7 34 75 78 61 65 53 62 26 11 53
44 69 32 21 4 15 46 76 98 46 64 56 70 57 51 10 50 87 16 84 92 78 7 8 55 2 8 56 100 39 45 79 35 26 16 43 77 53 44 79 32 19 3 16 85 91 76 81 21 63 36 49 72 46 35 13 28 99 95 57 51 78 56 54 67 40 23 1 57 85 18
69 93 32 42 13 89 46 22 92 40 68 40 58 47 35 20 40 78 67 27 92 26 43 87 3 63 11 66 74 90 67 59 61 25 8 5 20 40 96 58 96 39 95 1 86 68 62 73 31 82 77 1 1 80 47 26 51 44 0 15 13 39 38 51 4 0 19 91 29 58 32
57 9 86 84 52 32 31 73 56 26 81 9 39 45 35 23 3 41 66 15 54 55 23 48 49 55 76 18 46 33 55 74 46 42 98 36 62 28 54 71 92 28 100 33 56 0 45 59 59 60 19 18 18 18 68 14 70 40 50 17 62 66 92 4 81 91 36 83 43 52 92
6 25 24 52 5 13 94 1 93 77 86 45 95 74 91 12 43 33 73 85 18 68 31 81 59 12 61 8 88 32 12 80 94 85 77 42 53 27 83 5 76 2 13 11 37 7 49 72 98 78 74 49 78 32 86 73 1 54 28 36 91 82 9 42 65 37 27 67 3 5 94
46 42 84 25 53 20 63 99 27 90 58 98 41 40 5 81 9 65 17 71 45 76 86 94 63 50 74 38 90 94 86 48 14 41 0 22 76 15 51 82 22 12 75 40 39 17 81 69 26 87 56 53 48 84 53 14 26 68 46 59 55 89 100 20 54 56 9 52 95 76 5
22 94 86 47 9 13 77 80 57 26 7 68 28 3 97 17 15 27 52 37 10 1 0 81 41 68 51 24 22 65 52 21 71 50 47 74 78 26 18 75 45 25 29 96 48 37 6 56 79 2 63 22 25 51 70 58 57 12 47 74 12 66 38 100 19 74 39 13 70 0 63
66 86 95 100 16 51 83 38 64 20 74 96 71 19 79 46 98 82 53 58 46 42 50 25 35 76 0 19 30 65 90 83 43 60 36 78 17 46 38 57 4 51 82 17 94 39 21 70 33 44 1 6 79 79 13 71 44 98 16 39 83 19 28 15 90 78 57 99 59 11 68
83 37 8 97 97 1 89 90 3 40 68 94 61 11 43 60 32 24 14 57 53 28 43 67 4 41 55 4 7 71 42 8 31 23 18 44 63 14 28 21 91 91 73 30 43 62 43 55 84 72 82 27 38 85 36 83 28 99 44 51 62 0 76 77 94 58 36 98 18 54 94
62 10 88 37 76 50 6 75 18 24 24 81 95 78 30 45 16 10 22 82 48 34 31 96 20 6 97 42 44 59 42 13 78 98 71 58 66 67 39 18 63 76 50 66 16 39 56 13 90 14 50 57 84 48 46 83 78 7 37 48 47 4 80 96 99 65 4 16 14 40 75
43 28 51 73 28 27 16 50 52 16 72 41 7 71 51 79 14 11 42 32 44 3 50 93 76 76 66 27 39 76 50 59 42 67 63 57 49 83 58 72 20 94 15 35 2 33 11 26 68 2 70 8 15 29 20 31 100 76 52 54 15 14 85 14 36 14 100 15 22 55 47
69 80 4 56 56 1 45 48 93 24 83 89 69 16 80 59 92 24 3 16 69 26 61 62 57 90 46 10 75 29 25 22 57 48 73 62 17 82 56 34 69 78 47 31 36 33 75 80 84 58 76 95 13 100 35 9 58 92 89 77 41 44 35 27 10 32 23 20 67 17 6
22 9 94 33 32 61 36 43 100 28 22 35 5 59 78 20 92 71 69 48 94 88 52 85 73 84 65 29 54 16 48 50 98 79 73 34 38 85 85 27 64 94 5 58 59 44 29 80 55 84 26 35 21 6 73 44 71 100 54 12 15 31 96 99 42 28 93 26 47 22 96
100 24 10 22 67 36 51 20 60 93 21 78 19 12 30 88 71 8 85 22 72 71 77 80 93 98 63 25 50 32 32 56 69 8 68 74 4 89 59 61 18 86 90 57 2 61 10 11 97 5 16 62 71 60 71 43 94 15 32 9 76 77 82 88 10 48 17 9 45 53 71
8 11 91 59 61 52 22 38 37 71 60 50 78 57 25 70 56 70 90 77 70 21 68 37 99 16 73 16 89 42 18 82 90 38 36 45 74 17 33 16 21 22 90 93 25 28 44 23 82 43 59 4 75 87 83 67 10 77 80 64 73 80 20 70 84 98 55 84 10 53 75
30 12 79 67 6 59 63 71 38 58 85 58 2 91 42 36 10 28 0 77 65 2 88 90 27 63 13 15 40 87 48 27 66 52 12 81 11 90 29 62 45 8 0 56 79 53 58 71 80 13 69 72 60 95 81 34 77 84 3 53 77 37 22 47 85 21 17 75 51 18 84
70 82 20 32 65 70 16 65 23 93 67 69 8 51 59 52 74 37 24 61 6 43 15 22 17 74 90 70 52 54 97 60 33 69 93 98 25 69 44 42 49 72 24 81 10 0 40 67 39 67 44 100 42 83 66 30 14 47 87 71 63 13 72 85 40 13 4 38 61 94 97
90 66 29 60 14 13 40 66 0 49 68 29 42 16 40 22 76 47 53 0 70 77 88 54 61 23 79 15 26 44 65 8 13 65 71 48 23 38 51 91 18 43 73 40 34 3 95 18 25 79 79 44 93 72 58 37 8 9 20 24 39 32 41 89 75 48 32 21 67 86 37
38 2 33 37 34 92 6 88 14 8 58 36 59 43 40 65 45 54 56 22 34 50 30 71 76 84 5 62 63 7 57 39 32 97 18 68 82 34 44 14 85 9 57 10 57 87 91 13 93 24 0 42 44 33 53 61 83 43 2 21 32 92 52 92 100 74 23 68 91 76 0
97 36 94 13 65 79 52 74 18 63 28 11 92 32 59 8 12 99 1 39 67 96 35 49 56 97 65 50 4 54 70 39 31 55 86 69 91 99 34 61 24 74 91 82 84 82 79 82 27 93 26 50 12 21 95 77 63 46 42 62 73 22 54 25 57 90 11 71 66 69 21
30 19 97 52 14 29 48 49 22 74 75 6 56 25 65 47 52 32 92 96 12 49 48 16 11 34 22 45 32 52 97 82 74 27 23 29 76 48 19 13 21 43 26 46 52 88 23 12 25 5 50 26 64 46 76 43 26 62 56 61 46 61 65 19 96 55 19 36 65 1 36
34 72 35 51 93 54 33 15 71 10 45 57 12 92 46 93 44 68 46 8 36 35 28 93 28 82 34 22 20 49 33 68 27 74 88 36 32 64 48 91 83 89 62 4 93 26 98 8 22 8 96 58 37 0 50 14 97 43 8 65 76 24 37 40 11 30 27 0 61 23 61
25 91 28 13 18 65 96 64 86 4 63 68 46 65 90 94 83 55 94 34 78 62 30 51 13 69 74 0 62 78 22 77 90 40 90 84 30 79 21 42 85 28 93 76 53 14 39 79 36 48 19 11 84 5 12 13 39 74 1 17 18 35 21 6 75 52 8 97 73 88 76
91 34 53 73 9 68 88 52 97 34 56 56 33 81 31 34 87 52 76 18 54 22 69 69 88 77 84 34 12 21 21 67 3 9 93 97 56 24 76 72 34 20 55 99 58 42 80 68 85 0 6 99 47 5 12 43 41 31 94 43 63 70 26 39 31 34 55 83 70 4 38
89 73 45 54 66 58 72 83 11 99 71 62 35 54 7 83 80 59 96 3 85 17 15 59 37 84 88 16 87 53 6 88 26 45 88 66 28 94 48 29 40 89 36 54 48 60 40 85 19 91 32 41 4 79 30 44 61 17 89 65 23 46 37 23 40 55 87 39 81 9 71
9 76 44 37 15 67 10 73 87 2 12 25 0 88 81 43 53 64 26 61 92 6 81 53 76 42 17 41 46 41 77 64 47 97 68 58 40 6 68 12 6 14 75 63 46 4 4 70 91 59 22 47 14 89 19 12 92 83 12 37 31 33 58 70 81 73 78 9 14 61 68
94 55 47 60 18 15 63 21 33 35 55 37 58 26 77 11 4 97 98 14 59 98 9 56 32 63 73 3 84 48 83 2 66 66 77 42 55 7 26 47 47 4 48 49 85 79 19 79 28 96 45 0 18 1 75 59 26 26 3 89 43 79 61 59 88 6 76 79 51 24 27
4 25 42 1 83 42 28 59 30 51 39 71 54 71 88 21 70 52 45 61 6 73 79 29 17 87 13 27 31 10 64 96 70 35 68 17 46 11 61 53 37 44 71 80 32 78 38 15 53 55 14 37 63 23 62 18 66 79 46 46 55 81 21 0 17 14 14 7 4 9 28
33 96 9 71 3 14 59 18 43 18 44 59 60 8 15 51 84 8 69 21 54 40 11 51 90 70 43 46 25 34 56 55 82 20 38 61 19 10 27 70 82 73 90 21 85 36 13 51 32 22 18 9 60 15 8 17 56 14 73 70 28 25 74 65 83 19 30 69 59 57 7
20 2 97 82 43 38 32 61 27 52 10 88 69 94 40 48 87 13 28 80 72 32 87 10 1 42 91 96 31 1 26 32 45 9 72 31 37 69 2 38 29 2 86 92 36 22 48 77 26 54 62 63 18 13 95 2 75 92 8 78 35 22 82 3 77 46 82 57 75 77 5
71 100 64 61 37 13 17 60 71 82 47 96 20 91 29 15 52 86 31 81 40 12 88 40 25 17 51 48 54 47 76 35 76 21 96 71 57 27 73 30 12 1 55 63 82 20 30 54 63 91 0 67 29 67 100 88 81 65 66 36 62 9 71 67 26 56 99 41 60 14 76
77 11 50 74 48 14 45 46 37 13 3 29 28 72 32 44 45 80 80 7 94 94 46 3 68 40 16 87 33 79 63 17 30 21 67 46 2 13 16 42 15 88 15 31 94 68 10 32 64 26 83 7 27 28 58 92 42 7 64 90 71 92 84 46 61 53 4 4 73 83 57
20 10 31 60 43 74 30 20 26 62 13 33 45 81 28 22 94 40 74 26 98 95 58 100 76 79 41 10 41 27 30 1 57 32 73 29 12 38 74 63 46 46 45 35 67 16 77 30 51 24 75 26 85 73 9 11 70 96 54 38 9 42 75 14 94 1 41 91 65 88 20
6 37 15 67 85 32 24 26 2 31 40 52 35 86 48 81 78 48 43 89 69 81 73 64 41 56 80 53 40 7 57 28 1 34 95 25 0 63 48 80 56 69 70 40 25 70 26 44 83 80 30 85 61 6 83 43 79 90 96 78 48 82 86 90 72 91 46 10 73 41 70
25 34 61 1 14 97 76 39 52 35 75 91 20 24 66 63 33 45 17 81 54 8 60 42 72 9 89 50 58 58 80 48 54 63 68 65 88 94 65 37 68 33 60 81 48 75 95 0 95 96 52 83 38 17 37 65 27 66 48 11 42 31 25 63 73 29 82 27 60 18 89
29 30 60 8 88 1 59 1 30 71 8 29 66 83 89 46 93 53 53 59 49 13 83 98 10 11 69 68 76 68 16 78 85 17 98 95 96 82 45 0 92 10 74 1 52 50 12 49 2 75 26 52 75 3 34 6 93 76 50 40 78 62 47 26 18 56 40 67 28 27 66
95 5 25 4 12 1 53 66 82 80 9 91 74 63 89 65 51 35 45 16 37 82 13 44 63 27 43 81 0 48 8 17 3 88 83 11 55 33 33 61 85 8 14 20 42 13 39 52 32 0 95 37 29 99 10 49 55 10 84 35 42 45 95 100 53 52 58 49 50 77 16
85 18 10 100 25 82 2 67 15 80 56 20 80 31 73 65 4 24 83 51 52 21 92 48 59 46 61 86 12 73 55 11 52 56 15 79 5 20 66 20 50 91 58 5 65 91 14 41 10 63 13 14 51 10 72 63 97 42 85 11 97 92 9 93 6 60 44 10 60 88 100
61 83 96 13 69 74 36 57 34 30 47 18 88 9 2 91 71 18 80 62 33 37 0 73 61 4 51 99 19 54 17 48 23 41 87 39 62 48 52 47 79 50 68 76 5 16 93 38 88 54 97 80 8 46 91 26 50 26 13 29 21 33 89 23 31 95 68 94 56 70 2
62 4 47 80 83 78 74 53 58 54 78 11 41 25 85 76 0 99 50 71 70 10 83 84 77 25 82 87 78 93 22 61 19 76 41 37 82 52 52 92 91 1 29 37 3 12 95 13 68 89 25 51 57 55 86 68 39 48 47 50 85 81 16 7 33 28 51 82 5 68 91
55 25 32 27 96 73 73 25 30 23 76 3 62 53 39 84 100 37 67 18 93 75 36 82 95 68 98 88 64 77 62 93 90 79 19 2 17 78 26 50 76 76 8 93 18 80 56 27 31 13 97 10 96 76 39 79 93 15 2 61 43 78 100 82 90 37 24 48 97 4 15
15 3 10 50 58 98 53 8 51 94 40 4 23 66 38 87 11 61 4 23 13 68 49 76 1 13 1 7 71 97 6 51 15 6 0 3 54 34 50 84 49 32 45 17 77 46 43 95 72 13 62 85 85 17 3 74 23 0 74 67 95 9 7 29 28 92 6 44 62 82 28
58 49 63 15 29 14 66 53 33 77 83 2 48 82 52 63 54 27 20 65 48 65 84 33 1 1 6 4 44 14 72 10 97 30 15 76 74 52 44 60 5 41 21 0 77 70 96 98 63 49 29 92 34 60 96 3 81 48 25 26 22 93 0 14 25 37 85 61 21 17 19
98 100 44 91 83 15 63 97 33 44 68 40 81 97 70 61 35 31 78 60 26 19 62 36 14 82 24 83 21 35 23 58 84 88 98 19 6 16 75 82 44 97 59 71 32 100 5 20 45 6 72 21 22 79 13 59 21 87 31 80 95 3 50 15 18 5 75 19 32 46 24
89 70 92 61 5 45 22 26 93 7 91 78 67 60 8 96 21 13 1 86 16 14 63 55 32 31 92 16 69 97 21 5 27 79 31 12 62 6 61 26 37 17 47 67 83 73 60 34 85 48 20 64 80 56 56 73 71 88 78 83 98 50 8 51 47 100 36 93 92 24 74
97 55 25 5 14 95 87 98 49 96 70 65 65 74 5 63 51 0 60 88 62 41 36 31 60 2 77 47 54 5 97 94 86 7 89 45 43 13 12 31 11 86 76 23 99 96 16 77 75 8 87 74 66 23 50 6 75 74 85 99 60 29 73 69 49 47 100 46 24 37 76
52 22 70 86 65 79 87 54 74 23 45 38 17 62 10 40 78 53 18 89 20 76 87 43 33 33 26 71 77 19 10 69 1 11 73 36 57 73 24 21 100 16 4 38 33 93 88 49 26 84 88 88 24 92 35 8 18 76 1 43 68 89 89 42 17 42 67 68 26 88 48
11 82 84 82 70 94 25 35 44 55 88 76 0 9 37 22 27 43 14 41 58 46 98 0 54 87 52 74 99 98 67 47 55 99 99 87 90 82 8 65 45 17 42 1 12 47 86 25 95 7 30 55 32 76 21 93 91 98 87 24 22 0 63 1 87 87 24 37 89 69 30
47 78 53 1 37 35 77 46 3 68 23 49 91 16 68 18 48 30 37 88 54 37 15 45 6 49 18 5 16 81 5 60 18 24 9 5 6 68 87 37 45 82 0 47 51 72 7 65 61 75 14 53 22 58 12 24 52 25 8 5 58 72 10 49 5 86 90 65 34 59 56
12 29 87 24 92 22 69 90 25 20 59 84 39 33 97 36 36 10 61 5 65 76 14 65 58 43 10 51 24 19 81 83 3 19 59 45 38 50 2 0 63 48 61 72 80 36 39 23 56 88 93 79 62 30 77 5 61 74 60 65 54 36 35 78 59 83 2 72 99 70 38
88 67 56 56 4 65 34 50 15 46 45 46 78 79 5 47 32 61 32 73 50 78 52 64 95 49 24 75 60 90 47 71 5 31 8 60 46 45 3 5 50 57 43 88 87 24 97 21 52 86 1 94 58 91 39 10 22 75 42 67 6 18 72 62 36 57 87 73 16 90 37
17 40 39 45 88 0 14 95 29 100 71 80 39 55 40 60 32 42 42 96 82 83 76 20 56 27 13 12 59 51 74 35 68 63 82 80 37 19 100 84 71 55 76 87 23 52 7 26 9 8 98 72 92 13 83 76 95 62 53 72 83 88 20 95 64 93 39 1 91 39 83
97 10 1 29 13 34 95 91 58 36 88 3 9 23 37 45 63 44 15 31 11 66 11 38 50 61 87 95 65 62 18 97 21 20 29 1 38 29 72 66 40 41 73 47 20 89 96 36 70 29 33 84 18 27 66 31 41 71 49 57 48 14 34 0 76 25 48 5 33 7 12
34 22 82 21 74 35 48 61 20 76 17 7 47 50 38 57 30 83 17 5 45 59 36 27 71 26 23 77 38 75 1 2 68 54 46 74 30 93 13 76 9 30 66 31 9 46 81 92 53 85 25 37 38 6 12 76 44 9 30 37 45 65 4 60 67 47 11 91 47 93 42
93 8 89 62 31 57 61 41 44 89 64 14 3 70 2 56 53 96 94 56 33 2 49 30 51 44 34 65 49 34 54 96 92 81 30 18 56 16 44 66 58 98 100 68 56 90 18 94 10 100 24 97 24 51 31 51 33 32 36 16 33 78 92 6 15 53 9 73 69 36 25
2 48 17 51 24 17 72 47 25 69 25 36 47 19 17 24 70 1 16 24 44 71 30 24 58 31 1 26 3 61 81 50 93 81 63 77 63 29 11 93 82 61 64 91 47 87 9 3 5 63 19 6 55 54 76 62 64 67 16 24 19 1 39 42 50 89 34 1 55 85 17
7 12 15 95 28 82 42 29 61 70 30 60 44 66 37 22 45 19 91 63 29 79 1 94 93 36 40 91 11 93 79 61 2 60 43 53 79 54 67 28 91 98 4 96 89 54 26 39 14 22 16 59 46 15 74 60 74 33 98 47 16 91 32 26 70 10 42 18 72 85 73
8 13 17 97 28 44 43 89 100 49 27 75 14 43 52 1 24 42 28 41 28 94 35 90 35 70 62 60 65 38 36 26 43 11 60 40 28 44 50 9 1 28 90 67 59 34 8 97 16 23 69 94 67 97 75 63 7 40 27 45 93 32 7 0 24 76 14 92 38 3 55
48 88 96 18 24 74 100 0 34 94 14 54 72 44 18 12 13 68 36 13 31 81 66 20 31 15 25 48 17 78 40 74 73 6 39 6 75 59 13 90 88 48 23 8 29 45 21 72 74 47 70 39 90 1 86 63 85 46 4 57 10 84 86 28 0 20 49 26 97 93 37
98 68 63 25 34 76 97 64 60 99 31 30 13 94 0 35 31 16 74 12 39 15 26 73 17 96 20 58 91 90 90 12 44 29 42 44 67 66 25 87 3 99 36 5 87 2 69 77 39 97 58 5 60 45 40 12 71 78 58 47 31 64 20 29 86 93 65 90 92 93 25
94 70 76 68 73 15 85 51 15 71 64 16 11 74 65 63 71 63 56 40 59 85 42 16 29 20 71 5 63 7 53 80 90 12 16 47 57 78 40 70 94 96 91 77 26 96 48 82 75 46 83 35 91 98 3 76 45 45 46 41 70 75 57 28 75 75 65 88 76 46 64
56 100 20 20 4 6 11 58 23 1 86 16 42 9 5 67 5 99 21 84 23 17 18 93 3 0 4 24 24 99 96 20 3 44 0 39 49 94 21 4 13 18 95 88 100 13 6 3 94 76 53 79 76 38 40 29 68 11 66 19 4 31 9 62 4 16 63 59 31 41 49
74 53 57 2 22 76 44 16 92 32 20 67 17 97 37 18 65 25 84 86 37 30 44 99 45 24 70 38 22 43 4 2 19 31 32 23 72 85 75 34 95 13 6 5 81 23 5 85 97 27 75 44 76 36 97 53 94 36 20 94 73 41 21 61 83 43 36 53 91 14 87
42 100 94 97 3 90 80 68 29 22 42 72 3 61 75 29 97 83 64 0 100 51 92 1 25 48 52 35 50 61 21 70 41 79 12 97 40 2 35 24 28 53 5 32 73 86 1 9 48 57 96 68 15 43 73 99 50 64 14 88 34 99 31 56 0 37 56 97 37 66 52
60 46 40 59 83 20 22 37 89 56 7 95 29 86 73 42 71 78 49 41 47 1 7 49 4 31 53 19 25 37 46 77 0 89 29 82 91 44 19 1 40 68 78 79 99 6 75 16 61 1 39 82 27 81 71 59 71 46 27 27 61 1 69 19 75 70 63 51 40 78 47
1 99 4 81 85 80 85 40 9 1 45 48 24 72 71 31 43 56 93 51 40 76 51 23 15 21 83 19 70 24 90 27 96 86 19 30 77 91 37 84 31 29 75 77 47 19 10 23 32 57 71 84 41 29 30 63 82 100 12 41 35 8 81 47 88 90 92 15 40 49 0
72 28 13 21 96 44 19 95 59 71 35 7 70 85 40 63 50 47 62 48 36 18 88 40 30 96 66 56 95 61 43 3 22 63 1 19 32 99 100 25 79 29 28 36 13 34 87 89 34 78 67 45 43 98 37 58 60 68 31 78 18 51 27 72 38 70 30 5 63 73 31
50 32 7 83 1 42 7 29 48 44 21 38 6 16 71 8 44 35 95 67 49 35 78 21 73 46 24 88 45 29 30 71 97 36 43 75 99 61 10 66 14 15 73 38 42 17 92 86 36 76 23 36 17 15 37 32 18 4 26 42 91 40 42 17 28 89 67 36 0 14 57
77 18 15 32 10 57 76 29 65 100 85 46 66 17 92 2 53 41 71 56 68 95 59 22 1 52 65 0 40 96 20 80 55 41 35 64 1 39 28 1 72 82 37 62 69 69 91 4 77 94 66 26 19 61 34 31 95 65 61 12 65 1 80 72 34 26 55 54 20 70 24
24 8 98 23 87 27 15 31 44 60 64 52 50 16 80 97 35 10 21 8 35 63 28 50 0 37 60 41 69 44 67 42 82 34 69 37 27 39 94 30 43 18 34 25 31 76 60 70 69 34 62 79 3 37 70 79 24 51 51 26 28 91 61 42 46 48 43 67 82 21 27
43 28 55 71 7 75 86 62 66 57 54 79 3 59 19 33 56 55 78 81 24 35 45 36 66 8 47 53 81 40 21 1 81 17 43 31 48 66 7 76 100 95 85 100 32 15 63 73 100 89 30 68 35 56 9 36 77 87 2 62 99 93 25 58 4 35 80 9 13 43 36
41 62 26 76 74 57 26 9 57 29 80 22 66 84 90 21 56 29 72 65 28 21 35 83 83 42 99 72 34 75 6 11 6 73 69 12 19 0 19 3 15 61 63 79 61 52 64 24 62 25 34 75 18 30 97 23 13 17 37 86 63 16 11 66 35 97 52 80 31 58 55
4 96 33 97 31 56 24 1 57 87 44 38 28 85 39 8 85 66 38 95 89 71 12 25 28 16 82 80 53 59 96 93 91 53 20 76 85 22 88 21 52 27 75 31 35 29 23 88 13 2 77 5 42 62 14 32 70 4 87 35 30 96 52 41 85 2 18 7 5 52 17
8 18 27 47 21 14 28 44 27 56 81 81 51 96 52 37 27 50 15 6 5 73 85 47 90 98 52 84 58 12 56 59 54 52 7 7 96 57 88 12 30 49 17 62 70 34 48 43 28 26 100 39 60 14 48 3 44 23 94 7 55 14 92 51 36 48 2 50 87 5 20
31 61 34 55 1 87 21 46 98 20 96 9 60 4 94 35 76 99 72 46 82 33 45 25 79 3 10 77 62 92 22 70 76 71 92 11 51 19 48 75 3 94 35 39 24 71 79 64 83 44 68 77 36 93 3 95 93 12 86 77 31 85 57 25 78 40 11 35 49 70 78
68 26 83 32 70 30 83 25 63 6 55 31 83 65 61 68 77 52 24 97 13 1 45 97 57 49 13 60 24 30 5 40 46 31 49 75 42 90 36 30 73 3 35 5 46 62 84 83 64 85 93 57 98 1 1 84 34 21 32 5 99 15 46 40 39 67 98 73 84 52 4
48 56 77 44 68 79 4 57 92 14 69 2 33 11 39 90 88 56 57 79 10 48 28 95 8 89 58 72 30 58 52 72 99 62 78 17 84 56 60 92 80 25 40 61 87 50 94 95 89 25 80 39 46 90 56 38 37 71 81 92 21 42 25 43 78 28 35 56 95 88 22
11 81 0 62 83 3 7 100 30 34 46 10 82 29 3 7 67 79 51 1 93 22 64 33 42 15 93 44 23 96 62 8 49 63 93 5 37 34 34 81 96 15 30 17 98 7 37 65 6 45 77 23 22 56 1 38 90 72 76 98 43 10 94 25 91 74 33 35 59 77 68
69 11 95 72 89 26 50 70 97 62 15 86 18 50 14 28 44 9 59 8 25 23 12 75 91 64 42 39 38 55 99 41 53 28 12 79 38 85 82 85 69 36 62 72 44 3 73 98 97 83 7 72 24 24 73 42 7 21 82 96 61 32 17 91 40 99 70 89 42 71 72
85 51 86 89 99 82 25 54 1 76 68 14 40 42 18 86 4 78 34 44 55 67 48 96 69 6 90 5 90 100 51 95 38 57 32 79 99 57 3 57 95 70 74 83 97 80 96 18 52 71 65 71 2 56 17 82 74 60 1 83 57 83 71 16 49 95 70 35 48 66 80
32 4 34 57 70 78 85 45 31 93 6 60 54 78 26 10 1 16 97 54 29 90 12 30 31 8 63 27 75 66 91 38 10 58 8 28 3 69 99 78 2 26 86 82 92 60 7 94 63 27 68 83 52 100 28 79 8 24 0 85 85 52 83 74 12 2 39 39 36 96 4
83 72 19 68 24 4 50 79 100 52 54 99 58 11 71 70 40 51 5 81 58 40 97 11 90 73 16 94 61 46 85 31 69 70 68 0 86 34 99 79 76 78 92 60 6 48 52 98 95 11 60 53 89 23 68 25 7 81 30 57 79 7 3 9 18 69 82 46 80 85 84
46 41 20 56 81 6 39 66 94 39 0 31 26 85 90 13 33 42 28 88 23 31 67 74 49 12 89 48 74 88 42 3 62 27 20 6 43 25 5 85 38 25 92 35 74 98 75 4 4 59 28 92 16 6 84 12 20 63 5 25 49 51 23 91 91 26 10 66 43 19 29
7 42 49 54 55 70 79 45 34 84 98 73 15 32 82 2 79 12 68 76 82 24 57 29 91 64 98 99 44 20 26 16 48 96 59 36 96 22 75 50 98 60 1 10 88 63 18 23 1 41 44 70 50 48 25 57 87 15 83 79 79 41 61 72 29 52 88 87 15 20 32
39 84 17 27 69 55 1 48 100 22 0 38 47 7 69 19 41 91 51 81 69 27 32 70 45 38 25 19 8 97 35 78 95 22 34 4 30 17 78 15 71 74 20 13 55 18 71 56 91 27 72 52 92 12 32 78 19 33 0 51 72 12 88 96 79 50 73 53 17 62 64
70 8 73 34 40 46 82 3 73 43 59 80 53 56 78 32 25 56 94 30 13 68 31 69 98 21 2 23 80 48 37 59 95 6 89 53 7 61 98 43 50 100 68 56 19 33 88 84 26 96 61 86 28 11 94 82 42 70 25 60 47 30 47 36 52 14 59 69 41 32 41
9 42 96 24 22 46 51 18 50 54 90 56 6 61 20 81 48 60 64 43 85 81 2 83 68 40 85 89 55 59 25 10 32 38 46 83 67 99 33 4 81 49 18 76 64 17 65 39 83 35 90 30 57 81 79 24 87 64 64 62 91 100 59 44 75 76 37 94 64 98 23
68 66 84 92 39 97 25 93 2 51 39 95 63 39 49 60 35 86 66 32 48 59 88 83 57 60 87 3 90 57 23 28 89 45 14 77 57 6 52 95 89 10 2 28 75 65 6 34 74 46 60 35 56 94 52 36 88 4 0 50 32 55 31 23 54 98 68 27 55 69 57
44 19 52 28 95 64 95 69 72 61 77 77 46 12 66 3 75 33 67 13 91 4 43 63 75 84 43 85 49 12 46 11 73 58 75 89 54 80 60 92 89 90 80 1 57 55 63 95 8 88 94 57 9 79 36 40 89 84 49 32 36 21 61 54 27 6 8 22 50 34 82
17 49 62 53 26 67 64 90 98 65 78 62 12 34 93 7 32 46 71 37 91 27 26 74 95 32 35 50 12 6 58 65 22 24 89 83 51 82 58 95 87 26 93 96 25 4 2 46 83 62 78 67 77 97 90 62 0 32 45 100 78 47 11 7 43 99 41 31 47 82 77
91 83 42 27 69 30 83 48 60 4 29 57 56 1 49 61 68 37 44 56 14 77 44 71 46 60 35 85 75 83 96 10 27 88 88 69 64 87 71 57 98 60 5 69 99 91 34 17 40 30 38 60 97 75 55 70 17 31 59 97 20 19 24 5 45 49 21 69 55 8 55
78 83 88 23 2 80 54 81 82 55 62 12 72 55 87 62 2 50 80 69 98 42 55 30 38 57 100 78 30 74 82 31 39 43 1 32 69 78 91 2 42 67 90 70 72 10 65 61 100 52 4 17 90 85 2 63 79 15 56 85 27 91 15 60 2 51 59 18 79 14 9
51 19 9 83 56 75 31 44 87 78 43 23 53 37 37 15 5 1 22 53 47 3 6 20 72 90 45 36 76 1 11 79 63 16 28 13 60 14 26 2 38 22 71 21 66 80 74 67 53 82 71 32 59 41 76 54 56 79 89 96 100 17 7 50 88 17 7 41 65 57 26
98 97 0 25 58 43 13 65 30 71 37 51 97 31 74 61 94 8 22 26 34 10 66 5 94 4 35 34 42 85 23 17 66 19 100 46 95 30 83 67 30 53 93 62 24 53 74 5 52 81 2 98 46 67 84 53 59 3 52 6 11 18 56 5 25 27 93 69 98 97 94
0 83 53 70 93 92 84 63 97 28 31 25 71 38 63 32 2 98 74 83 73 25 67 49 82 9 14 30 53 39 44 98 83 81 69 43 25 42 40 57 24 100 41 28 25 57 59 70 83 43 92 9 30 69 35 52 53 82 98 66 80 78 10 13 34 32 85 85 70 41 45
28 25 32 8 23 21 62 90 91 83 12 19 41 14 15 21 26 11 12 26 38 12 25 48 70 33 69 16 51 62 75 57 2 48 43 99 83 98 92 26 35 84 3 91 34 57 2 93 71 100 81 53 27 30 76 11 87 78 10 80 17 40 89 94 29 69 53 79 40 7 54
26 19 21 7 45 77 94 45 82 58 30 55 42 35 15 50 7 1 53 8 99 99 61 66 56 14 74 2 65 10 89 38 45 59 47 38 65 65 13 75 8 42 84 12 90 95 87 35 80 76 86 68 82 52 4 7 15 54 53 31 43 65 2 74 53 46 58 5 94 35 31
100 65 15 14 92 20 91 93 95 90 17 59 24 82 66 44 11 77 76 100 59 32 86 60 83 76 59 91 88 13 18 30 45 99 100 69 10 37 89 93 93 75 74 25 27 65 100 63 27 17 39 64 30 90 52 8 4 55 6 63 50 43 20 91 50 4 58 87 25 93 52
81 51 0 29 84 63 94 43 90 48 44 5 66 15 52 56 54 68 7 7 86 95 48 94 10 34 75 66 10 48 13 12 18 11 15 72 16 49 81 49 61 55 77 49 98 9 11 16 75 52 81 44 11 76 52 23 2 99 78 2 15 69 78 70 68 28 41 66 32 73 49
72 62 77 70 6 35 70 87 54 61 4 20 5 18 66 100 28 62 57 8 32 86 33 75 74 87 23 35 60 51 86 77 78 100 12 89 11 78 79 37 82 9 53 44 78 46 74 35 2 58 49 16 56 68 80 87 30 93 30 87 100 10 37 70 87 12 75 3 98 64 95
87 66 57 33 5 33 53 44 65 22 67 90 37 56 71 44 2 18 31 40 64 86 40 48 72 82 100 45 50 98 9 55 70 77 2 4 23 69 98 82 90 49 4 56 74 60 42 47 69 63 95 57 78 54 37 21 67 7 46 86 73 35 36 76 31 26 94 67 92 18 7
29 6 49 50 35 0 17 10 89 44 99 34 38 8 19 80 65 60 18 89 34 4 2 54 90 94 69 41 70 41 73 0 71 98 81 67 84 17 59 90 74 38 62 39 39 44 17 13 19 15 61 81 79 29 71 1 48 48 17 70 13 75 19 64 4 78 15 100 89 97 32
33 59 54 57 38 4 60 52 64 41 7 98 33 40 42 13 48 21 90 67 59 25 60 27 66 0 95 78 11 98 16 29 35 71 40 88 59 46 94 6 74 41 58 20 47 76 55 15 34 24 87 16 47 62 99 65 17 29 48 61 3 29 0 53 54 56 29 68 0 94 68
26 41 93 9 35 16 27 14 74 8 75 1 53 94 0 76 61 47 92 55 81 6 31 74 22 86 12 41 18 59 66 25 82 22 97 20 2 56 12 19 85 40 67 83 30 25 4 48 15 92 84 52 51 49 96 49 20 12 33 1 92 17 40 26 31 59 32 16 19 48 4
95 25 7 74 9 62 83 98 86 23 17 49 89 56 99 60 36 87 20 3 51 34 95 72 35 5 64 14 14 58 32 76 30 24 46 60 61 21 96 43 4 47 18 63 74 33 0 68 43 45 56 64 10 73 49 29 67 32 90 60 65 16 5 44 29 79 43 19 63 74 90
13 39 88 92 35 82 91 9 61 20 35 46 63 71 49 20 36 86 68 69 77 38 46 8 70 78 5 7 36 39 42 88 24 20 77 20 56 44 60 91 90 100 24 65 9 90 17 11 10 65 45 8 5 64 9 6 24 21 38 46 97 90 67 100 28 26 42 72 15 32 36
49 71 65 98 61 7 80 88 62 46 66 7 25 72 30 19 31 48 65 57 5 44 96 87 88 74 76 78 36 51 45 86 69 9 72 85 0 20 75 37 44 96 37 7 12 51 28 12 46 59 44 20 62 88 60 81 16 49 88 56 59 51 69 79 9 60 37 25 64 19 62
78 0 48 5 4 32 25 46 5 23 73 54 98 67 38 89 86 66 58 27 95 22 62 90 56 87 94 67 46 84 65 82 8 90 93 50 25 81 24 24 75 22 77 30 88 75 75 0 91 33 90 25 57 30 52 4 29 4 93 76 82 63 56 58 49 25 67 60 27 58 60
63 40 96 1 88 50 66 1 27 17 100 100 68 98 17 22 10 93 42 81 16 66 8 21 8 35 75 55 66 43 15 10 80 75 13 60 8 96 50 51 51 84 4 64 33 88 73 96 18 1 36 71 2 14 56 47 65 58 64 70 21 17 17 18 29 58 27 6 20 86 13
89 0 98 73 25 62 9 99 91 78 11 55 13 19 81 60 52 4 86 63 100 89 93 74 46 58 75 87 53 22 20 90 69 43 69 7 19 27 27 76 53 85 92 3 4 26 7 85 80 61 53 48 43 80 18 45 32 88 43 17 34 53 1 10 43 97 97 52 72 71 30
71 25 7 85 69 28 15 36 61 62 90 98 31 76 92 74 6 30 20 29 99 43 44 7 20 2 20 94 96 9 82 74 58 31 90 80 7 57 96 86 98 99 72 87 93 15 38 19 48 92 87 62 3 43 78 86 59 84 67 52 57 61 21 54 88 69 39 44 64 54 98
83 52 22 52 85 58 44 69 0 72 4 39 29 29 7 83 95 5 67 73 44 31 60 63 99 90 98 49 93 44 15 75 75 36 88 87 59 55 98 12 98 9 87 83 19 0 81 53 42 57 3 62 1 41 91 48 76 40 43 95 60 81 39 97 78 81 29 2 78 33 41
89 9 4 36 63 82 50 7 83 63 73 47 3 60 69 13 49 33 15 88 41 0 72 90 91 81 12 100 94 4 73 15 2 58 61 81 71 80 49 84 26 19 96 40 19 13 32 14 52 51 44 76 51 58 59 67 24 20 53 15 32 73 57 6 71 27 98 70 60 17 31
79 12 27 82 18 48 53 57 86 74 13 31 4 90 66 25 42 47 27 40 45 60 1 90 40 23 50 32 78 51 79 21 83 4 0 84 78 78 86 41 83 99 82 66 3 46 62 91 15 3 81 95 70 13 63 60 94 18 4 41 93 91 20 79 74 76 10 100 60 50 21
66 15 13 16 72 42 65 17 80 75 50 44 25 97 49 59 6 49 98 24 27 21 91 53 37 27 83 6 59 34 32 72 72 72 52 36 79 15 88 93 50 45 32 45 84 84 11 28 85 33 83 0 69 95 85 95 91 58 30 13 79 11 7 93 75 57 67 77 59 49 5
36 90 9 61 58 82 48 15 37 60 66 70 79 13 17 32 52 98 71 98 13 34 90 5 14 98 22 21 76 29 87 96 3 100 81 37 44 86 78 47 53 58 99 28 52 91 89 28 82 83 73 17 10 88 45 42 40 55 84 71 93 5 93 0 82 51 90 22 29 64 20
32 18 17 74 54 44 90 62 26 12 96 81 1 56 61 8 36 79 43 58 95 100 2 5 60 82 35 5 82 61 41 80 24 72 8 22 51 44 20 83 97 75 3 68 65 64 48 6 96 2 20 14 73 49 10 28 50 43 39 16 65 39 84 65 2 53 48 51 73 66 56
18 46 1 61 82 100 17 60 76 40 4 81 24 28 62 83 93 42 39 79 72 11 25 66 38 14 26 71 85 87 95 5 90 46 97 82 29 23 48 54 7 40 19 59 63 79 75 62 16 38 99 24 67 43 19 81 56 0 10 24 57 61 38 48 53 69 1 55 68 65 11
49 59 66 57 4 47 55 56 50 79 63 47 96 85 41 84 90 62 85 23 7 25 41 90 2 59 79 46 30 16 39 60 2 95 46 78 76 32 81 47 76 41 22 26 3 100 40 31 15 7 94 42 21 53 97 5 21 7 6 35 73 3 55 82 88 86 20 40 82 97 47
75 98 9 46 74 18 81 83 42 62 41 46 41 65 50 89 26 93 19 79 79 39 54 9 69 27 54 27 59 11 96 66 77 26 96 76 79 39 49 98 15 77 42 22 92 50 79 1 91 46 0 48 76 58 68 60 8 31 96 27 62 22 89 22 3 44 63 11 39 11 46
16 55 32 72 21 60 59 44 20 53 53 1 84 96 44 83 37 31 20 42 22 49 94 31 63 75 1 73 77 16 77 69 67 57 59 18 80 55 35 98 36 0 47 59 27 0 35 68 98 72 51 44 80 18 49 90 48 49 5 0 72 1 17 53 55 69 65 59 28 87 55
27 66 32 88 41 22 16 32 19 6 46 82 62 56 3 94 37 62 14 98 21 91 18 44 74 13 14 50 53 89 41 95 30 0 41 21 65 18 72 35 39 72 97 61 18 17 37 32 73 63 97 56 89 84 92 76 38 82 48 99 98 71 94 12 32 93 49 85 69 48 76
11 9 32 76 100 87 87 43 2 95 16 47 51 91 41 9 49 15 74 1 95 15 9 87 24 20 77 68 93 34 36 41 96 5 21 48 74 20 99 84 74 41 15 8 62 65 10 27 87 97 99 9 23 34 99 45 92 41 17 72 2 34 92 94 34 33 37 43 69 15 45
64 6 22 30 93 63 78 84 5 59 72 86 19 34 41 76 66 71 37 31 92 62 73 44 19 19 21 97 46 65 59 72 45 89 67 55 100 44 18 43 0 60 63 42 18 7 21 13 88 17 37 76 4 87 13 55 89 11 39 62 26 12 45 11 100 31 63 49 84 90 55
4 96 24 53 86 52 1 49 49 25 94 58 55 19 56 25 87 96 7 60 49 73 49 3 7 87 72 75 69 10 42 10 31 23 4 69 33 83 96 30 11 1 78 60 67 80 21 35 86 36 30 9 3 94 1 86 51 24 61 17 65 85 89 88 18 13 50 71 5 17 51
17 71 50 79 2 57 59 27 53 17 46 49 12 60 53 30 15 28 21 82 1 48 90 22 11 98 77 72 95 41 18 50 91 31 74 33 52 45 37 81 16 19 50 4 23 24 15 73 10 19 14 57 16 0 24 35 95 25 20 39 93 31 27 16 28 51 21 49 27 37 17
89 54 77 51 7 79 18 74 81 79 96 11 51 97 49 88 36 50 34 6 73 13 33 8 0 6 4 57 94 31 81 18 98 23 59 82 13 42 11 68 54 36 25 91 62 54 33 53 39 44 37 42 7 25 28 44 10 0 69 72 5 56 63 2 54 77 100 94 79 53 69
2 18 12 68 51 47 80 46 40 48 1 52 86 19 41 5 39 66 83 0 17 50 17 92 64 21 72 10 61 72 88 48 10 12 89 71 16 53 90 72 27 46 47 45 45 2 45 5 62 82 56 42 75 71 73 99 87 67 18 90 18 91 51 65 5 92 37 79 28 73 10
22 99 0 45 26 20 86 96 10 92 27 63 18 52 56 49 84 79 100 69 18 93 65 1 38 60 17 66 17 3 65 75 58 76 97 26 46 42 23 9 72 17 97 5 9 89 55 95 41 84 66 74 23 92 20 51 21 28 55 38 68 69 56 63 11 71 24 23 52 98 49
11 76 89 8 64 91 70 70 0 84 66 37 15 74 52 90 60 56 76 90 78 89 71 68 89 8 3 81 14 49 79 6 7 69 12 36 47 64 90 28 18 63 14 80 69 4 77 31 5 25 9 50 19 19 66 33 49 97 43 3 1 47 63 60 26 39 59 77 15 95 67
14 5 42 17 52 12 75 89 85 58 0 77 26 17 30 27 33 47 27 18 21 61 73 97 20 85 3 36 30 40 26 20 39 7 41 17 37 0 46 22 84 87 3 16 50 8 54 59 30 67 15 53 41 66 56 36 78 36 68 18 95 30 66 95 39 35 56 13 17 44 60
9 38 76 96 34 85 69 96 15 71 74 29 99 43 85 36 55 2 19 100 48 19 27 58 100 73 77 92 25 60 43 96 24 16 22 23 15 83 37 65 75 44 83 59 88 90 84 37 97 22 99 60 59 67 100 94 44 91 52 53 22 48 14 65 9 62 42 58 83 32 70
46 87 78 49 81 60 68 4 74 86 99 76 6 52 25 39 39 77 41 25 95 97 72 37 54 26 15 28 99 29 53 43 60 30 24 99 40 32 5 16 45 72 38 72 44 26 3 17 95 57 66 47 69 25 55 25 30 42 67 47 26 3 79 5 25 91 40 31 74 0 82
72 35 22 91 47 17 77 85 92 77 0 5 71 28 76 55 13 36 74 55 76 49 65 85 36 0 63 26 18 97 69 40 36 71 4 58 7 43 42 72 80 9 87 72 63 28 42 62 94 94 26 78 4 70 40 51 81 90 16 7 42 1 82 8 12 61 73 73 12 33 74
56 97 80 30 19 67 92 50 32 92 30 29 50 38 51 7 9 43 13 22 96 59 81 21 38 10 96 93 58 11 35 38 56 23 22 68 95 56 24 82 57 98 85 26 44 11 70 78 56 100 9 6 43 48 39 11 64 77 71 29 63 26 14 62 35 71 22 58 45 26 88
30 55 61 83 68 76 68 30 61 10 7 78 78 9 35 93 22 60 84 53 58 96 17 51 11 59 69 19 80 39 24 94 63 77 59 23 68 30 80 73 58 6 8 48 0 58 10 94 56 81 24 38 43 43 63 84 3 54 43 43 52 8 41 68 99 60 51 54 8 37 7
86 12 9 0 84 58 80 97 70 92 97 43 62 40 99 68 44 58 31 51 67 1 86 81 68 20 53 80 69 84 38 32 95 88 27 65 95 19 47 78 33 47 85 35 62 29 38 42 96 70 8 90 73 73 63 40 46 21 49 62 54 43 92 30 40 90 86 37 16 97 18
93 87 90 14 31 42 37 62 42 78 42 96 39 82 92 68 72 41 65 88 29 2 16 5 93 80 63 100 32 12 13 0 17 72 69 40 38 27 2 95 58 39 37 94 64 73 25 51 48 92 63 21 53 95 62 29 2 87 54 79 29 16 76 69 28 26 34 46 40 35 36
91 28 38 86 81 2 24 92 24 53 90 56 84 87 69 73 75 12 21 83 54 21 1 56 10 23 53 36 62 19 5 23 18 23 70 91 36 4 76 63 63 37 71 83 9 53 66 28 26 93 39 11 80 80 95 80 23 73 71 51 5 79 7 22 28 22 41 66 22 62 53
31 90 64 59 29 43 12 53 64 12 9 77 82 46 87 37 42 60 27 16 5 29 92 97 23 47 28 27 36 66 34 69 11 13 15 97 3 90 72 21 2 13 59 11 51 58 27 28 50 44 45 44 24 99 29 6 91 53 34 25 78 31 19 98 74 83 31 31 77 96 43
93 45 51 55 43 65 1 80 98 6 72 43 23 52 16 48 23 60 76 9 38 63 71 61 0 51 48 32 16 35 76 0 51 67 72 82 10 70 70 80 32 38 98 12 85 48 39 72 86 28 50 81 36 70 50 70 46 55 72 8 44 62 66 23 61 41 94 12 87 38 50
53 39 6 35 49 93 10 60 15 67 77 25 51 48 69 29 83 83 66 72 62 33 14 76 100 23 64 34 35 15 45 1 35 9 64 16 17 73 51 16 27 6 48 17 50 58 10 25 71 2 65 79 90 68 5 92 11 12 22 44 87 27 60 84 13 37 88 68 79 32 42
75 100 3 8 13 100 59 63 10 28 15 85 26 19 8 36 71 31 82 13 76 24 42 30 75 87 31 63 6 15 61 42 85 8 99 61 61 70 50 23 64 10 48 45 8 34 1 12 21 72 20 12 7 41 43 87 5 28 57 28 40 65 6 87 22 21 71 93 0 84 45
70 30 24 14 73 69 77 23 46 47 92 58 17 76 86 13 58 98 78 10 57 12 59 21 16 66 63 11 46 4 67 18 45 24 99 92 28 96 96 10 15 93 86 97 63 36 23 92 67 82 31 31 91 12 49 52 90 35 39 77 45 80 30 52 60 0 13 44 4 43 66
20 34 79 82 59 87 83 32 63 33 54 59 0 91 99 9 79 52 91 63 32 22 93 94 71 1 69 33 87 86 28 33 53 0 46 65 67 51 26 43 94 23 34 8 93 61 84 62 94 80 95 85 67 52 53 85 50 46 64 100 72 34 64 6 24 22 0 96 18 1 25
75 75 43 79 50 48 70 82 1 59 48 80 29 92 50 50 20 88 29 47 55 47 95 87 34 31 55 66 83 91 47 36 3 53 96 86 26 51 30 69 28 18 81 2 20 0 74 5 38 35 7 96 2 60 66 8 91 94 77 15 44 34 13 23 54 84 64 11 15 67 77
57 28 34 3 88 42 65 43 46 3 29 99 13 38 16 25 81 13 38 3 96 55 38 40 46 100 48 43 24 90 53 72 60 88 19 74 14 16 24 86 13 55 50 81 11 96 10 25 0 63 36 36 36 1 72 16 22 37 95 54 69 39 77 39 79 60 64 15 69 84 97
68 89 34 2 16 75 75 24 28 8 3 33 81 88 69 34 13 20 53 48 16 97 64 65 60 35 10 88 18 64 39 70 52 0 37 59 1 22 60 100 70 44 37 67 14 30 91 37 46 86 56 80 55 59 42 36 19 37 35 12 54 47 42 62 94 80 2 99 71 13 9
56 94 27 77 40 100 10 53 82 8 24 72 31 27 24 29 94 36 96 2 78 44 34 27 32 73 74 21 74 100 75 90 89 87 53 79 3 63 54 20 13 37 74 44 94 66 82 43 25 14 75 14 90 50 27 36 75 52 0 52 48 21 67 6 71 72 56 91 93 50 86
47 44 67 35 44 79 69 39 1 88 100 45 75 56 47 62 81 51 19 94 94 75 65 38 29 27 21 70 46 69 56 89 89 9 100 12 46 87 10 41 19 44 20 77 85 68 48 66 81 77 61 96 52 46 18 31 61 40 99 76 75 99 39 65 76 81 77 39 69 85 50
46 39 76 39 78 4 35 9 16 39 86 49 99 73 66 9 20 26 54 52 29 82 94 25 77 9 53 4 98 66 37 88 18 85 26 63 96 17 23 47 68 18 49 84 43 14 88 88 72 76 90 90 94 47 91 38 0 42 20 14 16 39 42 80 81 84 18 86 19 20 26
66 61 100 13 12 70 84 32 1 14 72 67 43 1 19 43 96 70 47 80 44 17 10 67 45 83 64 63 72 37 51 65 4 70 60 95 59 68 99 96 81 19 90 73 39 86 24 14 10 74 98 11 28 74 0 12 15 18 98 37 60 96 23 45 13 60 91 77 93 71 56
63 25 25 12 36 4 3 99 14 98 81 13 48 67 79 13 83 86 66 31 68 96 82 75 36 1 42 52 94 21 44 94 96 35 70 39 100 97 78 92 23 49 55 11 11 51 46 32 68 48 46 55 54 36 99 62 24 51 2 75 50 88 59 6 95 52 54 50 11 7 98
70 15 7 74 99 96 7 41 94 15 82 18 70 6 74 77 87 46 27 11 30 69 49 41 67 47 85 27 98 59 18 29 54 15 2 34 79 36 23 84 17 19 35 21 95 22 55 37 91 82 64 63 57 18 71 3 85 26 54 70 56 27 42 65 95 47 18 43 80 77 35
87 30 54 44 51 3 15 64 58 46 49 99 96 89 56 32 95 36 13 28 96 47 79 63 67 22 39 79 96 31 29 52 37 55 41 28 94 91 15 73 59 95 90 42 45 29 60 24 6 14 26 44 96 26 46 65 49 92 29 2 28 94 98 72 38 63 77 93 94 56 87
30 75 54 85 63 56 52 41 78 65 1 13 84 25 97 67 18 57 38 21 18 42 15 7 50 64 8 17 6 58 31 86 1 48 91 88 88 38 19 85 45 60 77 56 74 21 74 61 37 61 13 1 91 76 23 55 19 17 46 90 10 74 86 29 45 85 87 82 53 55 43
36 76 99 71 61 88 80 36 99 43 36 0 64 79 56 22 69 14 40 88 30 13 33 99 61 23 25 37 40 39 93 92 4 44 5 96 35 37 34 38 18 71 86 86 22 64 36 62 77 86 61 31 36 78 2 29 52 39 88 35 41 16 23 73 65 92 49 47 46 15 86
78 56 44 72 3 69 67 43 67 27 100 15 89 73 16 60 92 12 22 65 26 97 47 42 8 37 87 82 70 44 92 42 31 29 52 30 65 15 9 19 33 3 26 70 26 68 25 70 66 73 56 16 98 51 27 9 26 58 43 84 2 24 84 40 70 20 71 88 7 9 94
86 43 59 20 78 15 44 62 84 93 84 73 71 62 8 64 40 80 86 14 4 82 72 89 79 1 11 60 74 30 43 76 4 12 24 37 60 93 43 35 100 28 32 91 30 76 26 95 22 9 99 84 84 67 72 21 89 58 55 89 49 91 29 16 94 80 3 43 96 66 22
5 1 13 49 39 93 84 36 16 82 63 84 41 88 14 17 82 54 77 19 7 0 59 91 65 16 80 66 48 0 70 67 40 36 28 20 33 47 57 39 12 92 76 7 71 28 71 92 40 100 2 54 8 41 94 43 21 7 100 4 11 2 79 91 71 3 62 16 20 78 16
0 57 76 23 28 2 1 97 42 71 47 8 91 32 88 0 83 87 61 91 79 93 86 30 96 76 79 16 35 35 3 18 59 19 36 84 18 75 37 3 30 63 95 63 58 54 0 0 72 6 29 53 76 20 78 16 89 70 91 73 98 11 25 65 65 28 20 87 54 85 86
0 22 50 47 24 42 12 53 98 62 21 54 58 40 45 16 38 96 16 19 33 76 19 98 58 83 47 3 12 76 71 19 16 81 22 98 12 92 25 45 80 35 8 40 26 70 25 16 39 86 32 99 49 15 48 8 78 92 73 48 61 57 35 93 0 62 89 17 96 23 64
88 33 12 50 89 45 15 18 87 55 22 43 61 11 57 23 51 83 82 23 18 33 72 12 67 18 58 71 24 36 96 78 98 9 46 14 12 91 61 88 90 85 81 84 37 14 87 56 45 38 33 3 0 25 28 42 2 70 38 43 41 47 34 67 32 6 48 40 52 50 86
69 75 37 24 47 80 90 20 73 40 57 79 47 17 8 88 23 60 2 36 55 91 30 47 20 16 3 82 99 43 98 95 67 12 0 100 5 5 73 59 39 58 12 93 33 15 19 87 59 30 8 26 63 26 27 2 26 66 90 1 59 47 100 54 70 88 61 49 19 27 23
39 87 70 75 75 83 38 86 47 19 89 47 94 28 20 16 58 99 73 20 37 12 10 83 43 86 69 49 24 26 50 65 66 81 14 24 14 57 30 61 6 19 38 45 0 62 43 0 37 93 92 83 43 12 84 86 22 86 4 63 37 95 81 59 6 14 74 32 77 20 21
71 31 47 89 66 73 21 13 35 17 97 25 57 94 19 73 67 43 38 25 42 21 31 26 52 38 74 57 42 68 63 59 37 80 98 34 23 6 69 2 91 93 56 25 0 74 63 61 2 6 68 99 82 30 38 57 12 11 49 4 2 92 34 99 88 24 86 71 49 74 81
13 71 23 59 24 18 8 29 73 81 94 4 70 27 31 8 24 35 7 81 22 37 52 70 27 64 49 35 40 71 17 17 57 59 85 45 80 3 62 62 47 69 71 65 49 45 39 86 90 62 61 13 72 38 17 47 53 11 13 30 69 96 46 85 5 12 69 19 75 42 60
79 16 76 14 96 75 3 4 20 90 79 21 95 13 61 89 25 14 66 52 94 61 41 61 18 66 92 16 67 87 65 35 23 38 45 74 15 80 40 62 67 57 40 56 100 79 46 12 30 20 20 52 25 97 24 21 53 59 98 10 46 64 83 85 25 98 68 76 9 60 28
32 83 47 95 51 53 79 97 19 83 57 65 15 28 97 18 72 57 92 86 47 41 31 88 45 1 37 19 93 20 76 23 30 42 86 93 67 38 34 68 68 13 28 93 59 86 39 14 30 12 1 2 28 76 97 29 78 73 23 83 88 55 38 28 64 94 21 32 57 35 47
57 41 85 49 27 4 78 21 7 87 61 73 2 94 93 63 83 53 4 40 12 56 53 93 99 26 70 72 83 58 14 5 50 38 15 38 98 9 70 63 64 27 77 92 56 78 45 62 70 31 70 26 2 61 90 28 68 88 71 0 36 52 42 30 38 67 96 58 40 77 16
19 96 64 6 95 96 90 16 84 26 88 14 51 66 3 83 68 26 69 39 43 87 72 83 30 19 27 7 5 77 92 14 31 87 46 16 59 94 30 70 84 79 41 58 99 3 63 75 33 39 81 41 76 67 24 82 29 65 10 33 38 83 93 55 40 32 20 90 51 84 9
94 90 79 71 23 55 76 9 23 92 47 100 3 28 16 82 93 12 83 2 51 6 74 67 3 41 30 59 78 74 14 54 12 16 64 39 89 98 62 13 19 16 17 66 93 66 14 68 61 53 2 93 78 86 61 87 32 28 76 12 4 65 97 74 64 88 57 57 68 49 42
97 49 50 99 100 46 95 25 36 0 47 13 71 9 57 40 58 9 76 80 34 33 20 43 43 2 85 1 5 5 14 58 36 54 37 78 88 8 25 47 62 74 1 45 59 53 24 9 64 6 59 21 79 5 70 6 4 33 89 50 18 39 86 22 36 43 51 73 39 73 23
57 81 45 47 9 28 39 89 54 68 68 21 48 5 10 19 22 91 43 27 27 57 3 26 11 51 79 85 15 46 0 29 29 71 10 46 13 18 4 42 89 94 24 91 59 29 97 27 57 50 78 70 63 35 6 100 47 34 66 99 34 8 86 96 89 38 68 20 85 52 81
91 41 35 23 97 5 52 94 53 100 2 92 30 93 78 45 95 5 3 4 71 1 65 82 56 0 58 56 10 46 10 40 83 48 93 92 39 16 26 25 88 83 32 67 2 26 4 65 23 19 63 11 100 56 91 40 13 81 59 39 16 25 48 39 4 73 22 76 20 76 8
38 59 70 69 45 73 2 15 39 56 84 38 49 72 23 47 86 68 96 72 45 27 27 3 38 75 76 73 25 86 78 39 59 71 23 21 46 57 77 39 5 31 35 76 84 92 75 30 13 6 11 40 77 15 75 58 61 92 71 83 57 51 38 39 74 15 37 27 63 24 94
9 58 49 11 1 30 16 76 63 18 40 62 53 24 0 10 21 9 87 89 70 34 44 99 26 24 6 98 43 42 19 42 61 34 18 91 10 54 27 42 44 68 0 6 17 10 91 95 88 72 47 27 73 5 95 42 97 93 46 33 22 26 55 67 11 97 94 75 43 45 66
90 67 72 24 17 79 14 67 78 43 5 100 31 72 67 54 72 61 100 76 31 71 46 25 16 7 20 1 20 70 9 11 30 35 90 92 92 26 100 62 1 81 83 62 70 44 17 84 91 27 69 92 4 92 16 96 15 70 42 48 73 86 38 92 32 63 30 14 53 39 54
74 2 33 22 70 80 42 63 42 46 23 69 17 99 99 92 91 75 12 17 84 76 39 12 52 10 100 55 36 46 80 5 18 56 94 86 76 56 56 7 4 72 30 72 22 89 30 72 76 50 83 5 40 14 15 23 76 31 50 82 16 56 17 85 34 9 47 26 73 30 41
46 58 82 48 46 52 77 70 57 28 45 9 73 2 44 2 21 43 10 4 70 98 9 60 55 60 87 64 24 82 15 32 6 56 21 66 83 63 74 92 16 79 38 70 96 64 85 80 54 66 97 27 12 46 38 78 15 80 73 77 43 40 49 70 27 24 30 88 52 73 49
70 19 6 2 34 36 5 84 62 66 82 22 19 82 55 15 36 57 19 81 7 46 35 27 18 17 32 35 90 91 47 27 22 35 91 27 59 81 70 9 48 19 22 28 84 82 31 23 77 2 20 90 18 1 13 62 31 59 34 89 16 55 94 59 3 0 48 100 9 36 47
7 1 67 41 68 50 81 8 71 73 53 23 68 94 35 48 43 21 23 58 47 70 18 60 97 80 40 33 4 83 6 3 83 96 95 71 43 16 80 3 19 48 67 28 14 36 71 26 35 63 90 11 10 16 18 47 11 28 65 37 5 99 40 87 16 21 18 32 79 72 77
86 57 33 59 31 40 23 2 50 75 36 26 78 13 28 68 78 79 11 28 99 79 20 26 98 83 25 3 10 80 5 68 100 39 56 34 9 68 45 49 69 59 10 79 93 56 6 42 53 96 94 68 89 34 76 87 3 90 22 79 76 57 94 58 13 78 47 92 10 10 76
39 87 7 86 30 22 40 25 37 32 38 26 11 37 86 4 75 100 94 59 1 68 81 14 41 10 23 90 87 98 42 25 7 76 36 5 96 40 39 67 3 61 38 56 32 13 19 47 90 32 58 40 1 56 95 65 25 35 80 66 39 66 99 77 38 20 28 29 66 57 43
33 35 96 40 66 7 54 43 33 49 50 46 78 21 77 2 35 91 52 5 60 32 47 65 87 28 62 46 58 83 68 92 52 69 97 92 87 99 11 17 23 53 49 96 13 10 90 23 2 98 39 73 89 60 63 42 22 95 0 41 21 85 31 88 16 23 69 17 38 19 58
94 38 68 33 16 47 48 26 53 25 35 83 97 30 88 90 79 7 12 23 70 25 13 38 66 16 64 13 43 91 58 52 33 14 66 69 96 0 14 42 25 4 92 55 69 67 30 94 3 80 55 64 4 76 30 39 54 0 47 34 37 69 56 29 89 28 45 86 5 82 34
36 84 53 38 63 66 15 96 24 23 48 22 74 33 42 28 43 83 28 18 67 23 67 89 6 82 33 45 10 45 41 82 25 14 46 72 45 81 94 82 58 81 56 100 78 84 23 64 42 56 40 33 39 21 82 98 94 62 6 16 11 75 33 1 94 8 73 37 60 15 52
77 71 16 34 86 65 32 12 14 63 24 32 5 6 83 35 64 16 42 83 53 61 65 16 96 21 85 52 66 97 91 27 64 92 54 5 10 18 62 12 63 2 74 11 39 97 48 30 76 65 91 80 72 53 21 75 77 54 35 42 28 47 58 5 3 64 93 84 76 74 93
94 33 3 61 89 99 76 95 35 43 89 10 2 2 46 72 20 8 51 26 56 75 45 87 3 23 10 15 86 96 67 65 60 58 47 68 38 8 83 93 39 80 13 40 98 77 17 82 12 86 79 99 95 42 32 58 73 50 8 67 91 80 4 57 46 14 12 45 25 36 28
41 44 59 86 40 58 13 99 97 39 14 27 15 18 33 67 6 72 89 16 62 91 82 61 45 86 85 37 6 52 73 6 82 69 63 23 4 35 14 47 31 26 39 47 54 54 92 89 74 61 24 60 92 81 100 44 69 38 10 10 38 37 37 91 85 33 15 82 26 14 54
50 23 29 77 8 99 81 13 91 40 15 53 27 86 55 81 20 66 51 1 78 12 84 60 39 5 85 96 88 63 63 1 38 20 40 27 63 83 16 18 33 37 3 100 75 84 42 82 79 49 7 4 74 69 24 83 4 45 18 73 25 48 67 68 45 2 67 45 43 82 52
15 76 8 24 62 14 78 75 89 44 56 5 77 1 1 21 78 62 27 99 90 93 69 85 44 40 21 55 89 22 0 86 5 48 3 33 32 75 75 29 75 37 11 26 77 95 6 17 8 76 61 36 70 69 37 38 85 13 91 35 18 95 85 88 99 7 5 42 80 26 21
32 35 27 85 4 84 58 85 66 93 28 22 24 18 90 99 29 18 15 95 82 28 3 65 53 74 74 97 23 79 91 33 3 10 33 79 68 88 45 20 60 96 56 40 86 100 100 15 55 7 77 69 6 39 60 51 8 60 80 93 45 71 13 85 100 76 26 1 74 29 1
2 92 28 13 24 73 88 83 70 83 80 20 53 34 93 40 97 47 95 1 42 62 98 5 25 22 7 98 78 60 44 99 64 86 71 99 36 56 1 45 15 5 87 21 45 88 76 99 80 60 0 84 60 82 20 81 8 77 15 19 12 65 29 7 90 28 82 98 40 4 78
37 86 53 6 95 67 76 79 4 24 94 51 30 35 71 37 56 69 67 90 19 36 14 0 17 3 20 77 66 28 54 22 56 55 12 94 36 69 4 78 0 16 33 83 72 54 4 93 41 68 0 84 64 20 80 89 84 95 66 31 89 95 72 54 4 87 21 26 22 54 55
43 10 53 95 65 98 68 45 85 86 60 41 1 64 2 81 59 8 95 36 46 76 99 94 46 79 78 93 92 14 76 86 59 30 30 68 66 30 85 19 60 99 75 72 52 56 11 49 69 26 62 85 46 32 45 95 49 57 57 22 29 80 51 78 4 93 10 46 3 49 49
62 36 88 85 14 98 26 73 81 24 6 49 56 17 45 77 25 72 59 54 46 35 61 26 22 24 34 48 71 10 57 73 48 50 19 66 86 87 92 48 40 81 9 84 20 71 87 25 97 28 33 97 87 16 6 92 78 35 19 72 55 47 72 76 82 52 100 41 40 84 55
78 66 8 43 91 55 38 40 75 43 6 19 92 26 22 27 17 30 81 25 74 31 37 89 32 72 0 89 87 12 32 94 99 51 28 3 79 0 89 28 65 16 59 78 54 32 23 37 80 30 11 64 8 34 72 78 52 73 16 11 20 28 68 34 94 72 26 68 97 84 86
52 91 29 67 58 96 96 74 60 32 88 57 56 28 41 13 55 58 70 77 63 53 87 25 89 65 77 25 93 46 12 94 14 91 35 53 14 26 56 54 60 53 87 19 55 94 39 22 3 16 11 100 79 1 84 22 49 30 49 70 76 73 97 86 28 100 8 45 51 10 49
89 7 59 62 73 42 7 43 74 15 92 63 24 67 58 78 19 58 58 66 37 2 40 0 95 3 57 93 12 20 0 5 12 33 46 16 78 73 62 58 84 78 8 94 12 1 11 15 79 82 48 79 31 23 53 43 92 61 80 15 12 65 80 58 74 80 93 55 28 62 85
57 73 0 6 57 51 35 82 68 14 35 20 73 70 72 61 24 1 20 41 83 57 39 53 10 16 16 2 64 22 96 94 3 86 75 54 99 36 66 43 36 21 29 73 36 93 11 21 58 0 57 25 87 89 60 13 75 48 53 71 18 74 4 22 47 44 90 10 59 37 93
1 22 22 25 21 12 83 60 69 71 76 77 95 10 19 67 17 68 60 85 17 0 44 69 45 86 95 98 65 97 7 92 83 83 83 61 40 12 69 94 38 96 15 48 95 24 35 92 85 31 5 96 99 69 23 6 15 70 18 9 10 60 45 93 99 84 18 69 69 17 86
38 58 91 34 99 64 50 94 82 44 19 12 97 35 41 52 70 97 26 4 10 53 82 87 88 4 86 17 87 32 59 23 36 28 43 99 40 68 75 96 7 5 1 33 56 57 27 79 17 85 63 81 76 59 77 66 13 46 86 21 92 66 53 67 20 20 14 83 9 48 96
73 8 22 5 16 38 44 89 93 10 13 31 83 11 63 13 8 30 46 18 19 10 14 96 21 83 50 31 50 68 74 44 86 37 78 10 42 68 51 93 68 61 67 83 78 8 35 7 87 34 52 52 44 26 84 51 49 56 89 1 85 45 48 11 36 99 39 21 68 57 36
53 52 87 64 38 95 70 26 63 98 3 71 89 40 37 1 83 85 90 6 72 78 7 60 80 73 57 36 97 59 78 84 64 25 25 67 50 94 51 55 76 73 97 48 70 72 12 61 58 81 17 39 8 83 29 78 85 22 62 9 82 41 38 34 20 67 52 11 53 100 44
18 28 88 89 100 86 85 40 19 38 10 32 54 59 80 1 84 1 86 56 97 42 25 49 7 37 74 93 63 85 84 66 88 40 2 45 9 44 95 96 44 49 33 92 30 21 13 40 73 25 35 27 7 90 0 46 12 77 73 42 52 47 5 21 19 73 67 54 39 24 69
96 67 14 72 49 41 40 69 6 22 35 58 30 4 35 47 29 47 17 28 47 64 9 95 49 13 41 36 68 31 94 25 64 60 34 21 28 71 27 5 64 68 48 74 71 67 54 69 66 58 68 81 85 92 61 89 56 75 11 42 78 10 10 34 49 47 46 20 77 62 83
70 48 16 23 21 68 92 50 83 87 48 22 98 2 68 89 89 69 19 17 57 59 23 3 30 51 68 31 61 10 32 21 41 6 94 21 100 36 13 17 74 46 61 53 2 47 30 75 33 58 100 56 18 72 50 81 36 60 43 75 48 51 9 52 5 4 63 9 52 21 64
9 16 77 32 54 70 6 33 55 20 34 74 43 49 74 8 84 78 37 29 3 54 22 36 8 37 70 77 23 45 52 80 77 57 46 37 78 48 64 54 76 39 91 77 13 11 48 100 60 80 65 66 5 62 22 100 92 19 97 81 12 21 15 66 22 12 73 58 5 85 42
29 27 81 58 27 82 23 15 50 86 32 77 89 28 8 10 28 40 1 59 75 16 20 50 58 85 59 32 36 18 49 98 34 65 44 52 100 52 18 51 98 82 26 74 78 55 21 94 84 77 67 83 19 8 11 88 15 66 48 11 99 17 92 96 60 57 39 68 57 93 75
16 16 44 77 13 18 51 2 48 61 41 85 31 27 28 12 78 66 90 99 79 99 45 35 37 88 54 24 30 69 71 37 100 41 34 57 73 43 22 50 50 30 49 7 40 72 63 79 22 39 51 76 86 14 27 96 88 22 8 11 32 39 55 12 38 26 26 94 99 99 14
9 41 32 19 68 26 86 39 55 34 97 62 88 66 98 13 59 16 51 75 32 47 11 4 76 27 56 87 6 49 100 70 67 2 59 21 19 47 91 38 69 86 4 6 86 69 93 79 55 4 36 84 86 30 14 99 84 52 60 95 59 33 91 30 90 95 55 71 89 17 75
9 21 72 29 72 23 40 91 45 5 89 22 7 61 17 44 20 34 19 33 67 37 32 24 89 36 33 97 70 68 6 58 84 63 37 41 97 62 13 63 44 49 62 69 10 60 100 75 99 24 61 27 60 91 1 33 61 67 26 97 9 88 39 28 82 44 58 26 72 45 49
39 100 73 70 19 93 97 35 93 91 36 58 6 89 85 51 54 49 91 82 68 2 43 82 61 36 100 15 22 40 48 54 53 62 10 28 96 30 55 27 33 79 61 20 37 74 78 40 12 0 87 95 17 17 76 96 57 64 41 27 59 33 45 24 18 75 28 44 64 71 61
74 59 37 25 6 44 76 48 98 71 89 94 68 88 99 82 44 43 65 28 96 71 68 12 78 40 20 2 69 73 92 95 51 45 88 75 86 4 38 74 43 66 62 98 24 82 29 36 57 66 53 62 97 80 45 41 15 90 72 28 15 54 98 87 45 74 85 8 62 41 53
38 18 0 54 30 77 42 79 13 64 13 34 59 56 60 71 49 93 35 3 59 25 76 48 11 41 45 4 68 28 3 15 56 51 64 76 61 85 98 2 27 56 85 5 7 9 95 13 86 7 59 60 54 80 61 31 100 74 42 44 50 33 23 24 88 53 94 73 77 19 69
1 28 95 87 15 51 61 29 72 27 28 5 98 18 80 65 51 53 2 85 32 61 87 90 32 1 65 87 42 19 42 95 57 37 90 82 26 76 18 68 27 80 76 77 46 17 53 31 4 42 16 25 98 52 3 78 37 89 62 42 42 27 24 49 83 0 35 100 94 100 76
70 70 94 90 97 91 7 53 37 32 63 14 46 4 34 100 67 4 63 87 99 3 87 12 10 4 18 67 64 47 91 57 70 41 8 95 66 87 7 18 31 59 50 79 30 67 62 17 35 45 21 58 97 2 86 39 64 96 59 59 19 89 73 8 26 71 52 44 57 4 92
15 2 39 79 17 1 94 43 16 41 37 23 6 51 63 46 75 4 24 85 42 79 12 31 38 61 58 99 73 11 45 55 8 25 32 27 7 61 12 10 97 42 77 58 76 96 45 88 52 34 29 10 69 37 61 95 0 99 73 72 45 91 94 39 40 26 36 93 100 2 79
26 35 11 87 71 84 8 92 51 39 53 100 80 9 17 93 64 39 5 17 60 75 39 91 35 52 43 33 64 96 100 24 10 11 26 77 29 60 63 98 31 10 12 46 7 92 41 14 10 51 75 73 33 22 91 64 73 76 90 56 12 9 37 83 33 58 71 25 82 45 16
1 21 18 66 75 54 48 18 7 5 38 55 26 26 17 100 42 72 75 43 48 99 67 62 32 14 50 70 18 53 29 18 14 63 38 79 49 18 7 31 64 2 29 39 58 8 92 96 93 56 57 80 12 67 77 38 73 35 8 28 85 53 49 8 29 91 9 59 96 61 60
36 59 11 48 10 43 55 14 72 11 2 23 15 96 97 17 98 71 59 69 91 37 84 31 55 49 29 81 29 72 96 7 71 87 87 81 80 36 34 16 66 63 99 87 2 76 80 7 93 76 95 10 77 31 25 11 0 39 54 22 59 100 1 15 44 89 22 1 28 53 21
36 35 46 22 70 68 41 11 8 31 30 36 37 93 52 71 49 67 41 53 91 73 44 44 16 62 87 49 10 9 64 63 20 60 65 100 40 44 56 95 100 38 69 21 27 82 1 57 45 77 37 23 27 22 16 63 40 64 20 8 66 45 31 93 47 43 75 93 3 60 40
24 82 43 76 95 11 18 68 6 55 23 37 44 73 79 92 50 16 71 12 35 14 25 72 2 4 87 0 60 95 36 21 71 16 38 25 60 54 0 81 83 97 41 23 18 82 67 30 64 14 74 60 25 15 13 81 23 62 21 34 85 11 59 58 25 96 99 52 70 32 57
55 6 0 24 35 40 58 9 26 41 77 58 59 68 2 48 12 61 85 73 33 35 76 86 32 15 71 97 83 69 31 34 32 41 45 19 52 18 19 21 41 91 73 91 46 31 4 19 98 86 81 5 20 36 19 37 16 99 76 3 57 97 83 98 77 45 50 46 66 44 31
54 2 27 83 44 85 84 93 15 87 78 72 7 53 17 87 77 97 80 20 93 7 52 64 7 85 8 48 20 91 98 74 76 69 56 55 33 84 52 0 81 74 16 79 10 10 20 13 2 53 25 59 2 91 0 65 49 77 56 68 92 74 16 62 83 92 35 9 51 37 53
93 36 98 92 63 0 91 91 13 95 44 13 69 99 54 37 21 92 50 91 56 48 59 85 42 13 73 0 2 93 40 99 5 34 23 63 6 94 74 19 69 95 66 16 57 4 58 28 93 14 33 72 40 24 4 39 10 79 50 49 1 3 7 3 33 22 37 17 86 70 6
28 27 88 27 16 92 88 56 9 86 72 6 29 31 61 82 37 46 50 94 47 48 4 94 13 52 88 80 21 59 75 78 32 49 55 68 93 23 0 74 100 9 17 30 27 58 5 53 98 82 54 63 31 72 23 88 56 34 47 45 82 34 91 56 40 4 59 0 54 29 49
64 27 70 68 18 96 99 42 32 24 29 85 47 48 59 2 85 46 42 86 100 44 58 99 59 5 76 70 90 60 83 7 48 53 71 20 28 63 79 7 2 51 73 49 6 60 41 29 93 32 23 30 96 89 39 45 29 78 1 42 20 33 58 70 27 90 59 58 6 54 1
24 15 79 21 16 75 87 90 42 59 69 63 86 94 71 60 14 59 30 4 84 61 65 64 95 73 95 92 78 2 61 81 31 47 74 41 21 100 92 97 21 56 12 50 80 1 56 5 79 7 76 44 67 45 93 3 85 20 59 7 89 87 86 60 8 18 49 63 9 75 67
48 11 100 64 67 84 19 50 87 21 44 35 77 8 71 84 6 22 17 92 96 75 9 25 15 48 63 55 17 53 67 30 75 32 17 62 35 59 31 22 91 9 4 30 3 58 54 79 66 36 2 58 4 40 48 33 77 85 61 66 15 96 23 0 59 14 97 13 82 20 15
6 0 11 77 99 86 24 80 42 3 98 37 74 78 11 69 11 72 83 26 93 97 26 92 51 16 13 64 58 82 10 56 66 2 16 68 62 87 47 74 38 21 20 60 30 71 16 4 76 30 30 47 57 21 52 73 82 62 85 38 20 65 14 67 61 1 45 13 63 98 19
51 39 75 76 38 93 98 97 48 79 43 18 33 73 20 14 31 24 35 64 49 22 77 58 55 9 37 5 48 93 6 31 22 57 78 39 9 55 89 17 58 36 22 44 51 50 39 16 12 66 68 53 27 6 40 54 14 87 40 76 8 62 76 59 77 94 84 97 6 14 5
51 19 32 47 92 40 33 95 71 74 92 18 96 31 29 25 79 57 68 55 9 37 86 71 71 41 38 91 13 16 85 98 82 63 33 5 100 17 53 79 46 23 10 96 14 55 2 57 77 28 26 63 89 58 61 81 51 32 40 80 41 40 7 53 65 85 87 72 75 11 29
96 14 92 77 29 47 56 26 0 38 12 12 16 55 69 17 24 72 8 34 2 93 50 36 1 93 7 8 95 36 59 40 59 48 38 97 100 63 34 96 62 13 9 50 56 56 35 54 70 13 53 77 31 62 83 59 68 39 69 24 27 26 28 3 67 80 25 86 30 89 68
46 38 86 52 37 15 33 73 16 92 24 39 34 92 14 76 19 98 12 54 0 31 84 87 17 71 81 40 34 5 91 86 8 33 45 9 35 13 74 50 86 32 45 84 49 61 79 57 53 33 59 98 54 86 7 10 12 44 95 26 40 65 66 87 69 98 60 59 58 91 100
2 61 55 37 18 83 37 1 3 58 35 10 47 6 86 38 40 26 62 69 59 43 0 28 62 39 78 23 55 61 53 61 88 77 21 43 61 16 38 58 18 39 88 81 23 69 43 56 24 31 93 70 66 55 79 39 75 67 61 5 86 4 11 36 8 57 21 19 50 85 27
98 53 50 58 31 78 89 71 66 24 9 91 16 1 53 2 70 48 24 72 78 37 86 19 0 57 71 0 92 72 77 41 28 71 12 24 43 17 65 54 97 24 40 78 79 65 24 33 37 77 39 20 15 70 48 50 19 67 60 57 94 0 61 74 96 81 13 73 84 50 77
54 36 24 40 37 14 11 79 97 66 22 18 18 7 1 42 69 50 85 90 95 91 40 30 12 80 42 7 99 69 50 0 83 39 92 37 1 72 37 90 28 22 27 75 68 75 57 100 26 96 32 95 63 56 78 45 87 39 95 7 15 89 62 66 59 15 22 2 44 19 79
19 74 60 27 54 62 21 25 45 72 8 66 77 69 75 96 16 16 53 89 29 40 60 57 10 66 1 44 55 58 12 5 48 19 22 75 12 80 49 75 10 96 22 99 56 100 83 77 5 48 0 31 53 52 87 79 21 86 77 22 54 78 89 22 95 68 0 70 57 38 76
62 61 37 64 14 2 37 21 8 57 22 19 88 3 82 25 27 54 24 4 89 40 29 94 38 99 0 21 63 46 79 1 74 74 30 34 73 52 11 5 69 44 5 69 18 40 31 78 82 75 57 42 98 86 90 93 79 57 59 30 19 88 96 9 33 36 92 32 20 5 55
44 98 85 42 40 47 11 44 83 9 4 35 91 70 12 20 62 47 5 92 66 59 42 43 44 28 81 55 57 100 65 75 82 19 9 77 92 54 56 87 84 54 42 70 56 57 10 90 49 26 64 12 18 53 48 91 89 14 93 96 97 88 68 94 72 100 22 89 97 0 25
42 20 37 18 2 46 42 42 98 86 7 94 89 64 19 85 87 91 27 35 95 14 71 52 80 79 12 26 49 5 4 100 0 93 33 57 63 38 60 23 17 79 79 96 31 49 99 21 50 31 20 60 46 12 33 20 28 43 15 20 100 24 53 43 96 54 65 30 1 13 91
23 72 84 0 79 87 22 99 61 31 97 45 39 16 46 100 7 98 57 19 93 6 43 19 68 62 64 58 90 23 23 24 4 63 22 61 92 15 78 93 78 10 23 56 37 48 73 22 43 98 11 55 30 99 22 8 74 88 79 20 10 67 8 56 62 45 4 50 59 13 56
94 70 83 55 44 4 19 84 65 57 30 63 40 37 42 45 90 1 46 10 40 79 69 49 35 79 75 8 90 81 12 7 66 97 95 88 30 30 78 1 77 19 36 45 34 53 70 80 6 89 79 72 33 28 36 49 82 75 80 60 30 57 51 70 70 67 61 60 0 13 33
17 19 80 28 70 73 4 62 78 77 18 91 95 19 22 36 31 61 39 78 72 7 24 51 88 45 91 93 47 43 43 30 42 87 54 61 24 3 54 91 17 84 56 42 16 9 84 61 18 74 13 47 70 90 82 43 49 50 18 2 48 81 53 87 21 57 52 73 89 62 29
7 83 96 51 4 41 64 24 65 36 31 23 92 32 26 9 23 24 48 97 19 19 38 51 87 20 72 23 70 21 28 97 18 3 27 57 23 5 74 99 80 78 17 16 18 7 30 65 0 85 49 43 27 75 34 9 53 74 61 55 21 83 23 51 73 51 6 33 3 36 3
8 57 88 93 1 59 6 63 36 27 97 38 38 50 15 45 25 35 44 52 78 9 95 42 51 73 16 58 68 78 18 25 11 38 38 20 40 56 28 50 80 31 87 86 26 98 76 70 13 36 28 61 11 39 54 64 75 83 7 57 47 40 48 74 17 71 59 31 95 63 30
93 48 25 51 40 49 47 11 89 2 43 11 29 15 86 7 57 86 65 4 20 21 84 98 58 16 60 19 43 30 15 5 35 63 12 54 11 74 61 94 72 76 50 6 54 23 13 11 82 19 32 86 19 62 49 55 96 29 99 87 91 28 78 23 15 54 73 83 72 29 57
100 38 91 61 10 69 21 84 89 9 60 34 75 14 84 57 75 19 85 93 98 33 70 53 65 35 97 47 95 4 11 13 53 41 38 13 97 21 0 86 88 18 31 37 86 3 12 24 58 5 27 39 88 17 49 85 97 89 57 9 59 81 92 24 85 2 88 6 21 19 17
18 53 79 41 80 90 26 72 75 11 29 12 14 43 22 60 49 53 98 78 21 48 83 92 73 30 72 85 55 60 7 76 65 21 40 95 99 74 27 34 31 8 55 56 10 26 54 58 50 15 95 13 96 33 40 72 68 20 28 5 69 13 4 7 62 40 23 27 88 87 49
90 41 61 31 31 91 63 70 65 1 83 95 34 52 19 36 9 67 97 49 82 35 28 35 57 89 79 49 66 73 84 2 5 82 11 75 14 77 66 4 21 7 57 53 64 9 31 31 33 57 61 84 69 75 19 96 35 74 72 97 50 60 52 59 30 74 3 45 95 77 6
100 33 37 18 8 32 59 83 69 76 33 84 16 14 29 86 42 1 93 59 52 36 9 49 27 69 89 76 83 87 37 72 69 1 34 26 71 24 38 17 11 40 14 4 55 11 9 87 41 9 58 26 11 3 63 65 79 75 42 48 38 56 21 14 24 25 93 31 26 3 37
96 77 25 75 9 46 90 24 98 14 16 70 70 12 1 94 40 25 36 66 89 47 62 68 78 97 49 57 98 22 5 99 61 24 27 26 76 28 63 24 51 4 98 64 59 39 14 97 69 50 91 96 46 63 31 15 95 4 63 60 20 39 91 100 95 37 17 24 55 44 9
75 19 39 7 46 14 84 4 90 6 43 50 21 30 55 8 1 78 81 23 37 10 74 32 46 91 74 17 21 98 57 71 59 89 41 13 63 99 7 80 23 70 30 100 22 0 5 99 79 90 0 26 80 72 30 64 84 76 56 54 69 81 5 22 98 12 93 29 74 34 80
68 2 53 79 86 61 52 61 59 23 93 100 60 73 1 35 39 97 82 43 29 67 69 83 12 95 95 68 54 85 64 57 49 60 70 79 96 46 55 8 57 63 74 77 90 38 78 59 5 96 21 21 67 95 67 87 60 25 69 17 19 64 39 100 24 72 17 38 70 16 72
18 53 92 21 65 1 10 70 98 14 57 32 39 17 55 86 87 60 37 50 66 85 68 78 2 76 97 29 60 56 70 7 100 57 36 22 66 14 65 10 28 85 55 40 63 75 92 52 31 45 27 45 9 0 45 57 73 90 20 92 13 14 11 77 80 64 23 67 20 43 81
11 15 28 39 55 34 92 37 85 70 83 33 59 42 63 39 56 35 32 98 6 65 90 54 0 66 89 24 31 1 10 96 65 3 6 90 11 44 93 66 14 29 14 73 46 8 7 91 7 74 23 36 18 87 5 28 77 30 5 49 25 68 27 85 85 95 100 97 66 24 94
45 74 92 72 58 84 14 82 15 22 31 13 54 61 55 51 79 85 75 39 4 71 44 8 1 23 33 45 13 89 99 11 47 82 21 98 23 25 34 23 92 12 9 34 81 11 71 58 89 75 95 54 55 12 70 79 85 4 64 78 53 52 18 56 40 24 64 7 10 84 57
77 33 53 65 59 39 91 14 100 59 4 48 46 54 49 61 0 79 36 64 87 14 43 48 11 91 23 86 67 80 54 48 62 27 57 40 54 5 72 20 74 14 57 89 24 53 38 47 90 78 10 52 27 10 18 21 4 36 29 92 0 77 100 21 45 10 33 58 73 37 63
85 24 45 6 35 65 3 48 13 0 13 25 70 58 38 26 83 97 8 10 11 15 79 41 74 76 66 19 86 48 69 6 81 7 53 4 76 83 81 82 24 80 86 37 0 76 75 95 11 39 91 66 99 94 29 57 88 73 98 65 52 50 41 87 80 80 95 22 74 20 97
7 71 17 24 66 50 91 69 12 45 25 4 39 29 67 39 7 4 92 41 35 85 89 25 16 33 34 70 66 82 80 37 94 96 100 31 43 100 29 42 95 63 26 8 83 79 49 100 59 57 32 89 56 71 96 78 30 3 41 21 62 100 78 40 66 62 0 6 85 61 50
3 89 2 75 47 52 36 36 75 36 63 51 47 75 23 46 42 87 82 4 13 73 99 91 96 50 18 96 18 66 50 22 99 92 1 52 50 17 17 57 42 24 50 32 90 0 53 41 0 63 3 60 15 46 87 57 66 47 71 10 65 20 8 59 8 44 26 63 19 25 25
18 81 65 15 87 31 59 44 10 45 11 45 66 2 93 98 52 84 2 60 31 54 66 0 80 82 15 58 11 0 6 69 19 3 27 2 51 11 24 31 44 96 22 38 51 84 98 2 22 92 43 41 46 23 54 85 12 30 42 32 33 26 47 41 40 89 31 48 82 5 98
15 80 77 91 100 41 96 42 0 51 8 82 96 45 52 27 5 77 56 89 11 75 50 70 49 36 73 66 25 21 91 62 85 74 6 40 9 100 26 14 97 70 42 31 32 100 70 36 51 13 65 84 66 93 99 100 55 95 41 47 70 25 100 44 7 83 27 29 20 95 95
29 19 96 63 67 16 86 59 90 15 82 13 35 54 0 92 64 7 20 60 64 72 27 92 24 81 58 54 29 39 73 84 3 91 55 31 38 29 24 32 19 18 89 72 26 24 64 75 67 23 51 72 49 64 20 26 25 64 71 86 45 82 77 42 90 29 62 94 36 56 86
95 39 71 54 97 21 37 15 75 95 36 58 76 56 78 86 69 42 27 6 23 21 21 77 3 80 68 62 31 25 66 81 92 5 53 25 57 52 65 3 61 22 13 94 24 86 3 56 98 20 0 89 0 63 3 71 6 17 40 100 18 61 86 33 60 2 73 64 51 78 3
40 41 76 1 92 17 81 89 60 37 97 71 97 0 90 35 72 42 35 74 94 55 77 19 97 17 99 45 39 80 35 55 62 59 20 88 36 73 20 88 68 76 89 3 47 33 62 40 40 21 20 15 78 40 1 37 60 27 48 9 18 59 76 69 58 83 75 47 4 86 22
93 47 22 77 47 96 87 96 85 83 76 28 89 74 43 86 31 54 63 58 64 97 83 85 33 100 51 45 86 60 83 72 71 13 81 60 39 94 64 99 67 28 37 45 9 11 47 82 27 64 94 53 58 100 36 89 10 61 83 45 61 89 36 78 13 9 48 39 16 82 13
20 44 54 44 23 37 34 88 82 0 10 42 40 93 64 21 20 17 83 94 6 72 74 20 3 39 43 39 0 73 69 33 71 94 7 8 90 98 62 10 85 89 20 3 15 97 19 93 80 64 72 25 81 83 40 50 2 7 31 6 67 1 40 15 3 8 86 90 98 0 64
68 94 27 93 38 26 25 85 59 59 73 98 43 51 98 47 65 19 71 55 95 3 95 60 54 35 74 54 86 64 95 52 67 79 50 44 42 34 89 83 24 96 25 34 5 44 78 78 24 88 80 20 77 73 3 64 33 36 88 9 21 11 21 7 26 43 80 93 69 12 13
47 2 47 70 39 66 65 94 86 10 58 33 71 9 94 30 75 20 39 8 93 59 55 76 17 72 96 22 43 16 2 85 100 9 82 6 96 91 43 76 39 2 28 19 86 61 88 28 23 44 64 3 90 55 29 89 74 40 12 19 47 23 40 54 34 78 18 48 96 64 96
99 62 34 62 37 92 50 82 25 58 52 48 100 10 62 51 24 23 33 84 17 75 72 94 22 79 33 63 24 47 64 29 66 37 6 69 28 64 30 46 61 39 64 63 71 88 67 73 92 28 50 58 68 18 95 24 4 76 18 70 11 80 42 68 52 51 94 36 9 79 56
51 20 46 35 90 82 97 48 11 75 48 0 0 17 79 57 1 23 9 61 92 60 40 27 21 46 82 42 48 72 12 17 47 35 14 57 39 94 57 1 94 64 62 44 35 51 97 95 66 6 70 89 74 53 13 48 54 50 59 78 33 34 76 8 75 62 35 93 92 23 13
6 16 89 90 97 62 65 6 50 26 7 43 93 6 91 81 24 91 23 17 39 79 41 42 12 10 60 49 42 34 34 22 81 41 77 14 10 63 46 84 36 7 91 64 76 87 26 29 14 87 86 48 58 60 57 42 68 78 84 48 32 39 45 21 1 40 10 29 21 23 25
94 71 47 93 16 71 52 50 65 79 84 1 4 17 55 73 24 32 58 96 22 81 62 19 69 42 93 32 8 91 31 29 53 85 90 61 5 45 73 41 56 2 46 51 13 90 33 67 4 68 81 63 83 75 16 100 27 28 13 3 87 74 45 26 22 95 48 47 54 99 28
10 81 81 61 65 36 42 80 13 75 28 40 69 63 100 41 85 0 35 20 85 31 0 71 77 33 94 70 85 56 63 54 51 16 29 57 30 82 67 17 59 35 93 41 49 19 46 36 64 48 94 99 97 60 67 4 37 50 3 53 0 8 53 26 81 44 33 38 100 90 63
83 72 88 31 95 68 23 84 64 3 56 20 78 34 27 46 63 46 64 40 29 13 63 0 90 20 17 29 82 41 82 74 37 82 8 42 21 30 72 31 6 44 97 20 59 25 90 69 87 18 84 38 35 76 37 9 99 91 99 64 36 69 48 96 61 59 55 57 41 77 25
5 65 22 26 7 16 18 58 57 13 55 59 100 26 58 27 97 22 90 5 52 35 42 86 10 34 31 67 86 69 34 89 26 13 92 67 11 64 53 56 40 22 42 47 80 87 19 22 65 77 24 51 86 76 71 32 16 100 27 11 53 63 13 9 56 53 71 97 87 38 1
58 78 43 20 82 79 83 74 71 89 2 86 7 17 61 48 14 50 11 17 3 97 49 80 10 0 6 95 77 20 29 70 94 54 90 27 2 6 26 72 85 13 91 41 10 47 89 66 83 79 46 32 0 86 35 67 71 50 67 94 80 50 50 68 75 65 95 11 84 78 43
14 29 49 87 95 87 83 76 53 25 28 24 13 94 89 28 48 18 65 12 56 21 21 69 11 16 28 46 93 23 56 3 16 25 35 51 85 53 26 20 100 52 27 21 33 70 4 24 19 85 56 79 100 20 59 63 51 63 93 9 15 78 41 60 8 97 59 82 67 2 78
6 1 78 69 0 58 91 56 38 36 85 87 90 87 58 92 92 99 49 57 72 48 17 63 80 10 94 53 47 90 55 4 62 43 32 26 85 2 99 50 83 48 59 54 80 39 62 18 54 14 34 8 86 59 47 1 59 61 25 34 1 19 8 80 88 16 35 52 21 71 26
47 8 96 39 8 46 56 84 68 84 30 5 47 53 3 36 14 50 74 0 46 25 33 58 71 40 25 26 42 96 14 36 73 93 10 41 66 41 29 22 72 17 63 68 99 30 72 38 36 91 99 98 89 12 5 41 6 56 50 97 97 4 0 83 45 38 74 80 44 45 30
69 88 36 60 52 96 14 10 38 50 5 71 34 100 1 71 0 73 50 39 67 54 81 15 9 15 93 44 27 73 85 75 99 9 34 40 4 86 84 58 17 32 14 4 3 67 11 63 55 53 0 74 93 47 61 58 85 21 59 87 74 69 17 38 51 50 99 60 35 57 22
2 41 44 63 56 35 57 13 40 66 71 1 76 65 82 45 34 51 33 59 6 23 68 85 79 15 95 82 97 43 50 45 100 46 7 63 73 77 7 48 9 73 68 91 97 63 16 69 76 64 34 81 80 29 61 68 25 82 52 78 6 43 35 67 95 23 43 19 70 39 11
78 49 8 79 100 25 39 65 79 22 19 99 0 26 46 26 8 56 97 75 64 94 45 86 78 34 36 60 24 49 11 28 94 93 70 59 67 41 66 40 6 64 42 14 20 62 77 32 57 24 86 67 45 56 69 94 95 87 80 51 56 55 43 28 63 34 78 34 81 26 16
87 99 38 2 33 50 45 25 43 4 3 46 58 83 33 86 6 9 83 9 100 71 77 34 76 88 33 28 56 38 97 49 28 72 59 68 84 45 99 41 44 81 88 79 87 89 62 69 55 70 72 79 20 15 56 82 86 0 48 4 45 80 58 23 88 28 82 92 71 22 10
48 50 3 93 15 24 100 1 24 95 79 24 75 75 59 56 65 38 78 59 55 75 12 35 90 74 67 18 63 59 79 94 0 74 63 65 29 72 8 15 29 36 26 55 80 42 30 33 79 77 8 21 39 18 32 47 63 42 20 48 87 54 39 24 60 11 72 63 34 60 33
29 74 17 54 68 10 26 66 65 5 18 2 85 83 39 33 97 20 2 30 32 51 63 44 85 35 17 4 79 81 68 37 56 48 12 85 62 87 21 41 92 73 71 65 64 28 81 96 57 35 10 87 6 81 59 31 43 55 83 83 27 45 11 28 28 56 96 93 67 58 15
38 51 19 53 8 45 71 41 74 64 90 31 12 86 52 66 40 58 73 72 48 26 93 26 44 57 11 71 44 34 34 60 78 7 30 12 39 35 0 97 38 86 1 50 83 83 34 20 23 16 14 98 96 78 52 64 78 10 79 65 53 37 14 11 99 11 61 90 11 69 82
92 87 50 86 21 61 95 97 80 28 61 60 50 91 76 76 46 83 4 97 53 97 61 22 43 36 73 75 0 98 4 43 49 25 55 49 16 61 9 35 88 57 59 1 97 92 46 73 33 99 90 78 54 54 5 60 31 15 83 20 11 59 51 66 78 55 73 77 57 82 90
74 82 52 51 33 0 74 48 75 20 63 53 7 59 69 57 34 19 10 22 16 68 60 57 5 48 95 41 23 14 26 54 18 15 78 7 1 22 82 29 20 15 70 14 91 49 97 93 11 59 9 81 99 9 24 67 42 42 73 33 45 63 76 41 6 81 98 10 94 2 3
50 79 1 94 80 50 35 70 77 12 95 12 66 35 83 41 46 28 48 86 67 34 22 78 65 53 53 73 48 43 53 92 49 97 54 17 76 76 16 10 81 16 91 20 94 61 88 39 4 5 93 47 92 15 36 1 8 23 14 94 26 90 78 2 4 95 77 34 79 87 63
25 74 69 75 39 59 43 36 21 47 65 31 12 82 23 40 88 37 76 99 65 18 9 91 83 14 28 20 47 96 64 2 24 41 79 57 11 71 37 63 33 72 67 63 65 56 45 90 84 63 3 44 25 49 60 0 11 79 21 96 36 100 61 10 18 32 28 65 47 78 70
28 52 51 51 47 67 91 51 80 56 6 59 83 12 57 3 90 72 65 9 18 87 1 28 77 17 95 8 35 68 43 99 2 4 73 84 71 60 53 2 94 45 51 98 97 69 34 81 33 97 37 90 84 56 100 84 4 48 38 6 92 49 78 68 67 99 62 97 7 90 0
44 22 46 10 96 80 23 41 84 29 12 65 77 63 94 68 92 23 66 44 71 92 4 78 29 67 15 0 25 80 14 49 74 57 13 96 41 75 40 0 47 72 36 45 97 10 90 45 41 100 74 32 84 57 29 48 24 92 7 19 68 53 56 45 89 5 27 35 39 33 69
40 0 26 1 28 33 43 32 59 95 36 68 24 59 9 23 62 54 34 70 83 98 16 27 36 66 45 16 41 95 69 57 80 62 34 23 8 49 40 75 94 1 91 1 5 45 60 64 35 99 58 37 38 87 95 58 35 62 10 1 46 75 92 81 52 94 58 8 32 17 84
8 62 97 55 82 13 26 79 33 35 28 90 18 26 39 36 61 43 18 89 58 82 77 98 62 60 86 73 28 23 15 24 3 36 75 13 82 62 38 99 60 11 7 24 19 91 93 84 53 65 94 53 7 11 39 26 94 78 99 99 15 6 78 48 51 5 76 66 1 30 20
43 87 50 36 1 44 5 39 20 1 7 74 62 57 64 1 73 47 27 88 98 60 47 100 85 91 34 74 66 82 80 50 76 72 39 51 6 83 27 82 11 45 92 42 37 61 96 44 73 7 54 35 17 38 86 66 21 11 43 53 71 56 85 72 1 10 6 67 43 76 58
39 49 14 13 8 15 51 46 36 49 79 65 67 100 57 95 59 4 11 83 23 39 77 57 14 11 18 44 84 27 66 59 0 33 97 9 79 35 31 61 30 18 91 50 69 62 28 96 7 92 76 100 87 37 7 28 97 49 18 99 97 6 0 96 98 15 36 11 96 66 10
93 0 95 23 33 8 48 91 100 60 16 2 32 100 62 62 8 18 8 44 74 69 2 46 38 44 74 45 57 19 90 84 4 97 77 6 10 100 79 0 38 80 94 17 87 17 34 98 61 44 44 85 15 10 36 42 27 38 90 52 60 34 72 6 18 88 43 100 17 96 40
89 30 66 50 14 83 6 67 22 38 10 58 88 84 48 72 58 91 99 18 40 94 97 94 30 87 34 89 59 14 32 33 88 76 75 1 31 32 76 17 85 61 75 96 65 24 38 72 72 26 67 77 95 28 63 11 78 95 6 42 32 94 78 76 24 83 41 64 90 94 68
34 77 47 18 89 10 7 92 18 90 91 45 25 9 47 20 48 30 37 81 37 100 65 96 51 31 28 71 17 70 41 20 33 6 88 18 98 73 12 66 20 50 88 16 50 73 37 21 50 46 66 81 49 92 6 78 94 44 69 66 8 10 35 87 49 45 46 76 14 99 91
96 60 79 24 83 60 24 21 80 73 66 32 59 42 75 31 14 78 67 95 70 30 0 13 30 64 45 52 48 80 81 72 94 80 82 34 85 11 23 18 95 89 4 66 81 52 57 2 53 56 39 55 87 15 28 80 62 96 27 62 33 74 15 40 55 43 10 37 17 96 79
86 7 82 61 88 68 81 81 86 75 17 64 42 68 18 99 59 11 26 59 35 51 38 90 24 53 38 6 49 47 21 0 100 72 73 75 67 33 17 42 12 77 19 24 88 86 78 10 8 71 34 79 5 72 64 94 79 34 31 25 11 48 39 52 85 18 8 50 83 10 59
1 79 50 1 82 56 68 7 60 35 61 14 63 49 51 25 80 14 90 80 95 20 95 65 39 98 69 93 86 30 67 14 11 9 35 55 5 94 81 88 55 11 73 29 0 61 65 99 82 40 88 78 99 93 12 45 27 65 11 46 82 57 19 24 89 43 93 37 72 79 66
0 59 18 91 26 89 47 21 73 46 98 18 37 84 69 8 33 38 23 94 52 82 32 73 85 17 14 9 4 67 60 2 75 78 70 66 98 98 42 32 76 72 84 87 1 53 98 99 78 34 16 26 42 56 66 8 58 40 94 10 59 79 90 46 61 88 70 24 18 33 91
89 44 19 23 68 8 5 15 83 30 57 61 95 42 46 48 13 91 45 56 57 13 83 71 79 57 31 0 24 45 6 1 78 22 44 13 56 34 50 45 99 82 3 92 37 4 35 48 47 77 45 68 58 67 93 15 27 52 56 7 84 60 30 85 9 92 86 21 56 59 82
58 33 24 17 73 3 71 54 63 76 99 21 60 81 63 52 73 38 73 47 31 80 79 37 94 8 89 53 10 21 57 76 35 5 34 36 50 5 86 16 47 37 52 76 89 53 97 58 64 60 57 27 25 34 56 36 34 24 53 16 47 51 54 34 36 16 23 70 60 18 51
57 29 39 87 86 68 25 68 56 7 93 31 45 71 97 43 54 23 54 22 100 14 36 81 88 68 36 50 100 91 27 37 38 91 85 28 53 19 28 32 3 4 28 72 70 82 46 86 23 35 15 37 6 73 60 45 18 64 23 17 77 83 55 19 55 39 52 60 51 8 81
38 55 76 31 43 5 83 69 11 87 21 44 5 69 37 31 45 55 29 24 36 92 14 75 49 99 58 84 28 34 41 81 50 69 68 24 89 88 31 69 1 50 6 3 23 56 33 47 40 23 71 55 8 21 93 31 23 63 57 7 89 89 12 66 4 52 38 0 40 64 12
19 8 28 21 54 40 89 12 77 26 3 77 2 42 88 60 32 49 64 74 41 23 42 68 70 16 80 73 6 72 92 77 3 32 64 26 70 10 33 64 3 70 17 85 67 74 4 96 11 62 80 87 48 5 96 54 72 96 78 17 55 66 21 94 14 10 37 12 87 64 85
96 76 24 48 61 93 39 32 26 38 90 61 90 47 89 61 86 69 26 7 97 15 4 66 77 49 61 16 54 32 85 72 81 87 91 4 88 50 40 47 20 23 58 9 24 79 56 5 24 77 19 81 83 17 99 7 90 78 77 35 91 33 94 93 43 89 35 58 67 100 48
15 25 26 95 70 40 47 9 94 54 14 3 75 65 91 31 72 82 95 35 50 80 1 59 21 22 53 94 58 98 8 20 49 46 23 32 4 72 35 53 64 93 96 16 49 14 66 58 76 97 82 9 68 93 31 63 76 100 20 81 78 36 18 19 94 92 15 83 98 78 17
47 62 44 22 38 96 78 79 23 89 14 62 50 25 22 93 28 94 40 61 25 68 95 47 16 98 64 91 13 77 5 68 4 67 100 93 32 57 86 14 63 62 54 42 17 23 1 41 19 12 28 20 95 74 26 32 33 52 44 80 5 92 13 42 25 75 87 92 69 47 93
86 37 40 28 26 16 92 100 81 13 49 92 28 43 58 44 53 94 21 56 39 9 14 46 2 94 97 39 53 15 46 98 95 13 92 76 54 88 44 53 73 83 94 82 61 55 49 56 31 40 35 20 91 76 8 37 15 5 77 58 59 16 56 68 78 86 100 78 33 98 81
1 4 62 86 22 63 75 14 73 50 71 97 71 26 93 57 23 50 82 44 15 50 27 84 38 37 60 4 72 16 43 10 92 1 18 63 26 96 19 30 31 46 5 76 63 54 71 63 29 83 80 16 14 59 8 44 1 59 18 18 31 44 16 8 29 55 85 18 69 67 7
42 83 23 55 35 63 18 18 23 57 69 35 89 92 45 82 59 39 62 97 29 12 62 84 87 54 100 26 99 22 36 53 85 63 36 20 8 63 59 90 51 97 97 77 15 67 5 69 49 20 93 82 12 70 54 71 27 52 97 80 13 70 14 71 78 85 40 47 13 26 6
88 94 18 64 93 45 4 40 74 61 59 31 51 84 39 95 77 9 60 38 95 70 97 53 89 16 58 15 97 16 83 11 53 47 94 55 58 8 85 6 57 48 45 79 7 33 5 70 53 43 55 100 83 23 58 30 54 13 15 58 93 34 58 87 57 95 95 94 100 65 14
20 32 51 98 50 5 28 7 46 99 37 19 67 11 45 76 98 43 21 19 44 64 47 78 90 63 90 100 62 25 10 2 10 44 81 49 70 25 19 78 20 61 70 47 95 50 95 74 35 1 54 63 52 37 83 51 94 69 20 98 20 35 80 56 88 1 33 92 20 94 64
45 80 16 26 36 4 22 75 65 51 2 79 0 80 12 66 60 59 70 19 6 76 27 11 5 92 58 34 83 82 17 92 77 66 98 95 22 49 61 80 64 28 57 42 32 67 78 44 89 60 19 19 97 29 32 6 3 11 44 23 51 34 54 88 62 94 53 45 50 0 34
17 29 57 90 23 91 77 8 53 32 96 32 51 43 31 13 2 40 67 48 23 91 33 79 61 5 28 24 21 68 13 7 94 84 72 2 10 17 58 38 58 23 48 14 18 15 46 66 85 91 10 60 41 3 27 40 35 44 66 61 19 26 59 42 0 59 50 8 54 28 77
63 78 7 62 37 38 33 59 27 52 60 46 58 17 63 47 5 36 0 14 65 18 61 74 24 22 50 89 89 6 46 52 53 57 58 94 58 38 85 13 41 33 15 8 95 2 64 29 31 64 21 4 76 57 50 94 34 19 24 29 29 99 7 60 93 86 51 54 87 58 12
98 90 93 60 38 76 29 24 86 72 95 83 5 70 9 12 62 33 50 60 20 98 89 22 8 68 47 93 51 70 15 93 62 81 84 68 15 1 1 54 6 44 68 61 33 77 70 25 49 43 44 3 52 67 49 11 28 56 59 29 7 90 89 12 82 20 84 80 20 19 23
8 13 24 43 52 68 45 4 55 95 95 50 71 6 65 42 72 62 41 31 45 88 84 60 48 16 11 15 37 7 5 41 91 93 87 43 81 44 68 43 45 71 45 83 74 100 51 55 18 66 51 18 54 68 25 65 65 98 48 54 79 99 38 43 6 52 39 67 62 19 58
47 26 61 8 20 99 35 81 47 84 83 95 57 20 25 16 10 50 65 88 38 79 52 79 19 97 87 88 53 28 98 63 17 96 69 5 0 75 68 85 61 100 87 72 40 41 5 14 15 75 23 54 63 93 66 72 19 38 35 49 5 9 77 44 97 49 43 27 92 29 84
86 60 3 42 36 13 65 42 44 76 40 24 20 86 11 20 42 3 96 41 3 30 32 29 5 63 59 98 97 63 7 73 84 10 9 87 63 39 33 41 30 33 95 28 43 37 73 18 74 95 11 5 42 70 61 30 99 91 64 0 78 41 7 80 37 92 17 21 63 10 98
28 41 91 42 54 61 91 44 37 39 77 78 48 19 37 16 44 1 61 31 83 73 47 34 80 46 59 32 80 24 18 4 77 76 63 100 53 18 11 86 37 89 90 7 54 100 6 37 71 73 5 71 86 25 88 100 36 62 95 19 17 20 95 12 49 37 50 78 36 2 56
86 76 88 70 27 35 82 32 7 31 87 75 59 75 79 31 11 40 30 50 99 37 49 0 39 46 3 88 33 58 98 99 37 30 82 16 68 5 55 39 64 91 73 59 42 90 3 31 70 48 10 8 75 54 60 74 96 17 25 14 96 6 75 25 64 76 67 8 25 14 28
27 71 4 36 2 18 87 74 2 12 53 6 17 83 84 50 97 53 6 68 49 50 16 100 26 58 33 37 49 81 38 69 92 59 49 33 36 0 36 54 71 33 40 88 77 48 100 48 97 93 50 52 19 88 35 66 78 23 45 1 88 99 61 27 82 53 67 21 71 42 99
7 39 52 78 49 63 86 83 90 52 62 52 13 41 17 51 65 12 88 93 57 12 37 22 11 14 40 81 56 35 10 13 79 89 37 82 27 77 44 88 6 19 27 38 19 80 37 56 73 15 56 46 45 3 18 24 36 44 73 54 24 71 83 53 82 38 12 50 97 21 90
7 39 64 64 73 3 10 93 76 43 69 35 79 8 19 73 97 16 36 51 13 65 0 98 12 42 37 72 29 68 10 76 63 28 88 70 32 45 95 68 6 74 7 46 57 82 83 42 69 57 54 3 64 54 11 0 9 27 6 42 0 63 99 59 98 14 16 6 70 10 79
32 8 84 12 45 44 20 75 70 88 5 1 95 18 98 46 2 97 60 8 24 2 62 77 88 95 29 14 65 52 13 36 2 88 95 13 76 61 39 88 27 7 99 90 76 41 22 64 95 74 53 60 80 36 50 79 8 2 89 45 35 76 95 63 68 95 83 44 49 2 23
43 57 83 46 89 68 90 3 35 66 48 53 43 82 60 17 33 24 12 6 17 19 11 36 29 70 64 93 59 58 78 48 63 84 72 27 90 41 45 41 12 94 17 40 34 53 68 49 88 41 24 38 98 26 81 86 0 45 89 61 62 78 83 23 56 23 20 48 91 1 58
35 20 70 49 1 13 73 75 43 52 49 59 59 45 62 43 90 76 81 60 64 55 3 65 37 63 69 88 19 77 37 18 51 36 5 89 95 10 49 100 43 32 56 7 67 66 9 32 26 7 86 65 46 57 88 72 98 65 84 28 45 6 80 76 25 19 51 35 69 31 35
32 53 24 59 86 61 77 57 98 16 34 29 13 45 79 80 31 22 98 3 53 63 82 49 75 86 54 4 63 76 13 75 25 76 31 67 74 18 25 90 46 99 44 6 88 12 73 9 28 61 60 30 36 34 24 86 80 85 36 96 95 80 99 88 95 42 6 64 74 17 75
49 54 18 28 61 17 59 69 2 17 34 42 16 79 24 56 35 96 56 53 100 97 64 19 62 48 69 97 40 63 13 100 29 83 95 29 4 57 7 74 84 46 76 49 84 79 1 38 72 87 96 73 87 23 89 43 31 21 12 12 33 17 28 57 69 25 34 34 72 93 63
81 91 52 2 57 4 40 10 75 20 45 54 53 53 34 56 56 21 54 51 46 99 17 22 2 67 4 62 26 31 66 30 57 78 0 44 91 1 21 82 16 95 52 99 74 6 82 16 99 77 70 49 99 26 29 87 62 74 43 30 33 26 77 50 65 45 24 21 65 25 74
3 53 60 22 18 25 71 41 25 8 7 1 11 30 35 18 33 3 72 88 59 3 34 27 42 52 24 77 12 23 65 14 100 70 44 81 21 62 19 66 4 11 4 89 59 72 28 84 8 50 86 32 89 25 49 84 65 38 35 63 64 93 52 38 54 54 61 51 76 84 80
12 76 66 31 55 100 100 22 94 19 92 79 53 60 33 100 60 92 76 67 72 31 28 70 70 59 72 81 99 60 21 65 15 74 65 87 58 57 86 23 64 98 47 90 47 88 82 67 3 95 47 84 89 3 11 8 87 60 18 31 0 38 84 36 52 2 46 13 4 2 37
43 74 30 77 15 38 38 49 74 47 85 80 29 19 43 23 26 73 78 11 43 13 36 33 60 9 47 43 26 91 35 86 48 21 70 55 43 34 52 59 94 35 18 40 32 26 46 83 12 15 29 13 52 42 26 22 66 45 75 89 82 56 62 66 18 57 3 52 21 72 76
80 53 88 28 84 34 66 69 8 48 35 41 35 6 86 53 10 44 39 93 79 76 58 3 100 7 90 52 77 74 36 39 6 20 55 19 100 18 22 12 98 74 37 100 53 48 40 53 29 33 51 25 32 28 81 62 40 56 71 99 94 77 74 18 38 60 33 72 20 78 62
20 25 13 60 92 26 25 99 48 23 43 79 24 24 23 32 83 49 64 12 73 28 93 53 33 26 82 55 18 71 78 85 91 20 52 39 56 27 43 67 35 5 45 71 58 27 9 16 85 32 19 37 59 25 83 92 1 67 0 52 25 100 49 41 53 3 15 67 89 71 33
20 65 96 56 43 63 85 53 50 94 33 32 73 40 2 6 88 94 20 80 14 59 30 18 12 55 46 20 81 11 38 96 52 49 50 72 95 42 45 33 14 24 81 25 24 29 80 36 40 46 99 16 59 59 65 14 24 12 79 42 55 74 56 3 48 87 39 6 22 59 93
65 44 38 58 94 81 78 40 75 52 49 73 23 56 4 44 2 22 71 81 31 48 48 36 39 25 28 32 35 44 53 41 66 73 44 65 0 35 39 92 84 60 15 79 17 56 78 91 82 86 48 54 4 94 47 99 20 40 42 58 67 69 32 26 40 76 53 85 18 78 84
99 76 12 40 38 57 35 79 10 67 84 95 33 11 82 3 70 72 58 18 45 67 1 65 31 80 82 96 93 20 100 62 20 71 89 82 60 40 63 83 52 5 89 99 14 53 22 94 36 97 35 22 44 65 46 28 63 96 72 9 7 61 74 8 98 28 83 59 69 13 6
59 57 92 24 64 9 42 83 6 98 59 44 30 18 37 86 6 80 18 6 95 79 35 87 37 40 25 73 60 33 16 45 2 64 36 52 60 26 71 55 83 8 24 77 58 76 91 77 73 34 11 74 2 15 59 46 50 6 68 28 47 98 36 26 68 71 96 75 68 17 17
96 4 19 14 64 80 17 6 55 40 7 45 65 53 77 40 30 60 12 0 90 36 85 88 91 93 29 34 2 12 16 58 19 92 69 34 26 96 58 60 35 57 98 44 79 20 97 90 57 92 3 12 25 95 76 76 45 60 71 82 6 79 100 20 19 50 44 69 44 88 39
65 11 7 47 42 74 60 61 93 82 97 74 78 55 65 74 73 86 53 11 40 78 94 42 10 52 28 96 31 10 44 72 18 19 39 72 8 3 86 74 61 56 51 98 40 46 99 4 13 58 56 20 51 83 20 73 13 71 37 25 63 29 13 36 4 29 46 91 41 3 20
43 13 82 72 52 56 78 89 12 41 42 15 72 35 56 13 68 82 41 27 13 94 76 1 69 39 9 7 100 21 98 34 52 83 76 86 57 100 97 42 19 95 32 62 63 1 5 68 50 14 48 41 42 8 14 32 76 92 49 73 15 98 50 34 97 79 66 98 6 29 51
81 60 8 26 13 2 77 3 60 3 37 98 19 40 21 57 20 1 5 37 7 49 61 92 94 5 7 75 76 29 88 15 29 34 26 67 74 17 78 55 57 70 37 79 4 35 88 10 90 8 33 61 11 63 42 64 36 15 23 81 14 33 90 82 24 16 47 76 88 38 75
37 3 91 86 79 74 97 37 3 39 58 50 97 6 10 20 43 24 25 76 3 4 76 25 92 1 17 38 59 45 66 32 49 31 89 65 35 91 91 11 0 42 53 2 50 26 1 41 9 29 94 56 3 7 66 45 75 90 95 100 1 53 15 92 12 57 39 44 63 92 0
26 82 43 40 31 61 45 43 47 95 61 89 33 97 17 88 23 31 18 73 8 70 32 18 22 35 46 3 49 56 73 83 58 32 10 21 95 80 93 41 60 59 99 87 44 17 69 35 78 65 90 73 16 94 6 13 20 55 54 70 84 47 51 38 21 63 16 20 40 1 78
50 62 71 22 5 30 69 64 10 85 28 44 8 81 18 76 42 7 41 51 52 15 19 64 63 15 9 6 32 50 95 19 54 42 11 29 31 23 76 17 11 42 29 43 57 24 7 93 47 56 46 84 96 89 24 81 89 64 33 10 13 90 74 82 63 46 6 45 74 22 2
5 12 39 72 21 86 59 81 2 39 6 9 33 82 35 41 40 63 29 18 90 67 50 24 72 26 18 26 27 63 48 25 32 100 79 38 62 31 16 32 13 63 94 33 65 4 56 19 88 82 86 66 74 10 92 96 97 27 53 68 63 37 39 26 51 16 78 49 86 41 63
26 79 57 93 98 52 55 19 18 14 27 15 41 69 0 74 64 71 43 92 17 22 14 22 75 40 5 4 18 98 30 95 37 44 99 97 19 52 46 17 91 49 5 37 67 93 70 22 48 57 1 14 78 23 65 2 24 3 65 23 14 85 51 43 15 73 40 22 81 74 23
36 11 19 67 16 98 89 67 16 28 42 57 42 55 18 62 16 77 53 60 83 43 66 45 81 74 51 21 36 24 52 92 81 88 2 37 55 60 57 92 8 65 27 53 26 61 24 69 70 39 88 95 41 19 43 100 7 69 57 7 52 92 87 69 18 2 47 82 3 5 98
47 85 72 29 51 95 24 15 73 23 55 79 36 86 37 4 89 43 80 39 86 14 87 68 83 9 81 80 88 81 17 64 62 78 63 28 2 76 49 97 99 65 62 52 23 99 29 84 0 15 32 57 63 36 83 28 25 4 59 75 81 88 91 59 90 33 49 83 35 11 63
45 95 85 5 72 52 5 63 75 14 49 11 1 97 38 17 20 92 85 87 58 88 68 0 11 90 8 96 11 88 77 20 14 23 74 17 56 63 65 30 27 49 12 42 35 97 4 61 83 19 2 30 96 53 90 48 91 4 60 10 85 42 37 94 45 95 67 94 43 9 36
17 70 92 17 79 60 18 46 30 51 68 86 11 89 60 37 51 84 89 64 3 68 97 32 88 61 69 62 74 78 65 16 44 82 31 29 66 99 58 64 77 43 1 61 74 80 45 28 49 80 50 19 72 85 78 36 1 56 45 15 3 70 14 27 77 59 41 14 67 77 14
82 60 6 74 72 81 62 82 33 84 85 4 94 96 26 54 37 2 9 14 22 37 61 75 81 100 23 67 90 87 76 25 4 82 81 29 80 20 53 7 71 13 57 99 13 20 32 41 66 40 5 13 42 69 68 59 15 54 4 57 96 59 93 82 71 15 42 75 35 20 88
43 73 37 78 54 28 70 43 5 34 41 46 75 49 93 86 55 94 10 21 85 77 30 88 16 37 21 66 87 86 14 52 15 32 13 69 79 55 82 51 91 81 1 58 61 42 24 4 95 77 44 94 72 60 13 2 79 65 93 48 70 7 7 56 51 17 36 82 2 77 70
71 8 12 79 10 56 97 37 54 70 44 41 12 22 30 62 71 7 99 51 24 67 85 73 35 49 96 87 52 43 86 92 26 90 20 19 68 19 85 38 83 85 38 46 66 94 65 14 30 8 38 44 32 98 8 41 31 44 57 19 62 7 84 69 96 93 53 41 11 18 31
12 19 65 75 38 49 11 71 65 11 29 98 72 94 81 76 57 20 16 48 84 75 49 13 8 12 32 0 99 44 51 44 99 52 24 14 31 32 75 4 79 86 96 23 1 18 0 86 1 58 21 64 17 18 70 13 96 97 100 30 59 59 96 44 89 35 53 41 72 18 88
90 100 34 20 72 2 73 99 68 82 26 46 86 99 66 48 97 20 1 0 66 5 58 0 11 3 46 65 68 6 13 64 52 68 37 64 80 53 75 100 34 34 76 7 45 86 97 32 51 82 55 24 12 68 83 49 20 46 91 4 60 99 36 90 60 17 38 97 86 88 53
29 75 67 45 20 39 40 16 51 30 25 75 98 21 7 67 41 62 39 81 62 10 42 63 44 12 26 49 80 33 60 18 50 1 51 77 77 37 10 100 4 90 24 8 88 82 10 22 25 58 64 68 85 54 10 33 57 64 54 8 73 65 61 27 2 80 87 17 80 55 90
33 26 7 50 57 97 68 71 97 93 45 36 39 71 6 20 31 34 26 16 64 8 76 28 63 47 19 29 20 71 21 80 35 37 37 27 83 94 25 12 61 91 1 61 39 0 1 10 19 65 94 31 72 74 65 1 25 51 10 79 62 94 62 85 98 13 13 89 39 68 24
88 28 17 37 100 83 10 93 20 100 98 55 7 79 45 75 79 42 39 21 30 82 72 34 66 39 81 94 8 42 35 36 16 27 88 98 44 75 25 99 37 0 87 21 92 48 50 70 52 100 95 54 30 74 37 36 30 59 32 73 32 33 64 85 78 59 6 7 68 74 59
58 8 100 39 99 2 91 1 31 57 15 18 50 60 40 32 44 16 15 62 100 64 84 4 22 77 7 74 76 65 88 79 68 97 63 74 58 8 100 98 46 17 30 85 25 73 92 58 38 94 71 57 3 84 38 55 72 3 5 95 89 76 48 14 53 58 99 21 32 88 51
24 7 37 1 93 79 30 16 65 62 97 93 53 3 90 36 89 66 47 87 11 75 14 53 63 42 71 15 8 15 58 65 74 93 93 38 88 27 2 32 41 75 61 93 32 91 20 10 18 29 30 8 38 25 83 71 66 62 73 23 46 49 33 1 86 94 18 94 8 83 23
15 1 58 57 63 89 86 69 18 5 34 81 94 72 24 10 48 71 21 31 35 3 17 52 55 41 48 49 14 57 91 27 84 61 55 77 27 18 45 6 47 35 45 70 86 51 9 40 89 15 79 23 39 45 18 20 91 100 22 83 5 10 80 38 21 84 75 54 54 68 75
69 40 86 22 18 22 28 46 27 52 68 27 91 93 26 67 19 24 72 95 84 87 64 76 62 64 33 91 21 16 80 14 68 72 77 26 45 92 89 17 84 31 69 71 20 48 45 11 94 37 44 28 2 82 78 9 97 26 8 76 94 58 11 9 95 61 51 14 78 33 24
28 55 73 0 65 45 73 80 6 34 71 10 43 49 53 1 57 83 2 51 55 25 61 77 92 20 0 78 83 59 0 0 33 79 48 73 48 56 22 34 5 34 51 74 47 93 44 61 58 53 40 47 73 20 49 71 79 93 25 31 48 42 34 25 81 28 51 81 93 28 35
84 11 64 19 59 2 98 74 8 74 39 30 84 48 15 60 2 50 15 77 18 59 15 46 34 78 51 0 38 67 37 16 69 72 7 11 82 30 10 72 45 72 77 92 5 64 79 32 50 12 68 37 48 41 72 23 53 56 86 16 31 43 96 83 14 95 12 83 48 88 84
91 85 43 3 9 97 11 50 12 27 47 76 96 6 71 70 58 3 75 48 71 99 72 84 63 96 7 8 4 85 99 46 63 84 12 69 12 4 75 35 7 1 58 93 56 49 26 12 62 20 55 14 60 9 15 28 24 95 20 20 4 16 79 62 98 40 46 34 95 25 4
83 0 34 54 55 70 48 19 3 2 21 17 24 41 77 30 88 74 74 23 31 83 9 94 42 12 37 50 49 58 34 70 27 77 43 68 77 36 11 84 22 2 87 18 44 77 22 72 51 64 74 73 14 61 36 22 30 20 49 99 36 85 53 71 75 68 41 5 69 83 6
57 4 97 46 3 78 16 64 75 4 33 11 81 57 68 60 91 38 10 77 87 23 18 90 3 56 82 60 25 98 8 17 52 29 40 52 14 88 84 49 59 11 43 76 36 11 22 8 34 56 13 47 7 96 69 63 100 4 74 34 61 14 17 55 65 12 40 30 39 69 82
9 57 97 67 44 73 79 91 61 52 78 13 60 27 22 79 27 47 25 75 29 33 34 57 91 77 72 45 99 34 18 38 18 40 61 52 100 50 16 57 50 52 77 75 14 53 57 39 39 54 70 100 9 79 38 44 56 43 61 47 75 47 52 16 31 64 53 97 56 4 44
79 28 38 22 13 15 21 48 75 24 31 96 17 34 54 10 27 92 89 5 82 7 80 67 100 36 71 16 35 3 9 5 17 81 62 70 64 24 27 31 2 97 1 76 56 23 34 98 8 85 69 75 30 85 73 11 82 10 51 10 99 14 14 34 51 90 23 30 93 51 70
52 37 30 27 7 5 99 23 73 55 15 37 75 84 50 13 5 33 23 91 54 82 39 82 10 3 80 33 43 53 97 46 41 17 82 77 49 15 57 39 1 15 61 59 11 79 91 8 11 19 21 60 28 35 25 74 65 87 38 56 32 27 34 97 59 26 49 82 88 14 32
90 66 21 7 33 4 79 73 2 6 10 23 48 66 11 52 54 55 45 11 0 22 18 55 25 46 44 84 83 42 76 15 23 97 34 43 3 86 13 11 15 13 46 43 11 45 84 68 0 31 56 15 71 16 48 7 66 59 91 19 77 70 37 75 25 46 44 7 53 4 77
58 25 94 56 52 80 8 71 0 74 22 26 82 83 68 13 93 48 40 17 23 23 55 55 9 27 24 97 92 63 0 8 59 66 83 30 81 10 50 81 87 29 78 61 44 9 2 56 32 51 54 40 82 40 7 11 6 7 57 98 86 92 79 74 18 57 19 9 8 13 11
86 50 88 96 50 58 71 40 65 12 93 29 84 59 48 94 18 92 42 68 93 21 5 29 51 85 44 43 82 14 98 94 6 30 100 81 90 40 99 27 5 5 5 4 15 42 56 18 1 55 38 1 0 96 96 91 51 18 86 30 15 34 37 100 96 87 48 57 65 76 5
10 56 41 38 71 6 82 11 5 73 95 100 29 50 8 16 11 34 80 81 60 74 74 65 94 51 68 80 79 84 42 55 40 24 51 74 11 57 89 36 31 18 33 28 45 0 48 23 80 78 94 98 26 9 39 26 81 15 42 100 58 34 30 98 37 56 9 15 10 40 17
21 67 85 78 2 71 56 13 75 86 61 51 91 36 47 12 19 62 43 95 38 85 49 59 82 59 81 96 90 88 49 23 95 19 78 54 23 47 75 21 8 51 45 32 71 50 16 32 0 77 6 53 78 50 49 74 59 8 55 81 100 27 52 47 75 42 34 0 72 72 58
15 83 22 5 63 23 65 66 29 96 53 72 10 56 13 65 67 36 45 62 76 79 17 85 13 33 50 93 71 81 53 50 8 89 94 15 49 64 1 91 81 59 17 36 78 38 11 84 91 70 60 49 0 20 97 53 4 5 91 62 63 13 89 49 57 58 1 72 100 51 55
52 97 25 22 66 6 95 23 7 46 24 66 5 27 42 61 46 95 64 12 20 34 83 72 38 58 4 44 33 2 26 91 63 23 64 3 37 20 33 79 9 3 11 23 17 43 69 1 5 12 17 16 59 19 24 71 74 67 100 50 81 5 14 91 45 92 1 38 15 15 55
83 92 42 63 63 71 49 80 52 23 51 52 96 22 13 2 53 38 25 29 93 9 72 16 21 50 14 2 15 43 10 73 11 10 87 23 1 15 44 85 10 37 21 34 54 34 37 16 38 80 54 79 2 77 65 37 57 69 13 26 100 90 35 3 40 67 17 94 42 89 39
22 16 45 100 25 69 96 8 100 79 85 14 15 97 28 3 2 69 34 29 17 91 58 20 89 3 46 34 63 61 58 52 13 1 66 5 76 58 52 98 72 75 80 38 9 55 95 73 93 49 36 93 6 53 69 20 88 19 96 33 1 72 83 87 43 56 77 54 83 35 72
89 58 93 17 43 83 67 28 26 36 46 51 55 79 26 0 19 76 89 82 77 57 21 66 92 14 14 64 88 54 33 92 27 72 31 93 9 34 61 39 44 85 40 56 27 76 71 59 40 20 19 36 27 37 45 2 2 82 49 95 0 52 77 7 37 57 91 80 39 45 35
43 33 81 100 69 85 40 96 41 61 96 90 34 93 4 30 62 57 51 42 54 63 13 59 54 28 77 36 22 78 82 89 36 46 77 53 11 53 99 67 7 39 23 25 82 55 61 31 66 99 76 6 61 38 67 28 15 71 58 62 76 97 53 54 10 40 92 86 11 31 12
70 65 4 91 64 65 5 59 99 27 63 75 38 51 37 13 44 35 86 41 74 27 31 9 46 43 78 44 34 18 9 41 18 88 52 21 12 57 44 54 53 2 92 80 93 29 31 21 91 14 76 96 90 4 11 40 23 46 48 34 26 10 12 43 18 35 33 18 83 57 91
54 74 27 87 95 96 46 7 59 90 13 10 19 67 15 12 15 74 62 72 3 41 70 22 77 45 68 80 30 96 97 0 68 24 72 15 36 38 88 5 88 69 21 93 97 35 98 26 82 2 13 80 97 7 15 37 90 44 45 62 14 4 80 97 65 54 89 86 56 55 31
10 55 78 74 89 5 91 26 99 86 62 81 95 82 31 74 28 70 78 91 22 50 30 43 27 78 11 31 53 85 61 41 83 38 29 98 59 0 13 52 51 22 24 26 45 65 11 80 49 79 19 26 94 94 31 44 68 46 99 68 60 66 45 29 82 42 23 99 54 5 68
22 64 67 35 39 59 2 79 89 15 14 75 85 50 98 67 0 56 20 63 18 43 45 81 8 4 64 89 92 21 6 43 74 97 22 39 82 11 53 36 63 8 72 5 29 92 82 98 41 21 43 4 12 60 54 5 29 2 13 87 32 46 48 13 65 52 51 86 94 53 81
46 97 99 32 44 20 31 1 1 100 75 10 66 55 34 73 46 1 37 95 45 76 60 71 79 91 23 71 67 34 25 32 78 49 15 27 81 9 3 63 60 31 94 50 76 4 12 40 9 34 2 27 87 18 34 56 30 72 11 74 89 52 88 29 55 11 52 64 34 15 58
46 82 82 58 0 46 25 3 3 23 79 27 43 28 74 97 92 8 53 10 63 43 70 35 58 67 53 37 60 67 65 27 31 73 44 63 93 17 70 52 67 87 42 21 0 26 31 100 46 64 12 47 88 69 27 53 63 86 31 74 31 6 82 0 90 19 32 63 48 22 90
35 47 19 76 62 81 33 30 69 20 47 73 8 68 53 55 21 67 50 46 86 10 41 57 11 90 99 47 41 26 31 73 52 41 73 91 65 30 96 83 57 86 92 47 16 26 70 62 11 12 16 44 28 2 82 22 41 43 80 60 27 3 77 26 71 65 78 83 34 55 9
81 6 79 52 62 62 100 68 79 61 21 87 53 93 18 46 28 71 48 72 97 4 73 55 57 58 53 85 75 33 27 94 36 1 90 21 30 47 68 96 42 48 98 86 94 18 25 8 88 45 15 70 10 87 45 73 40 8 50 48 54 87 80 72 59 41 30 95 89 47 28
67 93 2 58 44 28 83 74 87 93 63 18 23 50 77 78 1 20 69 9 1 7 12 54 44 14 86 67 80 3 46 15 50 94 40 8 50 24 5 68 92 16 55 11 37 93 0 91 93 84 15 1 74 44 69 36 57 65 46 98 44 72 65 35 79 41 36 78 36 40 0
16 3 8 45 35 83 11 83 41 95 64 60 60 81 72 60 21 68 94 63 23 25 25 84 97 44 9 76 98 44 62 81 73 84 0 100 55 66 26 48 79 48 11 2 80 78 62 89 30 63 59 24 99 42 49 74 31 3 14 44 41 3 69 70 55 25 70 31 90 16 13
43 30 2 21 18 26 46 7 8 29 73 97 71 99 8 30 43 2 83 86 19 55 12 67 92 1 87 34 54 74 82 17 98 46 1 64 87 54 20 13 39 46 67 90 88 98 64 54 72 57 7 36 75 84 19 29 8 53 26 86 14 21 2 90 33 56 58 10 95 46 2
20 2 11 0 22 27 62 22 61 96 18 10 44 96 74 48 59 20 64 30 57 19 49 27 47 51 15 83 63 70 3 30 99 58 12 37 45 19 66 36 6 14 31 80 63 14 48 92 34 97 29 23 66 11 19 27 42 99 6 61 33 40 35 75 34 45 20 2 89 42 53
22 9 99 2 48 54 58 26 57 61 18 87 97 36 28 90 48 45 7 73 84 4 78 13 53 79 64 20 71 7 5 46 29 74 31 61 80 5 85 91 67 5 37 41 57 92 63 93 5 30 90 2 10 93 34 28 0 9 43 9 2 92 71 64 30 72 28 41 58 70 4
2 67 9 86 97 51 99 69 70 7 73 2 73 19 80 98 82 20 34 43 7 74 29 45 80 53 96 18 3 7 15 97 27 45 68 69 21 56 42 91 74 25 16 78 99 27 35 99 32 52 85 37 8 11 74 2 70 85 59 44 66 22 66 26 98 53 47 52 24 73 6
2 86 13 76 90 5 59 51 5 34 2 46 89 29 7 17 94 73 91 85 22 99 60 51 95 88 47 36 26 9 73 92 84 31 80 67 18 24 41 49 35 51 97 5 93 50 77 67 49 18 5 51 78 93 79 26 94 81 45 41 34 36 82 49 16 7 97 63 57 59 83
80 17 39 62 55 34 29 77 3 47 32 13 50 80 34 84 65 36 62 37 44 79 83 88 15 92 14 74 84 49 53 100 12 65 0 28 14 94 79 63 19 32 30 7 16 41 92 79 76 11 97 63 97 16 51 64 10 81 65 10 37 44 38 97 68 26 79 25 72 24 96
86 28 29 7 4 47 25 40 18 49 34 84 16 48 28 74 62 83 34 55 73 64 83 64 14 62 99 57 55 75 100 57 80 98 59 2 63 63 32 88 28 75 80 75 43 51 19 2 32 25 90 62 11 34 58 68 47 98 52 76 100 86 56 4 59 14 91 82 41 72 31
69 5 18 42 55 21 71 86 42 34 100 80 43 91 48 94 34 0 83 43 40 32 15 73 43 2 37 94 100 97 7 38 58 98 27 47 10 43 16 64 56 99 58 68 25 69 10 8 63 32 62 0 80 24 92 47 0 65 75 34 95 64 90 61 64 25 24 69 14 38 7
12 43 32 50 39 64 70 45 95 9 100 35 81 78 32 47 28 71 81 36 90 65 55 29 67 76 60 75 55 45 48 49 74 69 26 81 53 15 1 50 3 29 38 22 12 23 56 25 100 98 78 20 59 93 97 100 75 6 78 4 88 97 71 83 90 9 84 3 26 68 79
61 67 76 36 84 98 6 65 77 33 36 91 69 89 39 70 78 38 70 75 60 100 79 19 17 71 92 46 1 7 14 5 46 8 59 93 6 62 77 14 86 74 74 68 58 72 49 58 60 40 27 64 96 24 97 69 94 80 55 8 41 30 3 47 52 93 65 69 54 90 76
83 95 39 71 63 24 50 98 86 25 30 54 73 26 35 62 8 94 22 63 95 78 32 100 74 86 78 39 47 44 3 88 57 38 50 88 98 39 75 1 49 21 26 30 61 83 33 84 38 36 23 27 61 96 82 41 50 66 27 71 64 78 42 44 97 29 22 81 69 88 46
15 1 95 6 16 46 69 28 64 93 49 12 86 59 64 46 89 89 86 89 75 100 26 88 94 86 16 35 47 28 28 16 56 63 63 68 61 73 19 78 36 48 56 96 98 76 20 60 15 93 69 90 87 84 59 29 21 26 23 79 69 95 100 86 39 30 85 73 79 2 5
