66 236
4 83 37 88 59 17 63 10 68 71 73 65 18 33 56 81 62 60 80 46 0 0 32 88 24 27 65 55 54 41 47 97 23 24 23 58 43 81 53 36 52 79 39 20 64 12 83 75 75 79 61 99 58 10 63 51 47 66 79 18 59 83 59 62 28 33
76 8 73 37 62 47 6 17 71 97 91 75 26 7 82 17 27 90 89 48 42 16 54 96 25 53 92 65 1 18 45 57 90 3 88 47 53 33 67 91 43 68 25 55 47 14 81 5 99 32 18 3 7 92 76 98 23 30 88 33 13 97 20 7 31 19
69 59 50 75 16 57 45 33 24 26 73 8 55 10 74 93 94 87 27 31 89 68 1 18 88 85 20 78 8 90 63 19 9 100 51 56 45 82 8 1 65 95 63 30 58 53 33 85 54 17 75 75 11 59 48 71 23 12 70 42 70 79 93 8 35 45
19 36 57 3 22 20 10 77 6 63 7 85 95 3 11 45 92 93 0 78 40 34 31 28 57 74 38 49 15 40 13 75 38 87 77 98 32 85 56 13 72 11 78 67 90 20 2 45 5 86 51 4 58 0 70 67 56 18 41 3 81 25 31 50 49 94
25 40 50 54 51 61 86 19 57 43 66 46 6 91 21 55 6 14 70 66 20 46 10 26 1 42 23 11 74 86 75 23 71 6 6 92 54 12 38 0 69 80 70 70 87 5 69 23 67 9 92 88 62 56 31 88 67 70 14 90 64 73 23 19 72 54
58 55 60 64 56 89 10 66 66 8 67 93 52 25 72 55 66 71 11 48 96 86 71 84 29 36 31 13 39 4 77 47 44 56 27 78 92 33 36 3 32 87 79 42 71 31 56 30 9 96 94 73 28 92 13 91 52 84 97 70 34 70 34 56 80 96
81 5 82 72 67 53 52 96 9 43 69 95 10 0 57 3 74 45 9 95 32 80 8 63 100 95 49 60 52 29 73 91 46 32 11 92 21 99 41 89 16 23 20 39 57 83 86 14 63 73 42 56 32 59 97 37 96 48 79 76 0 90 46 50 9 81
28 85 39 22 1 76 86 94 14 93 1 71 78 6 29 18 100 84 72 77 22 0 45 11 19 37 37 95 5 8 13 36 58 79 85 75 80 54 87 68 91 85 81 43 54 85 13 26 59 30 69 15 5 18 33 19 73 82 51 80 21 40 72 19 67 100
98 63 7 96 53 70 63 17 50 27 61 88 29 36 46 95 39 0 6 19 2 26 18 56 88 26 62 48 19 6 44 98 90 42 4 52 5 53 48 94 10 12 67 20 11 74 52 8 77 31 78 61 83 27 38 66 47 43 18 0 91 7 54 2 24 35
2 63 9 25 13 64 93 46 73 26 74 70 4 15 65 41 7 90 70 28 76 83 98 86 78 69 60 5 56 41 91 51 53 41 14 19 50 92 40 93 26 65 80 66 41 68 64 68 49 50 16 46 2 87 98 53 0 37 59 94 23 61 64 100 31 52
22 96 96 67 84 80 1 51 85 91 42 23 85 64 84 51 45 80 71 3 75 76 50 3 5 20 36 11 76 24 53 58 41 17 73 22 35 83 63 75 27 34 78 59 61 19 91 96 51 35 66 77 79 81 29 29 30 97 62 25 8 25 67 69 81 56
75 85 45 37 70 15 6 58 64 93 58 62 100 62 32 25 86 24 95 49 41 32 43 40 81 92 96 44 57 92 18 74 63 79 9 96 56 29 100 44 65 26 67 65 34 32 48 56 4 100 25 34 82 85 10 92 61 97 58 32 84 88 23 98 67 53
72 92 69 88 56 69 80 93 6 34 4 45 39 19 33 82 26 45 98 65 53 49 14 44 98 51 55 67 21 65 52 81 20 100 68 18 54 29 61 86 1 69 59 43 60 54 68 70 58 60 87 28 63 63 55 48 28 32 25 42 53 70 2 28 52 63
13 45 38 45 31 77 11 99 24 16 20 51 91 80 52 86 70 4 6 25 25 57 55 46 30 79 16 81 9 17 28 74 66 36 0 34 47 14 91 4 22 47 32 49 27 7 57 24 55 24 23 42 54 38 96 74 98 86 46 19 88 54 74 98 41 78
10 88 45 5 58 39 55 31 25 7 86 0 36 53 90 44 85 84 51 36 39 75 4 28 71 71 57 46 86 68 39 32 70 98 67 67 30 26 37 15 29 44 44 98 20 21 5 81 15 64 8 21 57 99 35 16 100 93 19 41 64 99 23 52 4 72
22 34 27 65 65 53 100 68 38 29 79 54 50 32 61 62 18 22 17 6 56 34 65 71 33 100 5 95 73 10 61 11 16 90 1 11 41 86 35 51 46 5 32 63 1 66 94 57 10 32 100 29 66 66 21 33 90 43 51 69 9 50 26 55 47 75
86 69 94 50 40 15 100 41 54 19 71 96 90 61 25 31 86 94 32 10 3 89 72 25 13 98 70 78 73 92 65 33 35 83 13 88 83 64 2 96 23 95 10 56 81 69 90 7 43 55 85 23 41 37 43 16 16 41 42 1 29 18 67 15 63 31
2 0 81 71 23 74 75 33 99 94 9 56 70 7 24 32 96 14 17 23 51 70 84 19 27 61 98 49 0 54 53 3 65 21 10 84 61 65 22 11 9 51 66 50 65 3 8 61 98 50 41 37 17 8 30 18 12 66 23 62 77 88 47 43 4 39
47 5 62 30 97 57 38 2 87 64 32 24 20 61 83 41 4 76 23 88 16 40 15 56 43 66 65 9 67 13 28 10 77 69 83 56 71 69 30 34 90 3 11 83 18 9 20 59 89 5 84 3 41 65 40 18 6 82 28 39 28 1 4 43 13 1
23 25 40 35 33 11 77 15 72 60 57 16 60 88 4 49 100 31 62 13 63 65 28 63 70 75 91 42 72 89 23 13 41 87 91 26 10 77 44 13 52 3 36 65 1 67 27 89 16 46 38 99 94 55 57 87 58 76 52 41 20 28 100 31 84 77
38 13 84 18 37 9 53 76 70 33 39 51 35 20 69 5 52 34 1 99 63 14 69 42 91 29 28 1 65 23 57 73 85 89 58 33 96 89 43 100 95 21 4 26 41 93 47 39 82 95 79 100 54 26 27 21 33 60 84 27 99 50 39 6 99 67
43 76 55 55 98 100 39 6 27 79 0 85 1 49 70 46 66 49 38 10 80 20 34 41 49 44 84 7 23 70 45 29 5 39 72 100 80 28 84 36 15 70 25 84 33 30 0 51 17 4 68 36 28 27 18 95 53 65 78 27 75 76 100 49 90 22
20 32 6 62 7 77 17 88 97 81 57 9 84 11 97 1 51 5 16 62 39 81 57 75 96 94 87 3 34 46 72 33 82 73 13 59 49 80 40 62 98 11 51 58 93 44 37 17 30 87 100 82 19 7 45 74 10 76 71 18 26 86 89 32 99 85
30 53 72 47 14 92 12 5 63 43 64 1 4 42 10 23 34 68 17 0 27 18 51 47 66 13 11 85 96 100 59 33 64 94 8 16 21 51 83 70 73 5 50 20 65 24 76 93 7 39 31 84 96 21 25 38 77 42 32 41 28 80 20 7 54 96
29 54 85 100 24 11 82 31 68 37 2 57 13 43 18 22 57 61 78 3 5 76 100 17 78 85 56 66 79 60 5 43 31 28 57 61 79 62 8 62 98 49 36 14 57 89 54 68 92 78 95 84 82 32 63 77 60 52 67 97 43 14 52 85 12 60
55 61 34 42 28 97 55 11 45 90 42 83 14 27 44 91 54 31 12 23 12 7 94 23 77 56 96 50 28 13 42 77 66 38 81 21 63 32 47 74 60 66 16 23 26 52 19 70 73 69 22 8 22 39 1 53 23 43 87 78 4 28 53 60 61 90
65 45 8 57 32 6 10 81 19 46 57 55 4 88 61 94 41 1 38 3 74 71 66 7 18 64 42 47 33 82 19 19 69 72 61 71 41 1 28 9 76 64 37 68 22 26 85 38 10 83 88 61 79 96 22 32 16 13 97 50 80 23 68 3 66 100
16 42 21 2 78 65 20 12 84 21 99 23 5 64 80 10 73 63 27 52 16 55 86 8 54 54 27 61 29 32 86 46 64 15 35 29 33 75 65 21 67 0 79 27 83 13 12 15 44 72 48 74 65 95 11 77 73 78 25 88 22 32 41 36 25 17
9 26 63 1 34 76 42 88 32 86 11 50 18 18 63 14 18 56 19 95 66 22 56 47 95 63 87 88 81 89 19 33 82 78 78 13 64 96 37 100 85 66 73 35 1 87 88 67 20 28 44 16 41 40 24 76 74 71 9 10 61 16 84 93 73 34
4 2 91 59 68 23 55 21 3 65 76 99 93 21 17 36 83 30 55 1 13 93 89 74 36 83 46 10 85 16 4 68 44 18 68 42 55 36 85 96 67 39 89 80 4 23 89 50 2 48 66 43 90 13 51 80 10 23 72 60 73 34 54 43 9 83
75 14 28 54 46 85 40 92 71 6 89 55 79 82 96 90 100 66 37 40 31 14 49 37 68 55 41 45 12 19 80 39 62 92 83 48 50 91 67 94 55 37 26 26 84 28 21 75 27 62 75 9 26 46 23 13 64 50 78 52 94 23 26 16 23 10
38 28 65 61 91 94 89 81 2 19 55 39 12 28 67 28 99 67 34 55 66 99 50 23 13 0 84 5 26 69 47 61 87 24 44 61 3 14 55 24 73 85 14 68 51 3 55 60 10 57 64 92 98 55 70 65 8 91 87 16 4 56 65 32 84 20
28 74 0 68 31 68 75 72 27 69 72 100 60 6 37 3 29 47 99 78 1 54 41 46 87 45 14 50 48 53 90 1 69 14 78 48 64 54 93 46 51 86 84 39 89 39 90 54 57 71 97 77 64 59 36 0 4 99 29 35 78 4 31 30 81 26
80 20 63 4 29 31 49 51 90 70 71 87 99 70 48 99 11 34 47 31 99 65 71 100 3 99 14 2 95 98 54 36 19 31 40 26 6 39 64 81 1 32 4 68 20 50 31 46 82 63 11 68 47 95 11 72 50 82 13 68 45 31 64 23 38 36
43 1 32 57 85 39 55 53 13 34 27 86 77 4 53 64 27 9 10 15 55 21 20 86 7 40 98 40 0 50 75 24 3 27 3 44 54 83 64 46 50 29 66 34 8 84 78 50 5 78 57 43 5 7 27 58 14 8 47 18 30 90 42 36 30 71
32 10 98 64 40 97 50 61 18 88 49 38 83 53 19 24 20 30 9 8 33 17 89 29 57 56 86 21 9 21 37 89 83 0 34 39 16 25 21 61 93 53 90 7 16 85 96 57 11 46 40 64 40 17 4 32 4 9 63 32 7 97 11 43 25 77
63 26 63 89 92 66 98 91 54 51 93 51 64 11 71 93 53 27 26 22 43 47 68 90 4 61 68 84 0 85 0 89 47 90 23 91 76 79 86 51 62 50 55 41 82 37 70 93 99 9 89 0 52 83 100 54 22 71 46 95 76 69 35 40 39 29
77 53 87 7 19 37 25 31 99 50 36 29 88 1 9 42 67 96 77 63 59 99 66 81 24 51 78 59 41 83 82 30 13 6 34 81 0 31 74 90 69 26 7 79 83 54 95 17 65 37 43 96 9 45 58 51 46 78 14 52 49 9 36 72 5 18
39 96 96 28 2 41 87 75 59 90 0 53 5 90 100 35 46 78 68 20 67 83 22 71 29 4 85 23 56 86 77 4 91 71 28 97 76 51 92 75 21 76 96 66 17 34 8 63 29 22 16 98 52 68 54 97 50 32 45 16 21 22 86 6 71 17
99 47 5 42 68 11 23 99 44 56 53 66 78 44 29 55 0 96 71 54 59 99 86 95 68 31 43 48 97 74 67 91 61 50 0 96 54 95 36 25 62 85 59 51 78 38 26 64 2 99 28 47 10 1 10 93 48 39 60 56 27 19 81 57 68 39
87 33 14 13 0 99 46 92 68 29 12 85 83 19 61 31 97 11 29 77 62 87 57 84 34 86 83 47 36 63 80 12 95 100 1 49 22 62 12 99 22 97 64 92 18 50 85 77 63 78 26 15 87 46 19 58 98 73 90 40 72 33 72 92 70 15
84 52 7 88 17 40 15 21 69 3 95 54 71 76 25 51 73 100 8 91 29 63 96 18 20 82 17 88 15 97 74 55 56 45 47 51 35 36 90 100 97 5 80 82 0 4 75 100 46 59 95 40 24 29 5 24 55 45 92 14 19 12 12 70 90 5
64 54 28 49 10 12 6 6 64 49 99 41 81 84 35 68 66 45 71 34 100 40 1 59 85 88 80 45 7 1 29 80 75 5 75 50 72 64 95 63 93 94 16 33 79 90 44 2 84 93 66 70 3 27 65 4 51 12 29 94 19 63 21 1 7 48
19 61 63 46 14 40 23 92 24 67 43 87 84 64 33 7 21 74 36 24 90 34 88 86 0 62 59 84 28 22 60 5 54 3 38 94 38 94 44 44 58 35 57 35 18 7 10 41 15 7 69 31 17 2 91 94 24 40 6 50 72 83 16 84 25 61
78 82 89 66 63 76 31 8 24 44 2 77 71 20 24 82 47 64 76 18 34 35 96 79 0 97 1 56 24 24 84 99 96 33 9 99 78 46 43 36 47 65 98 50 57 19 83 40 28 92 46 99 28 58 58 91 65 89 72 74 33 92 71 13 31 51
26 41 90 97 10 82 65 35 49 65 13 95 81 86 65 95 6 34 44 90 8 88 67 50 23 47 79 99 32 59 97 38 60 89 45 19 97 53 66 25 83 66 86 92 76 58 49 74 63 92 29 20 63 54 50 14 82 16 38 62 99 11 42 4 89 48
85 66 25 66 7 97 11 33 10 19 49 71 30 89 42 89 96 72 62 11 8 3 10 4 20 37 59 72 19 78 91 96 54 12 58 31 27 11 61 5 11 99 43 18 51 25 27 8 39 92 94 88 75 67 8 23 47 3 98 27 12 26 81 67 58 24
64 55 63 84 55 24 58 98 37 25 82 74 11 26 56 53 58 19 27 54 97 24 44 84 25 18 20 50 69 79 60 10 77 62 53 88 34 52 31 2 63 97 89 39 39 30 26 78 77 90 4 25 96 82 100 65 73 19 25 58 47 23 33 44 45 73
39 83 84 16 84 78 56 31 36 72 57 7 33 85 68 80 64 41 92 2 51 13 1 19 45 22 29 5 58 8 93 35 98 56 37 8 61 65 43 20 93 95 43 90 39 15 85 70 89 100 90 53 60 84 63 93 10 33 95 60 75 90 45 94 82 98
88 48 53 54 19 7 97 3 14 96 7 53 91 14 78 57 14 50 55 1 94 95 5 60 52 69 2 42 94 99 22 67 59 39 63 65 92 83 90 37 51 76 37 78 77 29 66 29 26 15 1 58 22 88 11 61 68 0 12 100 15 31 78 80 63 3
3 59 74 15 31 5 10 40 68 72 67 32 15 63 18 90 8 14 56 44 84 30 9 34 71 37 2 7 26 24 92 73 40 43 41 14 36 81 99 81 85 72 62 63 26 64 38 79 22 23 16 62 55 78 68 28 76 18 10 100 86 81 58 79 33 53
19 75 14 86 91 47 35 59 30 14 3 92 96 95 11 77 87 37 83 22 35 62 34 70 48 44 97 80 47 20 5 49 54 96 98 11 17 46 35 45 87 46 11 62 24 24 58 39 92 27 64 63 53 98 78 45 29 41 62 28 76 44 98 35 62 61
12 28 35 18 85 31 54 91 82 55 88 0 26 0 28 93 5 63 50 42 22 33 31 56 43 72 27 38 88 10 13 57 44 7 68 70 29 0 85 10 87 0 97 63 93 10 92 47 44 36 40 43 7 77 86 52 98 84 12 97 60 87 86 48 18 9
43 12 31 53 22 100 8 52 9 10 12 0 11 53 0 31 58 64 58 20 30 38 97 73 12 22 28 44 88 51 92 80 4 5 8 15 81 26 27 76 2 15 70 62 10 19 80 93 27 33 24 41 20 11 10 41 3 16 94 58 61 19 7 33 83 45
90 55 91 2 4 61 88 20 11 39 32 0 19 78 56 46 2 82 13 0 83 25 80 69 32 77 90 61 29 81 57 56 2 85 60 90 57 23 22 66 43 33 98 100 95 35 88 18 74 31 19 84 88 82 57 38 58 90 6 82 8 6 52 95 13 85
73 79 24 48 68 41 77 37 91 10 12 99 22 38 40 41 29 54 20 54 76 72 82 81 5 98 56 94 14 91 53 1 26 31 74 65 0 91 4 69 58 17 73 22 67 67 14 2 13 68 99 91 98 93 24 11 46 61 43 97 85 36 17 14 80 43
32 34 9 54 85 100 27 37 28 92 46 83 36 75 22 42 50 7 75 1 73 24 79 35 89 11 6 94 61 22 65 69 80 12 82 70 19 45 94 3 89 24 17 74 26 74 56 39 91 85 41 32 40 65 46 96 21 60 22 29 73 25 21 28 50 65
16 95 20 100 4 62 28 33 34 88 16 50 71 21 21 70 83 13 29 5 43 26 16 36 69 65 57 60 24 25 1 71 84 66 71 60 37 64 100 68 7 58 41 43 55 49 89 51 64 56 79 12 14 24 23 83 59 65 31 98 66 56 62 32 47 51
96 82 29 70 82 74 16 10 11 39 40 81 81 43 4 59 9 19 1 47 13 66 2 52 26 53 49 90 86 1 8 9 13 51 95 56 70 40 40 11 36 29 14 54 49 9 39 17 76 63 69 68 2 13 39 82 24 51 0 91 19 0 90 90 31 21
84 16 13 33 17 80 69 96 77 20 24 88 2 5 52 64 38 84 91 95 82 51 93 14 87 12 21 58 28 17 78 0 26 65 34 95 27 69 50 66 20 96 22 57 64 43 21 27 27 26 51 33 10 99 35 32 6 20 83 95 52 9 43 94 7 46
39 62 48 67 90 13 40 95 66 47 57 25 11 35 83 99 67 76 85 42 40 57 24 74 6 61 87 90 15 40 83 55 20 38 45 67 61 39 1 10 88 75 96 38 46 6 30 26 97 87 16 98 26 2 7 86 68 56 63 49 0 44 29 7 49 27
76 48 67 32 32 17 41 61 90 25 81 2 23 35 41 28 50 30 4 88 82 58 4 91 89 78 70 65 7 96 99 75 40 85 89 95 81 57 63 85 57 21 33 8 27 26 16 100 54 13 8 10 22 41 9 67 80 90 12 10 15 52 90 20 18 16
41 31 40 3 11 65 54 55 4 7 89 78 98 52 82 18 84 33 25 83 23 5 70 36 94 37 74 52 61 57 54 97 14 32 60 51 68 48 33 28 55 61 82 78 93 52 54 82 74 19 16 80 96 8 63 72 79 25 52 86 82 93 68 79 21 34
73 4 81 72 94 28 80 64 98 35 16 94 73 81 74 0 82 47 97 84 13 78 32 62 46 89 76 87 65 83 4 42 86 86 60 38 48 98 9 80 83 18 8 43 58 93 37 99 62 22 63 79 79 89 35 9 77 31 55 75 64 74 69 83 69 31
20 12 26 19 64 70 88 24 63 5 71 69 63 12 53 36 2 77 15 57 37 68 23 8 20 87 37 31 76 20 24 99 37 61 51 5 37 56 49 54 97 42 93 67 82 44 62 13 87 15 70 43 24 85 52 19 16 43 78 73 59 86 93 75 77 31
92 17 20 78 36 29 25 50 76 8 89 50 17 91 94 15 81 56 55 61 3 61 14 33 15 47 93 99 97 95 17 51 90 0 76 42 52 93 31 7 27 13 84 90 89 27 14 64 92 84 15 83 89 76 45 61 34 44 48 18 51 21 5 95 69 17
28 71 40 28 52 83 1 43 56 49 89 98 65 78 75 20 9 78 40 32 32 22 32 58 66 57 78 11 96 39 95 72 25 46 8 34 72 87 38 96 41 62 85 81 89 51 61 60 48 80 96 10 89 31 68 49 68 38 40 39 35 55 68 16 25 22
68 28 100 55 44 52 17 17 84 13 88 20 62 79 48 32 84 28 41 68 32 50 4 57 65 26 87 27 0 27 48 38 52 84 23 34 64 87 50 98 77 91 81 100 62 61 18 26 50 52 60 56 4 4 28 59 76 87 85 30 100 8 81 1 29 67
24 45 68 70 93 88 38 27 25 44 92 48 25 83 37 81 35 10 23 2 48 78 100 53 44 88 22 81 50 81 54 26 19 64 89 65 21 40 42 21 81 84 27 40 41 62 59 62 54 43 36 18 85 34 26 88 65 99 45 87 45 37 62 1 62 85
82 61 89 31 32 97 15 94 98 51 11 96 72 31 99 58 36 26 34 18 85 59 11 8 2 65 30 83 75 4 3 77 7 16 21 39 24 41 38 51 36 93 79 37 68 6 87 53 17 29 29 88 41 54 61 51 5 3 90 6 82 26 17 72 75 91
35 55 73 25 84 29 52 14 19 60 16 63 85 11 5 18 60 66 67 63 47 20 15 55 77 20 35 86 25 34 71 13 27 25 62 83 28 48 23 93 90 4 36 34 54 8 89 59 93 85 89 29 28 79 73 30 30 72 58 76 18 31 5 72 30 97
15 90 77 61 8 54 54 48 1 61 62 57 88 0 6 5 68 84 50 14 33 13 80 42 89 42 50 60 28 45 63 32 86 40 6 68 0 50 24 38 46 68 27 59 8 23 30 19 59 13 93 19 88 27 4 30 60 47 50 7 18 47 71 65 82 10
61 32 43 79 58 35 51 66 28 16 35 21 87 31 89 72 42 88 1 68 79 38 89 1 59 57 95 76 67 37 69 41 55 73 38 90 98 3 17 32 37 50 51 57 6 46 19 57 57 55 41 90 15 49 41 99 94 58 21 5 72 9 87 38 31 6
47 68 42 36 78 8 16 36 19 37 2 78 63 12 55 47 84 98 67 52 93 21 93 47 87 62 62 60 95 74 1 22 83 97 90 54 30 62 60 66 78 84 55 44 31 95 50 57 59 60 66 97 46 61 62 81 98 1 55 27 16 10 0 76 60 65
8 77 82 84 10 25 29 53 54 51 77 35 70 84 22 61 55 100 36 61 95 71 64 98 99 19 36 11 95 72 78 54 50 92 47 39 48 84 73 13 60 17 17 15 90 68 98 2 66 77 62 89 85 40 38 36 1 51 54 68 43 63 86 42 72 96
3 74 43 97 12 92 76 36 94 93 98 96 62 71 42 81 17 78 55 39 70 59 38 83 67 36 36 98 84 40 70 17 28 70 98 2 14 13 68 45 16 9 59 0 81 92 39 24 36 47 13 21 7 8 45 40 61 51 23 94 61 2 52 77 45 15
43 91 71 36 51 69 13 44 58 67 3 7 29 71 78 66 61 27 96 58 54 97 99 52 94 1 82 61 57 30 23 54 51 7 73 86 70 82 68 38 41 97 30 6 19 67 33 80 90 2 4 23 24 88 35 45 36 64 45 66 31 69 43 29 55 68
9 21 85 75 50 87 67 99 79 92 13 54 77 12 51 0 94 20 74 21 20 24 44 64 14 10 12 61 56 13 90 87 97 2 25 86 55 54 1 48 92 75 62 88 10 3 94 86 38 68 12 50 9 65 20 88 58 41 56 5 44 11 46 5 44 84
83 84 96 57 3 32 62 32 79 54 62 72 65 0 39 14 78 66 10 59 73 50 63 71 63 78 51 0 87 11 40 44 7 35 7 40 78 87 10 26 91 84 35 1 38 21 87 34 56 82 43 41 35 31 86 42 8 28 29 51 76 69 54 43 85 19
23 33 39 6 23 72 4 9 18 64 53 20 3 28 12 85 57 91 5 95 73 31 7 46 93 30 30 73 76 87 76 83 3 82 47 11 71 34 76 36 9 94 56 22 14 56 36 21 90 54 9 6 99 46 60 66 84 96 85 43 95 99 37 6 32 64
9 60 2 87 48 78 60 59 1 95 83 1 78 51 41 41 58 74 71 41 2 5 76 79 52 87 72 65 88 56 32 66 50 83 30 10 6 24 45 13 18 57 7 88 32 68 50 73 44 78 83 90 43 74 69 3 92 33 25 62 98 49 43 81 65 36
91 94 76 24 15 52 34 40 47 20 18 77 24 22 16 98 46 65 74 90 99 25 73 17 34 46 89 37 46 37 17 85 27 27 84 44 62 57 11 12 85 23 63 64 71 44 37 90 23 38 64 79 98 99 6 36 28 5 97 90 45 9 79 10 82 68
9 53 37 30 34 30 34 8 98 7 96 100 42 17 17 4 85 13 10 60 14 18 97 95 55 74 51 38 64 93 60 81 9 14 74 52 87 71 32 58 96 85 95 39 69 47 67 46 28 16 37 93 16 90 52 64 80 99 23 14 10 97 84 80 70 52
59 15 46 100 66 45 53 46 69 9 70 9 73 36 15 49 34 46 86 53 33 87 16 61 95 90 76 46 5 7 100 66 91 93 54 19 81 34 57 86 92 89 28 45 20 17 73 5 83 50 61 24 25 66 13 16 54 88 9 72 57 71 40 1 16 28
66 21 76 93 77 14 25 35 33 1 27 3 8 79 20 63 87 42 24 14 98 77 65 85 42 64 93 8 63 5 92 71 59 88 40 98 99 57 96 87 1 61 37 6 50 18 70 49 83 99 33 82 15 21 59 75 97 94 95 80 31 83 25 23 96 100
29 63 17 0 54 47 23 29 60 57 26 21 20 74 34 27 46 12 12 7 83 85 80 15 65 54 39 61 47 16 56 1 70 47 66 35 88 0 99 6 28 66 16 80 61 81 71 80 71 15 72 38 40 29 90 35 20 12 16 96 27 59 80 85 51 97
24 54 1 2 56 100 83 19 84 11 42 7 69 45 91 33 46 74 48 86 34 31 19 92 32 56 22 60 76 79 35 67 46 54 87 94 47 51 26 32 70 87 88 88 91 71 100 67 63 91 89 99 52 80 7 44 15 70 91 98 14 97 29 89 97 92
87 74 84 94 13 78 84 77 60 33 90 36 78 65 94 28 0 17 99 51 39 100 17 34 100 98 14 76 46 92 73 63 18 39 8 15 79 6 3 51 8 41 53 39 34 51 85 65 15 37 74 29 2 94 9 90 95 3 14 40 67 70 52 13 79 74
89 60 98 73 95 4 34 59 48 68 61 62 55 10 98 51 70 91 81 21 43 71 40 16 70 22 23 58 48 50 48 90 65 47 72 1 82 67 47 57 56 20 6 54 9 59 49 93 71 38 99 37 87 80 43 32 91 94 12 33 6 57 13 6 4 51
67 21 1 82 7 4 79 31 84 3 41 18 56 67 44 67 13 66 94 76 69 2 29 67 99 75 25 6 33 69 30 57 97 53 84 83 27 94 48 37 27 13 97 85 100 80 21 13 61 4 29 57 32 38 36 41 43 29 33 25 33 94 33 56 91 51
70 69 57 3 61 10 79 78 91 92 56 0 78 62 60 73 35 56 92 7 41 62 32 36 85 1 78 68 20 36 2 36 34 48 94 50 45 75 0 19 78 39 29 28 38 54 13 52 39 4 99 31 62 9 23 16 79 46 18 3 84 2 25 0 29 19
31 41 2 84 18 31 77 22 63 54 60 37 6 86 96 46 100 74 43 1 26 86 80 58 79 39 10 96 77 57 3 2 94 63 97 80 39 56 97 88 48 18 24 91 53 63 93 53 14 96 97 66 93 45 21 97 87 35 14 86 66 83 93 77 1 70
43 9 91 84 11 75 58 95 5 48 91 90 70 16 60 95 12 59 77 61 56 89 19 73 17 8 75 83 90 79 5 0 67 68 72 16 97 29 55 8 9 75 36 40 63 26 20 66 87 58 5 83 59 70 36 76 16 70 84 12 63 70 57 53 97 3
54 7 33 88 98 87 7 49 27 100 52 15 58 41 89 98 89 16 61 81 15 90 38 81 69 48 35 94 36 6 3 40 12 44 57 1 86 47 26 12 42 21 5 30 1 93 60 100 44 26 34 78 51 27 77 37 25 52 19 96 4 2 44 77 9 46
84 48 49 43 98 95 21 8 37 10 5 66 91 76 29 62 80 9 4 85 90 11 27 12 81 68 1 33 42 83 49 26 19 48 41 90 73 62 0 66 15 41 35 76 27 44 67 55 73 85 59 60 25 12 65 47 97 30 54 4 80 88 52 34 10 35
23 48 98 23 35 6 67 93 61 94 19 28 90 53 83 43 33 93 59 5 20 84 76 54 55 36 50 18 62 38 12 89 19 79 18 93 12 59 33 40 74 45 44 45 4 95 24 14 8 98 92 3 87 0 68 73 28 85 72 25 3 33 29 97 10 67
44 13 2 47 87 89 12 68 26 45 95 44 45 41 31 74 4 95 80 50 25 92 26 67 74 6 42 58 34 7 54 30 27 5 33 64 1 84 82 20 10 95 53 14 86 97 69 45 32 55 20 99 69 84 88 65 38 79 15 90 18 8 21 87 4 85
56 10 21 93 85 51 99 59 93 45 11 50 60 49 84 90 22 15 6 69 1 72 85 71 95 10 45 78 43 17 31 65 31 68 50 15 48 25 67 28 8 40 26 83 89 87 19 75 72 82 47 80 52 42 97 67 62 55 52 8 62 43 51 69 9 2
46 56 91 93 62 71 70 28 1 3 20 73 30 23 5 49 52 64 9 13 53 36 79 9 90 30 68 78 98 12 95 5 4 57 51 65 95 58 7 22 51 76 82 4 73 74 95 42 54 86 75 13 2 5 72 0 36 27 80 9 26 16 45 79 10 33
81 59 11 94 62 85 62 36 5 32 85 96 13 60 77 18 26 72 5 43 82 71 10 32 23 15 34 85 27 51 84 56 42 51 13 36 62 30 80 88 47 67 4 47 16 24 73 97 13 84 57 60 94 74 66 63 81 53 59 96 8 86 62 16 60 17
79 95 53 82 11 95 62 30 8 47 81 59 13 90 14 25 95 16 16 43 12 0 40 27 68 69 25 88 0 58 91 51 51 94 25 17 66 99 86 16 52 41 25 81 2 0 26 48 80 20 15 98 41 46 23 82 69 22 30 18 72 62 55 59 79 50
86 48 41 99 72 30 99 98 61 49 45 73 65 81 57 87 38 40 89 75 8 70 71 74 33 73 36 36 66 8 21 45 63 47 95 8 67 15 2 11 46 61 85 42 43 74 30 94 54 62 68 49 11 49 98 22 69 53 89 73 52 63 23 73 24 52
13 33 90 78 90 60 60 21 56 34 88 59 29 41 19 22 25 61 16 96 83 23 49 66 68 83 95 38 26 19 89 0 20 58 68 100 14 51 45 95 25 21 43 81 10 21 18 70 17 12 79 76 23 18 99 50 65 51 31 47 96 49 37 96 0 65
35 22 74 83 70 80 7 64 82 1 35 19 71 13 13 28 44 97 98 29 82 50 47 31 100 13 31 1 80 91 18 16 39 83 95 53 54 41 87 26 16 12 33 8 63 46 63 51 99 93 80 22 78 58 28 66 31 23 21 96 70 89 6 6 1 12
32 89 68 13 10 78 97 40 82 36 66 27 68 29 86 69 69 26 0 0 97 1 11 4 73 42 8 11 71 90 13 4 24 77 60 36 28 68 40 39 90 63 61 46 21 70 57 99 30 25 49 74 44 36 98 21 29 94 35 4 16 43 90 33 56 52
19 53 34 88 55 56 93 27 47 7 64 33 47 100 41 0 58 25 51 0 73 58 41 49 14 66 90 29 78 63 20 28 47 58 0 43 53 12 0 85 50 69 94 47 46 63 85 90 90 6 78 15 66 89 4 15 23 19 90 5 77 38 38 74 38 26
21 98 26 74 22 32 12 59 27 67 37 95 91 41 69 74 54 42 40 93 68 63 48 31 71 56 50 6 73 56 57 75 90 1 56 58 92 23 36 42 24 100 77 54 12 88 68 84 20 20 97 27 59 63 72 90 39 38 98 90 86 15 24 46 38 65
96 36 16 45 44 99 50 60 13 76 82 34 31 48 45 94 75 28 11 62 21 54 65 4 82 82 50 73 95 70 8 59 54 36 42 29 80 75 78 37 11 48 12 26 76 87 99 33 0 51 89 10 15 58 81 51 72 40 12 69 59 14 97 43 39 35
5 78 93 58 33 27 47 29 38 85 63 4 1 16 66 67 31 65 63 41 2 43 30 61 56 10 78 15 68 1 12 82 83 75 94 96 90 69 77 40 30 21 14 1 44 39 10 54 46 35 22 74 3 16 6 93 81 5 7 67 91 85 15 99 70 8
80 24 71 85 81 14 9 100 11 26 54 61 57 1 83 30 29 64 33 47 98 46 95 60 18 63 72 47 80 23 6 54 21 33 7 74 61 45 90 18 96 86 0 7 1 70 19 10 56 34 10 50 8 20 86 15 32 46 84 32 40 94 82 33 71 98
38 86 39 78 50 98 30 2 74 34 18 10 82 56 28 87 2 44 75 63 98 74 71 15 5 50 58 79 12 93 53 46 30 0 54 73 82 63 82 6 68 51 56 48 55 13 76 43 53 89 95 44 24 44 34 5 18 44 42 67 57 28 11 34 50 58
26 18 93 15 66 29 47 45 96 60 81 30 13 46 30 80 70 24 2 82 4 46 85 84 52 37 40 1 48 63 29 9 93 98 65 82 69 37 71 45 94 42 36 60 71 23 60 66 92 21 19 46 64 45 32 92 24 90 74 100 6 8 66 73 66 65
82 11 99 38 1 72 94 93 5 66 78 82 77 0 99 47 25 61 48 29 31 8 51 72 88 83 1 24 100 15 63 89 47 11 91 95 82 97 57 17 81 18 71 30 66 34 32 66 26 75 5 50 17 86 19 41 89 97 55 78 16 44 24 87 74 74
30 73 54 58 20 29 95 47 65 82 93 33 4 73 90 48 45 67 67 60 55 81 38 4 7 67 86 43 25 31 57 5 86 4 18 76 10 1 52 5 71 38 14 27 1 21 75 92 97 36 100 49 60 81 9 7 18 26 89 25 40 64 19 32 15 9
36 60 100 34 29 55 8 46 12 12 94 84 38 45 37 54 24 52 0 0 82 35 61 1 71 35 98 85 92 61 33 6 18 62 52 96 5 38 42 49 100 43 47 70 14 46 24 5 9 84 43 17 45 31 58 79 15 71 78 18 11 69 52 0 100 91
79 64 55 59 36 55 44 13 16 79 63 58 72 58 46 66 91 41 98 62 31 8 60 21 90 9 2 28 87 90 57 44 13 0 17 73 82 36 80 86 26 35 54 92 95 80 20 26 36 27 68 28 82 29 16 81 73 86 11 68 24 38 48 54 62 63
48 16 58 81 64 49 25 33 72 1 15 18 13 78 61 96 99 86 30 23 75 67 65 49 96 27 28 65 87 56 71 35 5 14 62 29 75 58 84 43 20 87 38 57 47 95 76 41 23 57 72 9 28 44 45 1 38 74 83 66 19 31 42 39 54 14
61 88 19 58 85 69 8 79 93 17 22 0 50 20 66 90 29 47 67 3 60 24 12 33 27 28 70 55 81 17 65 94 91 56 43 22 58 37 8 41 7 36 83 9 22 6 69 27 46 78 18 26 33 15 88 98 31 17 57 49 38 52 48 8 93 47
23 74 44 19 44 15 27 43 75 36 25 67 49 32 49 8 26 59 45 91 30 15 91 24 15 66 62 56 36 61 98 80 58 73 59 27 22 6 81 17 53 27 62 37 51 50 40 10 39 89 66 41 22 92 55 32 57 57 7 10 25 40 6 51 41 92
16 39 16 21 66 25 41 97 75 6 29 43 65 71 9 86 47 42 47 13 17 53 97 68 14 78 95 48 44 17 72 20 20 60 16 49 62 62 56 88 59 24 65 5 47 36 91 16 33 16 41 91 7 90 0 82 54 48 29 79 88 48 56 48 89 63
14 89 24 8 48 71 49 99 81 42 9 75 45 95 40 10 47 44 99 2 52 95 58 97 87 89 29 68 22 78 85 8 72 96 63 93 28 93 86 58 94 43 16 22 10 33 39 28 9 83 77 96 55 22 60 60 53 23 9 58 50 16 16 46 15 82
5 85 73 63 100 47 60 75 5 26 59 95 89 40 41 30 62 30 40 26 82 69 1 54 99 39 97 42 20 49 7 96 26 15 32 12 33 7 88 21 76 89 86 31 72 93 7 17 83 48 31 97 74 8 49 64 56 47 41 26 20 93 35 60 29 37
86 79 32 43 23 28 49 54 15 87 66 89 78 93 76 73 72 51 44 100 12 4 44 65 10 32 17 58 92 78 23 67 61 74 93 61 82 67 33 6 61 19 44 59 8 41 18 4 99 45 46 10 24 69 56 14 23 37 15 73 44 73 39 61 97 11
23 16 7 24 3 73 44 99 59 34 29 38 11 25 10 9 67 39 20 36 35 8 96 9 48 71 35 79 0 50 64 70 37 82 94 12 86 93 94 95 43 21 3 32 18 93 57 33 8 96 56 99 28 90 44 18 85 32 2 11 67 51 98 76 85 37
28 22 12 26 78 53 33 12 32 15 3 43 60 26 18 82 5 96 43 97 64 49 74 55 50 57 93 14 12 82 72 72 36 66 93 88 65 99 47 59 48 91 80 65 56 75 88 86 90 50 74 72 52 19 60 24 78 81 1 30 44 90 57 22 24 46
62 83 72 60 97 4 8 94 48 20 85 19 28 81 35 23 6 23 91 39 93 51 100 66 62 83 43 2 39 17 7 3 85 0 57 97 22 95 31 88 57 71 25 11 17 60 19 62 35 40 79 7 23 67 30 23 94 39 44 40 32 59 38 68 62 9
7 4 83 96 35 59 4 94 2 36 17 44 24 76 81 36 62 42 71 71 58 40 28 53 83 21 35 39 98 39 23 36 26 1 58 59 59 36 88 53 10 45 95 55 68 90 20 1 38 88 9 89 78 78 0 51 20 46 75 71 28 46 55 90 27 62
95 54 97 65 70 87 41 45 65 65 15 46 3 38 87 8 36 78 8 15 7 3 2 27 94 92 80 99 58 72 36 33 10 33 75 76 64 49 32 60 91 6 91 76 94 41 80 46 72 8 56 65 44 72 48 78 28 66 96 52 36 38 58 91 22 17
90 78 61 86 58 13 55 45 15 61 46 33 100 64 35 57 25 73 35 2 61 43 21 23 81 81 94 4 11 82 3 33 66 67 46 87 68 27 23 78 97 38 22 35 90 79 79 25 77 51 76 62 55 53 2 70 7 94 94 38 12 48 81 52 16 77
36 42 55 21 79 97 41 40 35 2 67 72 46 30 96 5 25 98 16 94 52 48 90 47 61 66 39 85 4 20 3 6 47 49 6 65 70 14 53 80 82 0 54 99 88 64 42 26 18 89 57 19 12 20 71 33 4 67 84 65 94 68 77 66 73 17
21 92 39 96 19 5 43 67 91 0 39 13 61 13 11 48 64 28 31 86 20 11 5 80 25 55 88 1 100 1 3 59 26 60 10 37 33 75 21 58 49 24 25 69 52 24 21 26 13 66 8 29 30 61 94 17 31 50 12 6 28 23 32 17 48 43
96 27 5 51 30 43 19 31 29 59 63 11 71 86 94 42 80 60 84 21 31 31 57 82 32 88 53 20 96 94 23 45 52 38 96 37 11 24 30 33 55 74 99 62 37 49 39 0 42 69 97 44 58 68 78 84 91 5 41 80 89 68 7 16 59 40
41 51 33 7 6 88 98 13 78 74 82 42 93 98 4 50 33 30 3 25 71 35 12 65 90 66 97 17 88 75 13 53 52 95 32 69 6 51 26 62 44 94 66 52 23 79 6 100 68 53 10 55 24 21 34 75 92 36 47 47 20 5 57 8 94 95
18 61 46 83 99 3 26 1 100 57 11 67 59 48 35 31 49 59 85 25 26 13 75 63 39 90 75 21 50 45 59 32 93 100 78 81 83 19 42 4 16 48 92 80 88 54 44 16 51 3 62 84 20 26 19 75 3 20 21 70 59 66 60 52 19 67
29 57 90 5 30 22 89 61 22 20 76 72 93 91 91 76 48 95 28 46 10 52 50 11 73 74 27 74 1 79 44 66 19 71 43 68 0 65 15 74 25 55 83 49 5 3 82 7 51 40 40 38 41 48 97 78 9 46 25 21 77 77 98 17 77 22
94 95 33 11 82 61 99 97 1 0 71 90 98 98 99 71 60 95 64 58 4 53 23 84 76 25 75 51 72 41 21 1 87 93 90 26 89 27 0 20 11 53 93 27 59 67 71 14 47 89 86 43 92 11 63 65 35 68 25 69 55 13 69 95 51 81
17 6 20 82 85 12 38 5 55 52 1 30 17 22 96 16 93 57 60 97 88 40 20 23 30 74 56 89 73 53 50 67 23 72 48 97 24 25 46 77 66 20 95 81 71 55 31 64 14 4 10 3 97 68 91 50 97 40 44 2 51 51 4 91 68 31
26 37 19 51 33 84 66 74 85 48 52 97 100 44 7 38 38 100 8 53 100 98 31 100 28 0 71 39 54 13 69 25 97 59 23 54 70 93 75 63 36 70 38 24 34 53 17 69 27 29 94 64 80 67 27 3 23 100 72 79 52 57 70 50 27 53
11 12 83 51 61 68 76 91 9 76 88 98 46 84 7 79 98 82 65 24 11 19 64 70 3 92 70 92 83 57 35 77 41 39 99 36 61 30 74 28 72 96 9 48 91 81 33 40 23 42 2 96 70 91 95 72 7 16 0 43 77 66 100 11 61 25
71 55 40 74 93 90 68 9 65 3 56 67 75 79 49 98 27 22 82 91 59 18 82 1 46 91 3 64 22 91 4 0 1 96 39 35 42 44 70 9 48 53 6 87 12 45 40 76 18 64 26 90 98 5 82 93 69 15 98 44 49 4 70 91 88 28
13 27 13 80 56 88 55 58 1 73 1 72 32 69 48 82 55 67 92 100 82 23 36 73 69 23 27 72 73 44 84 21 60 15 86 10 67 88 92 68 17 92 31 98 51 25 54 40 18 16 12 43 96 41 8 77 47 64 71 99 59 45 75 34 36 20
79 40 19 4 7 40 79 98 66 82 76 67 23 2 81 48 16 41 19 62 52 10 69 96 10 19 93 47 58 94 64 55 29 13 31 32 43 23 96 77 15 9 36 96 72 65 17 66 89 55 50 42 83 13 37 81 15 73 85 21 49 25 48 97 7 23
37 27 53 16 74 46 84 96 12 83 79 85 19 83 58 85 66 86 17 49 82 69 34 72 30 18 46 29 92 8 52 50 23 39 97 85 58 16 21 0 57 65 21 5 76 70 59 47 18 54 56 2 10 2 31 67 99 40 46 25 61 91 7 29 24 49
68 64 48 46 43 43 48 91 51 63 7 27 96 42 35 100 89 2 26 5 33 56 88 50 20 60 82 50 66 34 10 18 63 36 32 85 65 38 36 88 17 99 73 84 3 69 12 24 51 24 38 72 10 75 98 5 46 58 84 99 10 63 83 50 15 49
1 17 24 59 55 6 55 3 64 8 12 90 61 50 5 85 35 64 34 36 35 30 3 67 73 34 80 30 96 25 22 3 37 48 56 34 17 67 85 48 65 82 78 86 72 86 95 87 11 12 30 37 48 52 7 93 45 70 100 82 12 25 22 7 1 57
82 7 4 0 25 36 44 76 84 4 34 33 15 51 82 93 15 17 40 3 81 75 46 53 56 19 87 26 29 26 18 32 47 12 27 73 13 95 41 42 93 52 83 27 3 64 75 85 76 70 50 87 81 90 64 66 40 65 25 100 77 32 1 27 90 54
91 41 80 19 90 83 33 65 62 52 81 46 62 23 7 39 15 35 9 14 78 68 48 97 59 61 79 63 71 67 56 31 63 78 20 85 36 63 100 27 49 91 91 55 47 11 94 81 59 11 55 38 55 7 38 42 9 11 62 57 29 34 38 18 39 70
61 94 23 17 73 98 74 1 46 30 94 81 55 37 77 14 35 69 4 6 69 57 57 32 73 8 48 5 87 61 72 54 34 7 59 15 70 24 9 31 84 88 7 45 44 66 42 20 80 62 19 86 81 5 72 95 45 70 38 36 38 24 18 77 69 34
35 69 23 7 56 58 97 58 6 25 88 92 46 16 17 35 13 88 59 41 8 9 46 49 31 33 41 72 12 33 55 17 38 98 77 48 9 75 79 31 83 85 46 92 48 1 49 25 15 90 37 78 76 12 28 75 97 73 31 24 1 25 50 47 94 5
7 52 74 14 57 95 97 83 56 79 22 27 39 50 88 93 33 35 71 94 63 60 1 14 98 67 31 84 59 88 97 20 54 81 38 42 81 17 35 49 81 75 90 14 29 36 29 27 62 90 90 17 63 90 30 18 16 3 4 81 65 32 83 74 80 13
1 19 89 79 87 76 21 65 68 21 80 100 94 22 79 70 97 51 7 76 63 35 12 51 15 98 18 58 69 12 0 0 66 12 52 3 16 69 34 19 0 39 80 44 46 56 95 80 49 21 32 42 24 29 25 80 12 33 43 70 25 47 33 62 1 11
11 26 60 76 35 85 62 72 35 68 80 63 65 36 0 99 53 31 41 73 75 15 99 8 74 10 68 100 27 3 26 16 6 12 34 35 83 6 62 38 76 4 48 97 17 81 10 22 49 66 80 5 6 57 13 21 46 38 18 57 66 86 32 34 32 69
64 15 73 73 26 51 77 50 40 12 69 9 75 12 0 14 23 23 5 62 38 40 47 21 64 22 84 95 96 70 72 52 54 44 34 41 71 44 73 17 24 63 43 42 57 35 44 84 61 13 30 47 12 66 14 46 55 30 97 93 29 83 24 59 53 57
16 44 92 16 35 31 98 32 47 60 6 92 75 16 75 82 77 76 63 38 84 91 52 88 90 35 84 100 13 7 85 81 25 2 82 51 40 87 44 15 35 43 72 24 78 25 7 5 50 9 46 55 13 99 18 81 52 88 94 9 57 80 46 75 69 53
22 86 87 10 96 82 18 48 80 98 40 52 19 90 9 40 48 47 37 7 53 49 56 32 24 8 61 17 39 67 44 76 72 37 77 67 94 33 2 30 70 5 30 69 26 45 22 48 91 40 72 76 80 13 88 72 34 23 61 75 74 84 83 6 42 47
88 4 61 65 13 64 52 27 12 21 89 40 16 20 32 54 84 43 21 5 38 97 2 70 44 86 49 90 68 73 4 58 89 56 47 84 76 10 43 22 34 84 79 83 25 26 46 51 84 57 90 67 38 24 10 29 83 85 35 29 81 45 33 74 49 17
38 22 58 74 76 40 66 21 52 18 43 57 26 96 60 33 65 12 11 20 16 59 57 25 73 15 73 9 48 46 23 96 23 100 42 45 49 88 39 46 91 4 88 57 84 27 88 85 84 13 51 26 8 40 9 91 10 33 66 94 5 50 86 3 85 27
62 0 8 40 65 30 48 5 58 23 37 52 5 51 89 100 56 80 62 22 93 31 16 42 40 23 76 47 17 41 96 48 12 27 54 74 15 46 97 83 57 52 72 28 29 83 58 95 42 86 78 59 88 2 91 94 27 3 33 28 92 61 13 81 50 37
57 22 34 97 52 57 81 14 63 5 32 56 60 72 26 74 81 61 61 1 81 69 13 37 72 5 3 35 10 85 35 3 99 23 32 16 16 14 36 82 31 10 49 21 62 94 85 93 43 32 86 47 80 60 59 98 70 40 70 44 96 23 20 100 24 72
73 94 2 97 43 18 84 65 64 12 97 57 31 20 97 19 35 93 3 90 58 0 66 0 31 30 14 83 83 91 35 0 74 13 39 72 100 57 48 15 76 88 49 6 19 64 32 86 90 10 41 63 65 59 67 35 67 81 8 65 38 76 57 67 1 57
88 85 94 61 66 60 49 66 86 77 45 41 71 81 83 36 100 29 22 90 47 30 53 88 99 80 53 8 0 95 21 73 6 52 24 64 36 45 100 24 4 96 78 16 52 16 59 78 66 37 90 0 21 67 73 31 10 59 61 14 77 37 35 79 27 89
90 21 70 78 25 39 27 39 3 5 63 42 94 3 78 40 62 73 85 0 85 51 25 38 5 37 46 23 74 65 3 17 100 51 79 11 20 9 24 32 19 54 87 59 52 73 83 15 37 71 93 49 37 51 54 42 0 6 32 67 87 42 36 55 32 63
93 13 19 34 66 34 14 5 4 41 92 11 58 37 72 57 98 64 16 22 93 20 91 36 28 34 87 92 21 24 25 17 42 14 33 41 94 17 75 48 87 17 82 35 30 94 13 32 29 70 50 12 58 67 79 91 19 72 5 2 60 80 28 28 55 53
96 23 76 21 23 58 50 87 25 13 80 58 72 8 6 21 22 38 79 94 66 2 44 31 34 16 24 75 19 63 50 81 13 33 42 45 60 88 10 80 28 24 96 65 38 13 34 70 13 78 29 82 77 93 87 59 58 12 82 92 52 16 34 73 35 56
53 100 96 10 5 10 2 68 15 58 23 6 77 97 83 73 43 42 76 96 34 17 56 49 13 71 42 63 10 2 43 80 61 93 93 33 29 32 47 1 65 78 73 33 50 95 57 94 97 41 8 2 79 1 83 19 99 43 62 64 32 41 93 31 70 3
100 75 79 37 77 20 13 93 72 66 22 68 81 35 77 18 49 69 86 19 95 81 35 62 57 24 75 33 82 8 37 90 56 57 25 7 87 16 83 82 70 61 73 27 58 86 15 0 10 7 78 18 4 27 9 9 72 63 69 77 9 26 20 14 18 23
100 32 88 40 24 3 76 6 81 97 88 93 9 80 7 9 63 88 39 6 31 89 21 38 23 66 53 67 10 21 82 28 77 27 40 24 44 12 100 44 74 69 80 50 98 16 85 14 26 95 36 19 84 24 9 82 57 65 27 78 19 81 90 7 51 30
44 82 83 86 94 49 18 80 98 83 57 69 85 5 10 53 21 82 50 25 75 59 55 12 0 72 85 98 38 83 22 99 99 55 82 81 62 96 74 11 21 48 4 1 42 12 87 19 67 23 71 19 1 4 13 15 17 48 56 65 26 86 45 45 100 79
66 42 89 32 38 44 42 48 9 39 19 75 46 30 6 99 36 80 73 67 75 45 34 56 68 8 15 0 66 79 83 96 7 41 5 76 11 90 73 36 57 35 36 46 35 100 47 41 24 93 62 40 74 51 74 35 7 33 97 2 58 86 91 89 67 84
43 100 35 53 41 54 9 52 32 4 41 47 15 91 6 55 51 0 98 57 6 53 96 46 65 93 85 62 46 81 49 21 87 58 69 70 80 48 54 28 66 82 73 46 100 70 100 90 60 58 65 35 11 19 59 97 49 12 43 30 61 31 80 4 82 97
11 27 6 5 27 9 39 98 15 0 46 39 9 26 21 72 42 25 23 30 10 95 5 43 90 20 43 81 96 70 55 45 87 8 51 53 78 12 86 44 58 91 80 97 26 97 29 2 38 89 61 57 16 86 93 54 60 98 31 47 31 87 80 30 53 57
52 65 58 98 78 98 84 28 66 88 82 75 8 10 76 35 17 55 59 75 43 68 47 61 90 62 11 53 39 25 31 38 24 48 54 96 62 13 93 35 80 31 80 91 90 47 82 50 27 77 72 6 54 16 79 98 34 70 60 53 85 55 7 36 28 80
69 37 33 10 77 62 97 64 0 80 43 51 75 78 72 92 50 77 49 18 52 39 69 54 0 81 84 6 9 29 46 31 91 29 51 84 59 35 13 24 29 93 22 53 23 11 65 93 17 78 83 36 86 61 78 58 100 100 39 60 36 0 18 18 78 89
71 71 54 16 35 42 14 44 5 13 71 52 76 23 28 80 67 30 85 44 53 34 54 48 35 75 1 65 15 30 61 91 37 99 98 66 11 34 1 49 27 22 53 12 19 62 58 25 24 69 83 95 64 29 50 50 12 54 83 37 56 96 5 56 45 51
36 10 100 22 100 52 97 64 74 48 61 66 48 39 42 77 30 82 12 82 53 24 25 32 60 56 13 74 67 20 9 33 53 64 57 22 56 18 70 38 30 74 36 58 34 65 63 48 57 89 12 11 2 93 0 78 48 28 51 45 31 71 63 95 56 46
8 12 3 61 32 70 8 8 83 17 3 37 62 39 51 77 15 81 11 83 43 97 2 47 49 32 52 42 46 14 57 6 9 91 27 25 19 2 13 60 38 22 44 98 31 60 24 12 43 29 55 16 87 51 11 27 49 88 48 38 59 23 32 59 89 51
60 24 45 80 82 92 43 50 28 76 41 50 7 70 100 73 34 26 4 24 72 33 9 4 47 59 58 31 52 91 93 29 86 23 16 48 31 97 66 19 4 11 73 41 36 77 66 62 71 11 36 60 16 70 64 52 90 65 4 77 65 27 30 100 32 84
87 91 70 81 82 58 38 8 19 39 41 14 52 93 46 53 45 61 59 74 24 6 56 62 60 27 24 51 66 50 23 60 37 20 76 49 100 61 2 93 42 37 43 36 22 23 69 27 96 22 90 1 45 2 53 25 10 78 81 58 21 87 53 53 0 38
46 42 96 81 22 66 83 43 63 66 5 1 60 63 27 27 6 25 5 17 91 21 31 79 74 69 24 24 82 60 16 35 48 25 32 88 29 87 78 49 91 20 54 38 46 16 40 36 17 31 7 97 31 88 99 6 36 90 10 33 20 9 91 94 80 47
33 16 32 96 12 61 41 57 81 0 73 34 8 49 38 63 84 33 63 97 55 49 6 29 8 60 16 30 76 62 90 72 66 22 5 67 3 0 81 11 43 25 52 77 86 12 38 82 2 0 35 100 90 91 19 4 75 4 67 52 93 79 81 84 79 90
0 73 20 22 77 29 3 41 69 16 30 68 94 84 0 25 61 66 89 34 1 1 73 54 45 35 19 5 11 69 9 30 93 62 0 61 39 10 43 39 76 54 27 94 75 91 67 77 0 37 67 1 73 8 51 15 15 86 20 33 66 67 54 65 37 81
8 61 18 9 87 70 97 53 81 5 47 59 70 67 74 81 69 22 34 93 23 63 74 68 91 26 14 77 65 34 37 0 42 11 79 96 34 30 59 89 73 65 37 63 24 67 30 94 96 53 84 62 9 58 51 15 50 33 92 35 48 31 17 94 11 39
41 21 33 97 68 63 5 49 52 14 58 67 14 49 28 54 63 1 61 86 95 83 78 77 98 63 14 60 57 73 57 32 78 26 47 91 40 61 57 64 11 64 8 44 51 21 3 39 48 69 83 77 46 80 21 49 1 67 47 97 11 79 60 35 79 87
17 93 23 38 42 3 47 12 3 17 20 20 41 60 8 15 91 34 9 54 68 88 7 78 99 58 16 80 1 52 54 94 69 43 67 30 92 73 26 11 47 51 74 92 10 8 13 69 78 17 84 87 44 3 14 62 23 72 3 31 10 26 48 79 1 97
57 5 25 6 79 89 47 8 96 98 75 83 92 63 49 4 18 90 18 40 13 22 81 84 100 5 91 100 18 52 65 84 51 14 79 34 61 19 64 15 5 78 5 17 6 7 2 41 29 71 60 35 34 82 49 88 57 95 80 37 10 18 26 23 2 49
0 53 98 44 21 10 20 73 91 36 97 55 7 96 49 14 10 66 26 41 14 51 31 39 2 38 50 76 97 51 5 54 56 80 78 13 91 74 41 44 10 5 32 27 45 92 55 59 73 72 23 68 51 29 10 66 73 99 12 26 30 27 16 36 18 75
31 38 7 53 42 2 62 85 56 89 10 6 71 1 40 79 44 60 52 93 30 8 25 16 97 33 9 3 46 44 34 73 46 24 54 100 5 21 65 25 6 9 93 82 29 52 19 43 8 7 52 48 62 72 34 48 18 12 33 36 67 81 59 95 66 43
71 71 30 51 74 51 88 53 78 89 70 79 21 27 87 92 15 30 21 97 39 69 71 44 25 73 20 41 54 54 13 64 63 22 87 26 80 38 77 5 9 76 54 19 84 84 9 38 51 4 32 31 11 46 59 53 71 71 46 58 33 67 62 82 21 21
49 38 81 60 9 85 14 84 34 43 32 74 96 62 92 71 79 88 47 31 78 34 14 75 6 51 46 6 7 17 5 5 88 100 92 87 67 29 11 12 69 2 34 56 82 19 74 48 37 4 69 38 2 60 10 91 18 10 24 10 29 72 5 6 12 47
10 58 70 17 87 14 23 28 30 39 55 4 39 21 69 5 12 92 61 31 3 33 36 61 33 19 7 64 95 40 43 14 10 11 75 87 55 89 99 36 91 5 32 29 68 77 73 64 71 68 63 12 15 3 57 38 71 37 38 78 86 20 78 14 2 24
65 43 1 87 66 27 36 2 70 94 82 27 14 94 90 43 62 79 10 19 84 25 76 6 42 80 84 62 10 99 54 5 60 47 99 41 64 77 0 63 39 93 12 93 61 75 51 45 91 90 93 25 95 44 50 78 11 99 100 7 14 86 44 12 15 28
88 91 27 85 91 94 99 19 8 20 16 40 97 2 100 30 16 44 24 89 1 41 6 73 40 87 77 20 85 76 79 69 13 99 82 79 33 2 3 4 92 81 39 70 55 29 40 66 4 11 69 32 60 100 2 84 87 4 63 93 61 19 68 32 90 60
99 94 64 66 17 2 28 60 48 36 91 27 82 24 66 18 17 3 61 51 97 43 28 30 64 80 100 33 93 75 59 38 89 91 35 15 0 9 99 61 24 88 16 88 68 59 90 48 23 18 56 95 84 99 37 30 15 43 17 89 48 30 18 45 67 1
71 33 24 16 58 33 67 16 58 82 96 5 31 16 4 23 34 41 69 2 4 51 35 4 42 6 41 95 12 63 40 83 62 8 76 41 62 37 52 96 97 77 93 23 73 65 24 27 38 70 78 40 90 52 57 79 42 32 75 43 9 31 94 81 43 87
8 95 53 95 98 93 78 61 93 58 48 17 11 92 73 94 72 29 1 23 62 58 93 67 82 82 51 72 29 64 8 54 29 51 4 62 62 28 40 42 54 94 77 79 33 72 4 83 86 100 81 90 47 80 80 26 0 53 81 14 12 93 17 45 21 61
57 46 46 60 99 51 32 87 29 55 91 83 31 92 4 34 66 60 74 71 97 54 4 55 95 20 76 51 0 24 7 40 89 32 97 1 62 99 13 29 24 53 27 50 15 22 2 72 66 91 79 27 43 52 8 59 98 11 72 92 11 62 49 72 94 10
55 12 26 20 38 3 75 24 32 54 90 39 97 70 19 61 94 27 26 47 89 82 83 22 59 98 53 30 9 41 38 33 61 100 32 5 5 38 80 33 54 50 7 16 90 17 68 18 98 24 79 78 65 66 10 38 35 99 40 55 75 16 22 87 100 12
35 88 100 63 30 74 83 59 94 52 54 98 80 74 91 97 18 81 59 13 66 3 85 65 65 93 49 89 98 99 59 2 18 42 81 100 93 23 98 94 62 37 20 27 64 21 48 43 5 42 16 67 69 77 21 25 44 20 62 73 21 78 6 49 55 71
11 48 15 67 31 66 90 79 91 7 19 68 38 15 66 84 71 57 87 97 10 100 81 63 77 68 47 46 29 86 49 66 71 43 86 33 1 71 91 45 70 0 47 39 30 1 56 60 66 57 56 64 18 31 69 54 8 72 44 16 16 0 18 96 53 31
97 41 51 68 24 28 87 79 84 74 56 88 76 51 73 60 83 25 42 33 1 24 14 43 98 31 90 19 32 76 39 79 49 94 24 88 91 47 39 33 9 29 86 52 31 69 88 35 65 15 6 48 18 26 22 38 3 48 100 18 54 15 41 84 71 10
66 52 73 51 93 75 72 80 22 85 55 53 51 2 18 29 91 92 52 14 89 98 88 39 79 44 62 54 47 90 58 81 88 63 0 33 4 30 80 3 57 63 47 74 35 8 32 93 67 18 95 59 60 37 75 74 37 19 45 81 67 74 70 66 21 5
100 64 66 47 78 8 89 39 23 71 87 39 14 5 55 47 19 71 38 11 84 0 70 82 50 68 57 51 8 59 27 13 85 35 35 75 40 37 8 40 17 24 52 5 21 62 9 68 71 79 80 72 56 12 88 19 95 51 57 45 53 3 36 13 20 30
59 55 39 22 55 47 68 96 27 45 65 4 0 57 61 41 39 65 29 97 14 0 96 56 69 27 25 81 62 25 83 73 90 15 68 37 69 15 82 26 51 66 2 42 55 75 84 26 48 11 43 46 51 18 73 27 5 29 42 45 78 54 27 47 12 10
60 92 85 78 97 48 23 60 20 25 45 60 77 8 7 60 22 96 22 3 92 21 39 78 27 9 23 17 83 46 57 20 26 64 15 58 89 49 48 43 19 57 26 0 33 0 40 46 58 67 58 29 62 54 18 51 95 19 78 33 89 70 3 95 68 4
65 63 83 72 33 22 34 39 97 56 60 12 54 46 31 64 34 89 18 32 37 87 48 77 41 72 64 17 89 7 67 12 98 58 11 85 96 63 65 19 70 55 93 99 96 98 66 30 84 1 24 51 21 42 73 69 13 40 23 1 71 6 13 95 49 26
2 91 1 84 87 47 70 9 12 37 28 100 86 18 63 59 37 96 30 47 9 53 22 24 36 52 90 48 67 44 18 48 88 40 37 72 93 65 92 14 77 60 2 79 62 26 12 27 44 78 89 75 42 27 50 79 75 63 34 65 4 57 65 61 38 99
1 64 1 58 62 1 1 28 63 25 72 49 92 67 86 68 42 73 10 37 73 45 83 42 84 24 39 21 89 62 73 11 75 86 79 5 88 15 14 2 37 28 8 20 36 6 26 95 53 5 55 86 89 64 54 56 71 77 37 11 79 3 2 1 51 40
40 1 41 18 69 99 62 58 20 84 23 71 74 35 54 42 25 0 89 92 38 23 25 38 77 99 71 48 53 73 11 2 26 99 10 1 47 32 67 73 59 54 39 12 63 48 43 61 41 4 55 86 89 64 99 26 99 47 52 30 39 52 13 97 21 57
2 50 94 46 29 38 82 77 46 75 14 37 88 14 94 57 33 19 30 46 77 59 27 41 63 28 16 37 0 1 93 93 69 36 48 27 60 63 92 41 93 71 10 67 91 19 33 93 8 55 45 67 80 21 5 28 21 21 79 99 93 80 12 8 48 54
96 82 73 3 99 26 32 48 40 14 88 25 46 37 34 15 31 92 98 43 79 35 3 100 84 20 91 23 79 94 39 85 34 61 61 79 83 76 2 69 9 61 35 89 47 89 66 97 82 21 85 11 64 13 33 78 94 61 56 34 53 72 62 66 25 98
51 89 64 24 80 60 78 24 90 8 40 61 90 47 89 22 88 4 84 69 13 29 90 48 96 97 51 14 53 61 17 9 1 57 32 5 90 92 78 88 87 32 69 55 65 23 66 76 63 74 59 69 35 10 59 2 61 63 11 50 50 57 65 1 38 42
39 79 7 6 67 19 76 94 97 11 67 18 74 14 21 52 40 26 10 54 47 49 48 84 70 6 61 78 31 16 96 35 1 91 81 32 88 86 21 91 91 57 29 47 4 25 79 42 19 78 54 62 78 25 73 84 1 64 50 15 61 98 61 50 26 94
61 10 7 16 45 63 3 53 76 35 77 8 20 22 1 6 52 43 6 88 55 69 69 57 48 47 11 41 10 28 6 52 55 77 45 46 38 25 82 4 60 24 41 68 48 64 42 7 41 17 50 66 48 5 13 63 26 68 21 20 64 61 92 19 30 90
11 5 82 94 31 59 13 22 35 85 48 71 46 16 10 58 91 83 83 85 9 88 35 35 18 96 21 47 61 78 14 60 6 87 28 12 18 69 2 60 17 60 93 17 100 30 11 56 80 11 76 25 48 69 31 27 59 85 31 46 37 2 8 29 18 70
22 44 14 6 90 98 27 65 94 97 98 14 0 5 25 79 51 19 68 60 25 0 26 86 94 49 6 13 54 14 24 37 54 46 82 64 40 13 20 32 41 31 3 18 55 81 55 69 42 45 57 0 80 69 92 92 12 49 29 64 93 61 65 17 0 28
8 5 91 36 100 1 31 37 33 2 78 26 26 1 81 71 91 66 25 82 3 84 40 39 93 87 72 47 83 4 19 44 79 92 97 91 79 80 36 91 87 38 80 37 67 33 23 81 82 61 79 95 81 27 29 67 69 58 89 36 77 88 81 28 18 67
62 67 6 51 25 70 0 83 99 61 48 49 3 48 20 87 22 32 21 72 26 77 12 10 46 97 74 87 75 94 0 8 16 94 71 69 53 15 51 92 53 79 0 76 31 35 74 75 12 2 92 33 77 54 25 65 49 25 87 12 97 66 27 48 22 60
50 86 4 39 36 21 7 67 97 44 5 5 56 18 9 34 34 53 12 95 73 79 60 64 1 49 4 91 54 32 46 65 24 51 75 64 99 57 22 7 97 36 49 35 72 23 85 17 14 84 97 23 69 81 49 45 55 53 22 5 74 95 1 47 27 66
62 74 12 48 49 57 62 35 51 41 66 60 81 33 98 90 87 61 30 33 97 46 39 66 74 86 3 58 46 2 35 89 1 73 71 4 34 63 28 99 67 74 23 27 64 19 89 2 28 43 45 30 19 40 15 6 90 82 53 19 34 95 100 37 25 54
27 91 66 14 22 89 45 88 14 51 61 45 26 77 30 66 68 68 7 40 60 67 5 13 100 34 39 39 56 80 64 85 41 95 29 83 19 37 59 91 24 9 57 0 61 50 51 49 42 65 49 60 16 44 13 86 85 76 98 92 81 79 15 39 61 72
2 77 37 31 62 31 49 15 70 36 22 54 49 40 18 89 92 44 1 88 24 5 26 37 29 81 90 97 38 54 85 100 79 90 92 21 75 41 65 38 73 57 90 18 57 57 32 36 36 0 39 81 99 38 99 61 16 16 17 73 43 44 3 28 16 86
25 23 57 24 84 90 19 34 0 20 33 38 91 100 5 71 70 83 66 7 94 27 63 95 62 35 7 62 82 65 47 95 70 9 86 71 50 34 28 96 79 93 23 94 3 85 66 31 43 33 67 15 40 85 18 25 55 11 42 35 65 26 35 0 40 31
22 33 27 95 44 13 43 23 87 33 7 77 26 42 89 6 27 11 91 26 28 47 61 82 6 77 54 48 3 89 25 84 42 33 35 21 10 94 100 1 0 32 13 65 6 87 79 63 27 2 19 91 61 41 32 59 86 6 25 42 34 48 17 79 44 65
79 86 25 76 3 92 39 41 69 76 100 39 87 67 4 16 61 85 88 21 64 22 47 9 1 37 40 39 2 41 69 69 50 10 41 18 39 61 16 80 66 79 10 91 11 68 42 16 0 30 41 96 27 8 86 20 7 26 39 10 19 62 70 6 45 0
1 28 11 13 92 34 24 97 5 30 48 70 5 53 3 64 71 98 57 19 90 61 52 5 1 10 71 43 84 30 63 6 91 40 73 78 28 67 43 92 30 30 21 75 53 8 0 87 93 70 90 63 26 21 55 69 40 52 12 88 94 13 65 25 52 46
20 5 60 75 72 4 11 77 87 32 25 18 38 85 23 69 91 63 98 10 72 99 87 65 63 79 37 0 44 48 0 26 0 26 64 69 0 17 71 81 1 13 8 62 59 81 11 36 38 50 17 19 49 28 31 65 1 95 12 43 100 46 66 37 14 25
92 46 77 49 6 94 3 44 6 52 3 58 11 60 30 73 48 50 20 66 54 19 53 35 14 19 22 92 60 30 85 79 0 88 13 43 5 44 18 60 12 17 85 57 38 73 51 43 27 76 7 95 3 27 1 61 95 93 16 97 62 63 80 69 31 58
38 31 39 92 66 37 83 88 16 5 85 62 68 38 39 6 98 76 52 81 93 72 91 55 83 23 62 56 36 49 62 8 30 7 34 22 0 84 36 20 20 52 0 4 86 19 97 95 85 99 8 48 43 91 63 98 90 16 47 61 96 10 70 66 6 3
58 91 8 2 62 43 66 34 98 94 65 84 2 38 64 76 16 66 31 0 65 89 88 84 58 42 98 73 53 30 70 59 59 31 62 28 22 76 71 82 72 14 35 99 74 100 47 87 70 44 55 44 10 69 67 80 87 1 48 29 85 63 4 46 16 56
42 30 43 86 5 34 95 61 32 6 56 52 21 48 99 19 61 50 66 26 14 62 67 29 38 78 3 93 83 81 61 70 81 1 50 68 84 83 55 2 5 24 72 76 31 22 67 99 48 55 55 98 78 88 22 53 64 86 60 30 59 78 37 34 71 36
27 23 36 15 94 2 29 42 87 20 25 98 40 6 25 26 86 6 19 75 97 46 90 33 57 40 14 10 21 90 5 4 71 28 88 96 78 76 66 68 38 24 29 11 76 99 44 75 80 32 2 28 23 54 47 40 36 51 18 86 87 26 30 85 92 35
83 69 20 13 97 0 9 9 33 56 13 54 3 94 6 100 97 32 5 0 0 89 24 77 41 28 25 30 87 32 47 38 82 32 81 90 99 56 80 0 51 12 84 96 44 95 67 65 51 89 81 74 28 61 51 24 3 29 9 13 67 61 61 35 37 70
2 42 32 16 30 69 27 80 82 55 14 67 31 38 34 27 11 30 26 75 60 43 99 79 91 72 6 18 34 8 2 32 43 67 10 14 77 91 4 23 0 74 66 0 62 92 4 44 66 16 37 59 23 64 66 91 49 13 43 7 65 99 3 36 77 18
46 90 41 9 43 94 17 7 49 84 34 75 45 14 91 15 1 85 87 3 57 3 63 31 46 48 84 21 43 50 57 15 37 28 81 90 22 32 65 69 34 3 7 86 34 23 41 83 92 73 93 88 37 8 69 56 12 96 75 14 86 23 50 28 19 71
23 26 71 96 3 30 96 85 14 55 10 82 88 57 60 87 20 31 53 66 74 92 70 83 1 38 50 56 56 93 57 39 33 30 79 97 43 32 29 58 1 68 6 51 19 15 27 84 8 36 28 44 26 36 32 24 64 44 6 7 52 57 89 75 42 0
18 17 99 42 23 37 83 4 56 41 8 89 30 53 79 37 25 39 61 40 11 56 63 74 89 70 79 53 61 66 8 12 19 53 96 68 67 73 26 84 20 35 30 77 45 91 24 14 72 38 89 27 81 40 81 60 28 34 59 70 76 89 80 63 9 97
