216 93
92 94 85 89 57 10 14 13 76 30 2 60 21 3 69 26 26 95 40 45 93 28 57 33 28 18 48 40 48 65 79 87 57 1 60 54 29 28 33 78 20 98 57 66 21 56 25 28 23 15 47 61 40 54 63 18 22 93 23 94 50 61 21 26 39 27 64 72 23 15 78 95 10 81 42 33 14 75 51 55 23 11 72 41 66 19 58 17 24 38 88 78 73 77 86 44 6 47 82 19 36 80 90 22 25 5 95 13 8 46 33 79 48 54 55 88 82 22 22 91 43 51 41 26 8 4 44 50 10 21 31 66 18 12 71 5 6 21 63 84 9 43 56 41 96 0 92 34 12 7 52 88 23 54 14 3 26 86 95 3 74 61 89 4 60 5 81 41 42 39 73 58 25 38 31 18 73 17 99 50 56 78 4 54 62 25 8 82 30 9 14 87 63 98 82 59 67 79 47 27 70 87 99 52 69 1 48 74 37 42 70 68 34 9 20 14
35 87 16 31 79 47 13 82 70 67 14 86 40 10 63 11 81 24 47 52 50 90 70 53 76 89 38 53 16 84 26 84 35 71 38 75 23 55 6 58 39 91 79 24 42 52 36 21 42 64 52 68 63 63 23 30 93 3 0 49 11 23 47 32 31 40 13 79 4 36 33 29 53 11 16 38 23 62 56 47 3 37 5 79 13 52 57 45 37 100 28 18 12 61 38 28 8 92 66 98 48 16 94 46 91 75 4 22 53 45 98 62 13 83 47 68 1 90 98 18 84 79 32 48 45 3 94 53 40 82 40 15 46 70 73 37 96 59 84 30 91 45 35 85 53 40 73 44 46 62 88 87 5 58 24 61 44 40 15 11 84 78 88 66 9 63 69 68 67 28 27 36 18 65 20 50 66 4 58 13 96 39 24 61 100 26 88 49 56 94 75 96 57 3 68 26 21 13 38 91 85 34 74 17 72 42 12 98 35 66 37 60 4 47 16 26
3 17 66 12 30 43 13 68 21 32 63 7 66 72 45 17 37 5 65 79 96 67 71 80 28 11 31 81 22 37 64 11 71 59 94 79 14 93 97 52 33 8 30 56 28 59 57 50 96 56 10 80 95 10 23 95 85 18 10 67 65 78 44 81 78 36 75 75 49 28 89 70 59 1 2 60 75 17 80 28 69 20 32 25 4 92 52 72 42 1 93 14 21 25 98 48 30 85 38 22 8 9 55 31 62 31 73 96 86 5 65 9 85 86 37 35 9 95 51 84 73 74 91 83 33 89 36 26 97 4 58 28 27 74 67 35 7 29 20 64 86 62 10 53 13 67 3 51 21 88 68 14 96 33 32 21 8 79 84 86 27 23 19 56 71 12 65 100 43 89 22 2 0 41 64 2 88 53 71 5 14 29 57 57 63 71 16 25 8 39 100 3 18 54 92 73 28 23 57 23 46 50 100 16 55 69 62 23 49 95 73 1 72 25 62 57
95 5 81 15 94 20 43 92 59 37 30 24 23 52 86 9 82 19 92 35 75 97 65 35 78 42 56 92 15 46 34 62 65 17 42 54 9 35 74 67 22 1 87 91 8 33 100 47 27 47 8 7 23 30 13 63 52 93 81 52 4 9 66 10 8 26 80 64 69 29 81 55 40 76 1 27 10 6 60 11 1 94 31 48 1 92 53 27 81 21 54 84 47 81 65 43 7 49 87 91 99 53 20 58 63 80 63 20 37 57 28 25 86 78 52 38 8 36 79 80 66 0 56 23 44 37 88 6 22 38 24 1 55 59 37 17 55 37 50 31 47 49 78 36 80 66 97 14 95 45 53 23 53 41 82 47 87 47 4 72 55 35 91 84 69 2 45 56 52 32 91 23 18 84 73 68 45 50 59 82 81 83 92 19 32 70 25 37 42 75 86 46 56 95 51 87 13 54 6 60 30 37 47 31 57 52 89 35 74 87 23 80 49 98 50 17
95 47 85 42 51 56 51 86 27 69 3 38 64 94 81 56 59 72 53 44 98 19 63 69 47 73 95 0 2 81 80 3 99 7 90 24 23 28 38 15 74 19 39 9 25 21 16 90 58 84 9 82 99 55 42 30 73 35 32 27 73 31 86 97 87 86 9 8 29 86 79 80 21 11 46 18 72 71 38 98 33 71 91 75 34 28 89 69 40 25 83 75 79 83 78 70 50 14 75 89 42 17 44 52 24 26 87 12 67 17 88 57 0 90 29 17 89 29 22 88 9 65 20 66 29 91 12 33 19 73 33 65 49 51 23 74 37 20 16 35 20 21 63 84 35 6 82 83 82 9 52 18 18 80 52 57 20 81 14 57 3 34 94 82 89 41 87 4 90 9 28 63 91 69 51 90 66 21 36 56 6 97 80 87 91 42 71 97 69 38 45 68 16 87 29 72 57 60 78 77 66 3 52 31 86 73 56 27 53 87 19 78 88 93 15 85
3 63 43 20 34 10 18 10 19 69 64 93 73 13 94 24 87 22 45 27 19 74 62 93 7 48 47 11 27 91 74 25 48 28 7 7 0 57 38 92 82 2 81 13 76 47 88 93 97 53 82 18 72 53 88 93 46 51 82 39 96 83 22 39 36 3 82 55 61 57 23 36 88 32 34 39 3 99 45 62 54 18 63 29 19 32 74 11 53 80 94 53 94 41 22 36 88 84 68 92 19 21 34 43 73 65 1 44 76 52 44 39 6 61 72 3 51 44 11 4 28 2 23 59 14 30 36 5 46 51 24 48 38 21 10 46 12 31 9 18 10 60 91 59 40 54 18 45 60 38 87 75 28 6 36 44 55 24 65 90 87 45 21 79 86 17 68 11 13 37 46 27 66 51 97 95 31 92 86 64 72 84 24 14 89 55 34 69 39 67 49 48 73 95 81 5 28 94 1 5 98 10 25 35 69 81 1 26 13 26 3 37 23 77 92 90
79 40 75 17 86 79 67 87 42 34 94 74 27 2 47 19 67 43 94 29 92 96 0 63 54 22 19 5 49 21 69 30 51 10 14 66 72 92 61 27 5 96 38 39 60 24 18 2 14 81 83 97 12 35 100 71 20 11 46 18 28 55 35 38 21 81 14 99 4 35 25 93 92 73 91 31 42 13 24 55 90 36 60 26 20 46 85 27 8 26 45 21 46 27 9 56 51 75 67 4 51 87 72 35 59 63 75 59 63 75 11 62 20 11 1 29 60 73 89 2 17 41 16 72 1 39 82 63 68 40 21 34 93 78 71 11 7 80 61 3 66 88 68 1 65 70 6 86 80 17 31 1 60 29 7 6 37 85 56 43 2 19 77 53 25 16 2 51 27 10 60 62 58 0 2 0 75 11 75 1 43 17 65 19 34 92 65 20 9 6 65 32 9 2 2 97 77 80 85 21 47 100 80 100 64 73 14 10 76 18 10 6 7 51 86 83
66 1 30 44 38 36 17 98 85 10 57 53 82 29 69 64 64 12 21 71 93 90 89 73 75 29 54 59 22 44 27 46 14 36 85 45 12 3 97 85 4 42 37 13 39 47 30 7 59 36 43 49 82 33 42 40 77 65 74 73 34 94 81 41 39 81 73 61 94 77 90 14 69 59 47 74 13 9 83 57 35 43 71 20 85 49 5 2 73 2 97 29 34 61 58 18 44 98 30 85 77 53 6 72 36 44 82 94 56 8 22 16 99 79 53 100 92 89 26 21 71 88 67 22 61 97 27 84 65 3 72 75 84 57 20 24 37 69 75 21 9 20 89 34 71 57 84 33 5 37 6 17 52 14 80 26 42 50 50 95 16 63 79 30 5 7 76 7 99 0 15 38 92 22 42 25 73 6 70 87 43 13 39 11 37 58 6 94 98 54 99 24 100 19 0 85 79 66 13 29 54 36 80 80 41 71 57 60 63 70 19 34 28 94 2 9
13 94 60 38 50 20 20 18 49 19 58 64 8 35 51 54 79 97 2 92 92 39 23 85 90 100 50 87 36 98 2 77 30 71 81 6 21 41 91 26 67 6 10 7 20 57 43 97 44 15 88 7 9 19 48 47 48 31 56 41 52 45 86 2 95 49 0 46 66 92 15 81 5 40 59 93 81 93 21 62 18 28 41 26 92 11 46 95 9 40 91 40 2 80 6 86 78 4 77 94 38 92 51 37 74 86 38 86 49 9 74 80 54 24 32 5 52 57 17 72 94 64 93 53 83 79 77 95 34 2 64 64 100 78 66 61 76 6 14 23 66 55 90 53 0 78 78 68 37 52 62 97 26 36 72 25 76 74 23 38 51 32 41 53 31 76 71 24 57 36 17 89 65 86 63 23 39 100 23 14 95 52 2 80 73 26 44 95 31 59 44 85 71 15 5 85 95 16 57 64 32 93 2 23 57 78 11 68 61 41 53 58 78 96 6 99
44 53 90 16 20 11 5 31 1 81 13 88 35 74 74 80 27 70 59 51 64 85 89 72 73 77 54 95 86 85 60 72 99 85 65 30 88 26 44 58 8 55 11 18 88 44 100 18 2 44 96 7 74 34 37 48 79 97 88 47 97 75 20 46 19 52 64 32 40 28 96 60 100 49 67 72 74 43 33 38 46 38 95 100 54 75 14 33 56 94 79 61 22 94 44 48 35 71 61 60 33 43 27 59 31 74 18 98 35 33 70 47 14 90 15 60 74 11 70 54 68 100 21 55 13 21 45 68 34 14 40 8 95 30 22 15 93 23 49 66 23 90 19 59 53 18 45 11 59 35 60 99 5 64 94 12 65 37 97 16 87 82 20 11 47 41 24 67 23 65 59 75 71 60 1 0 3 3 14 16 85 74 89 66 40 86 72 31 55 97 20 21 36 31 23 25 42 2 41 71 61 10 42 85 60 27 34 35 58 32 87 10 48 67 96 38
77 27 72 15 42 8 96 73 18 97 94 27 28 18 76 36 78 38 3 98 10 73 84 63 84 25 4 0 73 8 99 43 44 38 68 95 39 83 88 4 16 22 83 84 78 43 41 19 67 57 35 33 11 10 15 3 87 77 56 50 79 53 46 8 18 90 43 7 23 3 21 53 54 61 58 60 69 72 71 96 32 69 37 76 90 22 85 68 15 86 27 0 85 71 55 57 82 40 21 52 89 11 32 22 13 77 98 36 15 81 2 29 14 51 63 61 37 41 87 83 77 33 65 20 16 60 77 63 53 93 21 79 30 58 23 40 61 85 29 2 32 33 15 18 1 71 12 36 52 44 64 64 27 62 55 28 53 81 9 87 60 58 10 42 31 26 67 2 57 77 50 53 13 80 21 24 8 10 25 30 25 54 92 38 9 22 57 51 48 14 99 47 15 88 91 9 34 14 59 99 74 22 67 96 2 79 71 100 13 66 26 25 29 75 0 55
60 19 29 48 96 15 47 52 8 61 15 54 34 46 2 8 88 26 1 41 65 73 85 70 4 46 13 74 82 88 85 15 81 42 38 50 49 82 91 2 64 70 98 57 47 53 93 7 51 63 19 11 44 0 44 99 88 23 29 60 85 20 29 94 17 50 70 84 39 77 57 89 16 53 41 81 91 92 69 28 88 58 69 38 33 71 94 2 10 4 73 62 93 5 63 38 45 68 48 55 78 43 70 44 34 57 46 8 61 96 51 39 72 76 46 75 0 61 97 21 29 2 77 10 36 68 21 47 36 12 20 30 8 56 18 14 94 84 87 85 43 37 60 54 20 27 34 45 1 83 91 26 57 23 45 48 97 4 46 71 27 27 18 44 55 55 71 48 3 55 12 23 43 74 88 61 26 99 86 37 70 12 2 34 9 100 63 58 2 6 85 50 46 83 40 28 71 14 57 42 60 22 45 46 50 69 92 37 27 100 33 45 54 40 10 72
51 91 84 29 6 100 68 19 72 86 90 52 32 32 26 57 17 85 50 73 50 27 49 1 45 24 20 20 71 13 27 50 32 42 49 70 41 30 22 6 84 66 83 60 12 38 72 7 41 57 3 99 74 40 54 14 24 17 83 13 81 0 35 3 32 28 68 45 93 50 96 11 21 62 85 27 77 76 10 91 80 31 31 0 74 34 22 86 83 96 94 45 41 3 10 92 21 0 44 88 94 21 37 47 4 4 79 40 71 75 71 53 29 48 80 70 53 33 4 90 22 7 0 87 67 82 24 19 48 22 11 87 95 49 15 19 69 2 71 49 33 0 82 19 11 77 32 34 91 30 12 29 84 73 10 86 72 84 75 89 54 16 59 84 44 94 37 80 70 0 0 48 90 39 99 29 14 66 63 69 6 47 75 16 93 100 53 96 19 11 1 30 95 45 59 46 44 23 5 12 40 62 11 56 61 79 26 68 50 54 21 43 64 3 53 77
100 58 41 35 60 75 55 38 33 94 18 18 94 25 91 59 41 100 25 26 56 56 46 12 77 12 63 74 100 21 72 46 81 59 72 78 88 43 12 39 74 100 81 90 76 64 1 98 45 77 87 55 86 7 71 57 26 1 50 10 17 2 56 50 61 4 84 66 33 42 55 61 31 60 15 47 47 47 1 8 64 79 83 96 2 86 69 26 83 90 61 24 85 57 0 65 68 34 66 18 48 1 54 8 97 48 58 83 75 81 10 43 4 54 33 63 63 85 28 20 89 65 27 28 33 33 35 74 35 72 45 75 86 13 72 7 80 53 35 2 86 3 79 37 50 49 46 81 18 21 92 17 59 28 81 86 84 7 15 92 93 63 3 74 63 32 29 1 63 92 25 14 52 72 89 99 35 83 42 4 72 98 100 40 34 59 92 81 39 99 76 71 100 57 75 97 16 25 69 67 67 17 25 59 4 88 86 41 75 46 28 73 49 54 78 8
22 57 85 37 35 37 24 97 98 36 19 1 98 20 47 12 16 90 74 91 27 86 38 81 85 87 73 30 45 23 76 73 52 82 14 49 12 1 12 6 90 62 85 30 63 27 17 23 34 34 12 58 10 82 20 39 99 56 66 73 2 90 32 43 39 54 35 62 95 49 7 86 73 73 20 36 30 84 24 1 54 19 100 82 25 63 69 88 33 17 19 15 54 54 70 50 59 67 28 45 36 15 63 49 35 39 38 10 100 0 78 50 92 95 1 80 92 25 56 75 49 9 25 30 57 73 45 30 69 70 21 67 9 8 22 48 55 11 48 23 97 44 55 92 82 63 68 73 31 25 30 2 52 33 53 25 48 21 96 3 1 64 24 53 89 42 69 31 100 90 3 53 9 36 4 14 0 10 18 85 82 12 33 1 99 20 33 24 14 30 94 78 92 100 89 57 93 8 99 41 88 38 48 18 99 23 89 90 23 55 91 36 63 100 33 49
49 44 100 56 41 98 71 88 51 63 24 96 19 18 78 36 37 95 52 68 32 81 49 4 71 27 12 2 26 98 14 49 55 82 11 65 77 58 33 30 73 40 36 88 56 49 33 52 27 21 69 98 8 55 21 36 35 70 86 39 42 31 45 78 91 0 77 90 74 71 69 80 12 0 1 52 25 91 68 76 28 7 38 79 50 97 65 61 52 55 27 73 66 62 82 18 60 79 61 47 20 4 8 21 96 69 55 85 41 66 40 30 84 85 37 5 43 9 60 51 52 69 94 12 79 65 66 57 24 10 88 85 38 4 3 2 23 52 55 41 13 99 55 49 57 89 9 92 86 60 42 2 92 4 23 71 3 52 48 13 15 42 55 42 73 83 17 57 71 42 69 22 31 26 95 26 91 0 2 15 51 61 83 62 40 37 21 90 67 75 72 32 79 35 99 60 20 92 22 95 21 82 42 92 19 83 2 6 56 59 75 16 97 27 24 42
62 93 56 54 77 100 54 67 74 88 7 33 47 0 47 17 1 10 52 5 81 6 58 16 92 59 22 79 67 43 99 9 75 26 84 37 22 78 7 79 58 1 52 32 97 10 72 89 67 57 35 22 72 94 76 84 5 39 56 94 55 98 29 61 81 3 92 44 39 77 60 19 72 0 29 15 11 74 30 55 76 93 34 26 12 70 84 81 16 64 80 60 62 34 77 79 63 31 94 23 60 55 98 96 0 26 29 85 99 15 38 38 79 54 88 44 96 89 18 11 28 18 96 24 94 35 95 43 79 16 28 80 45 13 9 58 91 93 39 62 26 28 100 39 93 76 46 11 84 56 16 4 33 75 29 47 81 5 63 74 14 38 52 96 46 16 49 85 55 88 71 79 2 45 27 62 43 77 25 5 35 64 40 32 55 90 59 16 78 34 74 43 96 42 51 38 64 96 66 43 0 61 9 14 52 97 95 26 66 3 46 30 59 35 28 53
14 7 94 80 39 50 73 9 0 80 77 46 31 89 90 6 96 33 98 27 25 54 33 91 1 86 63 99 13 91 44 97 98 61 31 22 60 98 12 75 48 21 40 74 32 24 99 83 12 61 79 49 32 12 4 51 43 25 4 32 48 22 83 36 42 60 40 27 96 93 48 23 39 16 70 94 86 82 63 14 29 19 85 87 34 22 92 34 80 27 70 24 8 20 29 76 95 12 54 82 18 8 22 50 99 76 57 35 6 21 28 91 73 100 48 25 96 39 84 59 29 91 57 71 82 99 71 34 69 9 65 84 78 10 28 57 33 17 49 65 67 71 71 70 80 19 25 61 59 83 34 0 80 63 5 1 67 36 23 5 50 70 7 86 69 95 45 56 47 100 29 9 5 73 83 25 11 89 83 24 31 8 13 13 38 66 20 3 21 62 19 33 58 49 92 32 13 75 60 68 83 15 97 43 9 85 100 21 74 11 26 62 55 80 49 16
51 10 69 1 39 98 8 85 68 35 68 43 93 56 0 70 66 72 20 58 100 56 96 75 42 12 68 70 68 91 40 6 19 56 79 60 69 34 22 96 95 42 4 22 26 29 9 49 0 79 42 82 6 47 89 27 24 43 30 76 76 82 55 85 1 99 72 27 15 5 28 31 10 51 96 53 65 99 76 21 22 5 48 33 1 53 99 28 62 51 50 50 2 61 33 9 19 10 81 66 89 39 47 91 33 89 75 97 6 68 21 18 24 17 83 77 24 42 86 5 97 65 36 38 76 15 16 34 67 70 93 6 93 71 76 31 61 28 14 88 87 87 74 52 98 27 9 13 69 79 8 96 50 72 28 2 65 93 55 4 74 1 41 70 49 66 11 18 41 45 49 81 52 48 46 40 29 81 47 57 55 79 79 84 15 56 72 25 33 38 11 67 67 1 85 12 7 53 54 67 38 36 7 5 64 40 21 30 36 75 41 81 37 72 79 9
57 63 51 90 46 32 35 81 83 36 94 90 44 95 43 35 72 92 55 97 59 67 42 11 40 79 59 91 56 13 52 36 53 75 35 26 23 52 77 22 99 47 99 10 17 34 43 36 65 69 75 26 29 48 36 75 97 62 43 24 92 35 3 56 81 96 4 4 49 37 11 59 6 33 58 4 48 31 48 4 88 46 81 99 27 55 55 30 31 9 20 28 85 55 63 62 78 22 4 87 50 31 56 17 84 61 50 54 93 41 85 58 51 94 59 89 97 100 1 62 73 84 82 59 14 90 34 94 100 22 69 1 73 12 29 73 84 0 94 54 19 55 99 79 5 18 0 15 85 19 69 87 31 50 23 93 43 49 35 74 34 95 24 49 30 19 18 79 81 27 22 25 1 52 86 33 41 33 7 45 50 59 64 11 8 19 42 21 41 23 9 34 40 8 26 88 24 60 76 94 9 20 18 61 85 10 34 81 36 60 88 26 17 50 23 99
52 96 12 11 71 22 2 0 51 83 73 71 32 91 63 6 70 29 67 38 52 81 2 75 36 2 99 62 44 43 13 29 32 85 7 74 66 98 66 1 51 11 38 91 27 6 57 58 49 18 42 98 46 89 98 43 73 25 58 39 90 19 10 49 71 4 10 47 46 98 7 30 97 66 47 79 92 8 18 5 60 67 11 85 98 71 71 97 98 67 88 58 76 85 78 19 24 65 26 25 63 35 25 35 22 50 17 7 83 70 61 86 57 61 87 42 6 36 64 27 68 65 3 49 91 37 36 54 52 18 48 8 75 95 0 47 59 47 41 71 30 72 62 25 53 59 39 75 68 30 66 46 9 63 33 30 76 98 64 19 73 4 25 35 40 48 55 12 31 76 66 16 44 22 0 19 96 15 94 29 73 84 88 84 65 41 45 36 78 99 15 2 93 31 85 73 57 30 18 57 76 17 10 92 10 23 78 30 77 73 98 56 36 63 94 13
76 19 81 42 79 39 71 99 87 0 27 51 13 95 18 52 25 34 62 39 29 40 67 67 79 77 78 35 71 26 59 12 68 2 63 93 12 28 96 74 97 56 71 73 45 77 77 20 85 72 29 70 75 70 59 17 84 41 52 9 73 64 69 40 74 18 41 83 1 24 13 29 77 46 39 39 98 16 16 54 87 92 24 34 89 39 70 10 61 89 91 52 58 19 65 55 99 21 70 63 59 68 5 69 61 10 10 70 2 34 3 6 2 75 47 70 89 52 16 4 35 41 72 74 90 34 62 57 13 56 58 32 72 94 54 83 92 27 83 17 27 60 21 56 18 45 66 78 92 94 71 36 12 75 24 92 76 28 89 99 41 0 5 6 38 99 25 77 35 62 89 54 50 48 40 6 18 99 20 63 47 23 21 70 86 28 9 67 82 53 24 16 50 86 23 100 97 93 66 30 39 88 77 85 56 79 84 55 41 41 33 82 74 29 43 83
34 75 87 38 31 42 23 33 81 10 57 40 42 55 61 49 68 78 46 43 95 78 24 83 13 63 30 66 62 83 72 7 16 39 33 82 91 6 3 45 75 85 22 31 10 92 91 58 47 1 87 15 61 97 84 46 38 42 41 19 45 75 27 91 94 58 16 65 56 28 0 11 37 51 10 3 89 92 67 6 33 53 25 99 2 56 69 36 57 64 17 88 68 30 98 100 28 18 65 98 49 99 51 51 18 21 16 26 8 92 63 21 75 94 65 70 58 0 30 84 72 34 65 43 50 9 67 63 15 42 28 25 51 74 10 100 11 29 95 5 52 53 50 49 66 3 89 35 99 81 28 30 13 32 35 47 97 20 54 17 11 67 42 27 36 33 86 70 36 90 4 90 38 16 22 13 35 43 56 99 53 57 63 4 83 27 23 30 14 74 97 39 80 29 75 6 81 95 58 5 36 55 33 1 23 99 93 7 88 84 24 65 55 2 47 20
85 91 39 60 93 68 5 48 82 32 29 88 70 97 28 53 29 18 51 25 23 84 29 38 53 34 7 3 23 58 38 13 100 16 15 49 71 4 11 56 57 1 27 73 77 21 16 71 93 37 34 34 51 20 26 3 0 24 22 47 15 13 61 43 99 86 74 64 94 19 35 30 6 35 24 88 50 93 58 50 31 41 38 47 93 70 58 71 75 84 34 42 23 31 0 64 89 100 51 33 57 72 38 4 85 9 32 57 88 20 64 38 72 38 68 18 75 25 19 53 95 63 75 91 89 24 100 16 30 19 24 92 20 69 14 16 17 47 10 92 57 90 20 11 68 10 94 1 88 76 71 30 94 63 39 81 34 28 78 17 93 43 9 30 78 71 97 94 94 67 16 53 45 28 43 30 97 19 54 3 61 86 88 62 19 99 70 33 5 52 41 72 11 99 12 97 50 12 71 4 6 79 84 41 97 52 64 2 86 56 72 76 29 76 93 20
90 92 35 32 52 92 91 55 25 56 28 36 85 57 38 9 41 9 44 39 70 94 13 22 79 89 76 15 75 51 34 51 60 81 17 31 63 38 57 41 65 6 11 96 33 4 27 31 8 27 12 85 85 90 1 6 72 53 82 20 61 13 86 76 32 38 16 45 21 58 57 56 69 27 51 13 88 99 29 97 66 92 97 92 90 89 83 17 32 37 92 44 34 85 77 1 55 19 63 50 44 26 31 0 75 89 9 63 10 26 40 63 75 16 30 77 42 81 18 42 72 45 62 51 29 37 60 7 82 86 95 56 52 30 88 69 54 59 92 26 65 22 67 43 46 45 11 5 72 13 26 78 26 98 71 95 64 81 3 73 74 64 81 65 66 16 2 10 59 73 49 53 24 41 52 3 0 84 100 72 74 7 27 79 87 36 36 32 61 67 65 18 93 79 2 42 15 88 2 61 69 46 93 96 84 19 70 67 19 88 94 50 2 83 63 41
27 79 95 99 16 17 63 27 98 5 85 4 26 61 95 29 27 29 71 53 34 92 61 70 58 49 23 16 90 19 78 18 22 94 100 36 49 47 47 29 50 25 49 44 63 44 44 98 9 54 55 36 0 73 29 10 98 72 25 18 41 38 75 42 34 23 74 6 89 27 79 75 76 40 71 4 95 50 66 55 40 63 64 37 84 25 33 29 63 25 80 85 47 9 0 7 95 30 43 7 84 65 70 65 87 32 17 6 3 53 100 67 70 21 63 61 32 37 42 8 2 81 83 71 15 7 7 64 35 18 21 20 5 36 61 75 46 5 65 80 92 64 71 58 30 8 75 39 65 93 73 93 54 24 71 31 27 69 69 34 72 67 28 76 24 68 51 12 42 81 8 29 68 95 78 70 89 19 92 55 32 31 22 31 51 88 33 33 59 66 35 8 67 74 77 36 88 98 8 16 3 1 46 42 15 75 93 48 30 52 81 36 65 64 52 83
64 52 55 72 39 85 11 62 70 34 85 28 34 13 8 47 65 92 11 61 3 5 67 25 50 71 63 87 64 65 59 25 97 42 47 2 41 84 66 84 5 13 53 24 1 29 98 83 83 33 83 88 78 86 41 1 84 38 84 51 75 40 28 33 46 46 75 82 19 29 0 37 42 41 49 92 26 98 46 70 57 14 49 40 10 19 1 53 61 28 30 9 27 2 28 66 0 7 29 7 11 78 14 30 92 97 27 11 90 1 19 42 53 62 78 85 98 70 52 39 36 63 41 45 50 83 87 4 91 62 87 42 19 38 0 4 45 45 54 72 62 48 62 23 94 37 55 67 17 65 3 51 16 75 6 55 48 35 96 38 56 3 63 44 55 53 89 89 16 3 6 8 69 47 25 91 17 57 35 95 1 91 61 60 48 16 87 46 23 71 88 95 38 46 54 12 76 89 88 56 38 8 2 21 81 2 30 33 36 75 65 32 33 29 84 27
91 51 14 61 98 85 75 93 11 70 98 89 67 31 94 100 89 11 96 38 11 33 56 8 63 23 43 8 31 59 4 15 35 96 20 100 5 97 19 27 83 89 8 12 78 40 40 30 68 92 100 58 72 25 48 19 1 65 80 86 26 33 48 29 88 44 83 37 60 37 53 98 54 4 44 74 64 40 27 32 27 4 11 64 33 55 96 78 33 7 61 58 51 9 5 72 29 43 49 6 41 12 59 88 71 88 96 6 49 63 51 80 55 37 23 63 65 21 42 37 93 29 78 42 8 14 85 73 33 27 23 99 86 40 45 62 82 24 73 60 61 59 50 99 3 61 92 13 43 36 18 99 53 5 87 65 47 32 43 17 16 58 22 0 86 68 10 33 62 10 51 21 58 72 96 46 65 76 4 13 21 25 66 35 13 32 31 80 64 81 17 66 21 60 53 37 54 35 32 100 53 48 50 31 30 55 10 11 62 2 6 77 74 75 17 19
3 88 66 79 47 89 40 25 84 23 4 35 50 74 63 45 25 28 94 15 1 96 98 96 18 60 21 50 25 50 99 82 58 78 92 30 95 38 6 75 13 68 68 99 100 20 87 8 42 7 96 68 18 46 21 100 49 47 71 44 96 63 41 65 88 51 34 41 56 68 31 23 93 26 30 41 68 14 15 22 78 73 20 99 78 37 23 80 28 28 23 69 39 12 90 98 55 55 90 61 43 22 29 73 86 27 96 27 6 80 53 16 100 71 9 61 24 40 92 41 71 18 95 9 20 79 68 67 43 56 70 70 31 9 93 7 34 8 21 83 8 77 16 18 17 89 48 44 54 69 28 87 50 19 92 5 86 82 52 89 69 89 73 57 10 78 64 17 38 76 69 29 89 28 85 28 94 97 12 37 40 2 21 37 25 47 62 33 9 97 89 54 7 3 22 56 64 63 23 2 29 43 4 52 31 68 59 51 30 35 27 93 100 0 66 11
33 0 24 74 97 35 0 99 68 36 43 54 93 87 0 57 49 19 39 83 39 79 75 55 17 37 40 75 86 3 64 21 66 99 86 7 63 1 28 82 62 47 65 79 45 88 88 70 65 54 45 61 42 68 67 3 22 65 11 98 26 28 56 36 41 7 99 85 92 19 36 74 5 53 6 79 30 89 96 73 68 69 88 76 89 29 4 41 92 33 58 24 18 24 56 57 11 97 67 97 95 72 7 34 69 87 99 23 20 47 45 50 28 100 49 60 53 40 82 13 72 73 23 38 26 81 80 33 3 11 4 3 36 38 64 28 38 7 32 64 36 77 85 40 39 27 53 67 16 25 80 24 39 75 72 26 1 86 75 23 84 16 15 87 64 63 68 74 49 100 42 96 5 42 40 27 72 56 50 82 77 6 2 9 45 60 18 92 97 3 9 38 30 47 25 54 7 70 15 5 37 47 4 30 7 40 68 77 33 10 62 70 94 80 35 69
88 16 72 55 89 33 17 76 82 46 44 6 86 76 9 0 30 80 99 62 98 14 33 68 39 67 53 51 5 54 34 2 2 59 43 29 23 26 76 75 67 89 3 54 11 75 40 75 81 99 2 51 64 91 36 87 24 14 4 86 84 98 29 79 82 31 16 17 87 0 13 1 81 18 56 81 24 9 49 96 54 17 29 55 36 56 14 2 43 17 96 80 28 6 89 69 85 54 55 48 52 94 35 64 58 88 37 13 93 0 33 96 27 60 11 1 50 43 69 3 33 66 61 31 71 20 62 9 44 31 4 0 17 62 78 64 71 23 90 0 64 10 70 68 46 86 73 98 44 90 72 65 45 39 28 19 93 42 82 73 9 9 96 7 7 59 1 43 15 88 1 95 22 37 7 13 57 91 75 75 53 47 65 90 94 41 1 2 98 89 56 67 68 83 81 6 7 70 98 69 0 33 4 39 6 27 21 3 81 9 54 44 53 93 40 65
98 63 17 46 95 68 58 100 68 8 0 22 90 60 59 33 89 45 94 42 91 21 32 29 14 12 34 18 62 16 28 22 63 91 87 54 86 63 78 31 24 11 3 27 46 7 2 99 49 18 7 30 65 41 36 72 97 44 49 9 14 40 100 82 7 53 37 89 0 6 59 26 39 39 90 82 20 69 24 78 92 2 87 41 88 78 10 85 52 34 37 74 78 99 74 31 74 73 92 75 36 0 95 89 12 16 5 37 42 10 18 38 92 20 97 86 9 53 29 63 1 49 2 83 52 46 17 72 13 80 56 54 49 61 90 30 38 85 89 54 41 81 56 74 96 8 1 55 98 63 82 85 78 0 90 76 64 51 38 50 15 17 67 9 77 81 21 6 88 4 0 7 92 69 57 97 68 12 91 58 19 18 66 1 84 58 63 60 23 83 42 95 9 77 25 58 14 74 12 68 16 97 50 47 73 70 44 22 39 49 50 90 90 90 81 70
48 100 41 68 88 95 26 3 5 93 2 22 87 22 100 88 43 62 2 18 29 20 42 40 0 83 41 48 62 18 97 28 36 53 80 7 51 93 90 48 58 30 74 74 37 52 74 97 23 27 90 100 73 29 96 44 64 44 72 56 58 31 6 4 30 40 68 84 70 37 73 17 83 92 12 93 27 84 58 40 44 46 96 59 4 82 40 4 38 27 41 1 69 38 74 58 70 37 29 36 52 67 38 54 48 94 42 65 64 40 0 23 26 5 85 25 53 73 5 59 11 64 20 15 29 69 2 0 40 9 54 20 79 6 96 82 98 78 91 80 37 36 95 8 6 26 94 86 72 21 75 90 74 21 0 14 76 13 76 40 93 65 95 69 84 47 70 4 17 85 16 19 46 42 88 87 73 33 2 28 99 0 19 69 24 89 10 12 60 57 84 43 35 78 9 61 47 57 94 20 70 3 50 4 90 91 50 2 26 37 37 39 20 21 45 87
57 16 0 44 34 40 87 94 17 65 47 17 9 93 83 85 35 3 54 39 52 0 72 13 8 58 65 33 76 5 3 70 81 10 73 71 47 67 14 11 70 49 19 63 9 6 83 75 76 94 10 21 52 61 100 18 7 61 16 70 51 50 98 23 33 29 22 9 53 16 30 7 10 18 90 37 46 11 39 10 78 4 43 24 69 16 35 89 16 19 85 1 39 48 71 29 82 8 9 94 22 24 73 57 64 61 96 20 6 66 74 65 37 63 89 38 1 31 80 37 71 19 93 22 35 82 84 85 46 86 50 25 19 1 96 28 54 34 83 65 53 32 6 63 24 13 16 79 15 47 90 32 72 78 58 38 84 76 38 70 57 79 10 85 91 24 38 98 28 9 53 79 75 81 55 55 39 16 65 87 91 8 35 77 20 26 59 86 49 68 91 92 29 15 4 31 33 83 46 90 18 14 83 51 4 46 1 98 6 88 29 61 50 57 42 12
64 16 72 64 80 83 25 89 88 11 1 66 32 66 32 80 88 73 17 99 93 32 51 1 59 39 94 73 51 61 30 26 14 36 29 55 77 29 68 64 79 78 79 82 38 62 34 41 61 21 76 63 72 36 0 77 19 3 100 32 31 48 82 99 79 63 21 44 23 39 13 14 68 63 60 56 35 8 94 59 3 7 74 32 88 69 73 19 30 3 86 38 30 24 50 78 10 10 29 86 60 92 5 96 56 70 54 58 55 30 98 19 32 64 90 65 12 29 57 50 95 50 14 47 90 44 4 23 23 86 82 82 77 0 33 61 19 4 66 67 6 1 17 8 29 72 87 94 2 58 41 93 39 73 6 62 16 75 75 1 15 70 39 12 62 82 28 28 76 100 19 25 33 46 25 52 70 54 50 63 35 53 58 2 19 77 49 61 5 85 93 94 48 97 64 27 48 41 41 61 79 81 9 31 16 30 65 65 89 50 23 50 71 100 6 36
51 86 52 64 56 27 6 69 25 27 21 96 57 74 6 32 96 90 52 92 45 54 13 15 42 31 30 18 55 79 28 57 91 100 51 93 14 78 65 31 24 42 93 58 85 27 99 85 18 2 55 31 29 53 50 91 37 52 10 62 13 9 92 1 1 41 49 44 17 50 94 19 84 35 19 85 100 92 75 79 24 9 67 59 67 14 97 10 57 12 55 48 4 98 60 94 17 99 6 73 18 54 6 28 49 77 56 40 96 86 77 39 80 16 55 37 21 10 11 91 22 83 7 93 3 31 97 83 96 54 94 24 5 46 52 100 81 9 64 63 0 42 13 92 72 65 68 96 73 18 22 23 41 40 34 67 57 3 57 3 32 92 43 98 81 72 78 9 13 90 31 95 84 41 53 41 42 27 64 35 78 27 17 57 68 25 63 68 7 77 57 33 55 82 73 30 35 37 74 27 68 41 21 40 93 63 26 59 17 35 50 40 93 7 10 62
58 89 40 39 71 19 77 5 92 37 92 0 90 31 30 96 37 74 12 29 88 57 27 85 68 6 46 49 54 84 46 58 68 46 29 69 99 43 48 91 72 13 45 27 71 63 3 6 25 36 57 15 67 29 46 18 52 10 70 69 72 69 42 11 4 48 99 36 52 75 84 28 87 42 41 93 87 8 82 70 64 62 17 57 2 72 52 94 46 10 54 44 54 81 55 99 19 48 8 77 24 70 94 77 41 98 29 68 64 24 50 51 36 0 26 66 88 2 79 83 79 24 72 8 16 46 26 18 65 38 63 34 38 7 56 9 63 63 9 19 32 81 85 90 52 69 94 99 30 29 33 41 0 1 47 56 15 7 62 26 56 46 28 81 46 92 82 71 82 62 19 82 73 30 88 84 3 1 70 7 58 45 1 70 82 40 55 10 92 16 41 37 52 32 83 14 22 53 12 38 85 16 90 34 94 25 39 53 59 15 44 20 74 68 75 99
81 36 65 54 91 20 90 25 70 81 49 0 51 98 92 52 1 55 81 8 52 48 52 57 83 28 45 53 51 82 71 69 39 13 53 29 23 98 97 50 31 76 68 42 25 89 20 38 77 8 34 8 12 0 87 23 38 84 63 78 58 41 45 86 30 59 57 12 91 4 87 58 84 16 45 48 83 53 91 78 52 73 10 87 84 1 98 22 74 97 23 1 87 40 20 93 92 49 54 5 22 98 63 70 21 17 26 42 33 95 21 61 84 78 82 17 5 37 8 20 69 77 16 50 50 32 42 59 37 40 64 72 17 44 39 42 37 11 99 91 12 4 78 44 68 30 46 65 8 82 81 64 57 43 53 26 28 94 13 82 73 2 38 25 93 61 31 98 26 32 55 3 45 63 5 3 3 79 29 32 71 49 90 77 36 82 86 73 82 69 71 8 74 94 43 84 85 81 54 37 1 54 22 85 1 67 14 46 40 29 41 53 51 76 98 72
46 84 29 77 26 13 31 31 73 44 13 84 93 25 86 58 92 38 47 36 84 31 31 21 50 31 5 9 30 90 2 98 37 26 99 13 40 99 98 17 23 32 97 67 100 46 1 23 1 5 58 46 30 8 56 94 29 15 95 59 12 67 14 37 62 18 18 14 70 21 49 99 1 68 39 60 14 41 76 5 18 14 81 60 25 42 33 61 100 90 90 89 56 57 78 33 13 59 70 37 31 63 94 34 54 67 47 90 22 18 27 67 70 24 29 47 60 6 92 88 82 38 83 98 26 40 68 53 80 51 64 26 2 78 94 76 36 23 12 21 56 77 62 17 44 67 18 87 71 26 32 9 10 74 79 44 28 44 45 70 33 34 47 14 37 74 68 34 97 92 94 66 55 99 57 56 42 27 91 40 51 0 76 32 89 24 21 62 35 22 50 3 29 94 12 17 31 39 66 44 21 27 86 11 29 17 78 2 51 3 56 55 2 63 88 80
66 0 26 39 48 86 23 98 42 49 46 94 73 74 75 19 49 73 18 69 29 48 85 2 84 45 35 73 80 35 3 88 96 49 9 42 65 100 64 100 28 57 61 7 85 70 71 24 83 25 30 13 18 75 66 22 20 21 57 56 9 87 13 74 47 89 69 12 40 69 13 54 43 27 49 86 87 1 93 56 12 49 90 48 55 75 46 9 58 73 41 29 82 8 56 93 2 39 48 74 97 54 63 38 65 68 0 1 28 95 92 87 82 51 81 0 88 50 87 53 9 66 45 94 66 15 41 38 92 55 94 69 57 65 20 54 20 16 38 19 10 60 64 67 31 57 4 79 26 36 62 43 49 26 70 13 62 0 3 11 18 71 83 32 70 91 48 51 91 10 95 39 88 18 70 78 62 24 69 70 11 73 39 51 26 33 85 54 40 11 64 81 55 31 7 61 27 34 86 58 97 25 2 83 74 31 72 50 82 23 84 30 21 33 53 74
48 78 70 66 56 13 46 90 48 72 71 66 47 61 72 75 46 40 25 25 80 55 36 45 89 18 70 6 1 81 26 65 50 89 24 11 49 63 55 4 50 94 22 28 27 11 72 41 33 13 57 84 39 60 63 63 97 72 28 48 38 64 64 43 8 83 11 3 100 86 13 95 3 66 2 33 59 47 48 60 79 5 83 27 24 88 81 87 54 22 28 54 43 60 95 97 15 11 79 15 96 60 48 15 45 28 82 60 79 81 81 98 2 48 24 69 63 56 28 33 54 98 41 93 66 69 7 41 42 55 62 21 48 65 0 45 2 18 65 89 75 93 13 76 58 47 53 31 91 32 71 74 13 19 92 76 15 82 9 36 2 77 55 0 77 76 4 85 71 68 66 5 63 66 47 72 12 62 20 8 90 22 83 38 47 71 1 15 23 95 2 5 28 96 62 22 62 62 54 19 6 58 37 47 29 79 75 28 33 39 94 8 26 53 85 95
41 63 22 9 87 12 88 34 38 46 47 96 85 62 59 56 33 40 9 27 92 88 82 62 33 62 68 98 75 11 63 3 75 9 8 62 31 8 47 100 99 16 75 27 92 40 23 7 69 80 56 97 32 34 49 93 17 58 67 79 46 53 24 43 19 24 91 72 85 6 67 23 59 27 40 67 58 5 25 80 4 79 36 45 50 78 85 0 0 89 99 94 95 51 41 49 35 61 14 54 46 4 47 1 93 100 22 18 97 44 9 7 19 47 33 58 28 47 85 67 52 17 52 2 98 48 56 90 93 24 27 9 91 44 87 44 42 89 98 85 90 1 45 98 64 9 81 22 85 28 45 37 55 3 96 67 6 90 93 1 19 4 90 62 41 42 61 30 46 100 10 15 68 30 81 30 77 1 30 65 24 81 96 68 68 62 80 31 6 56 92 44 63 34 0 99 82 39 25 69 41 34 43 27 33 53 55 53 74 72 0 35 98 41 68 84
58 21 12 67 18 19 89 28 82 30 8 13 18 18 15 17 35 6 8 49 15 78 55 24 89 47 98 5 34 47 95 50 12 50 10 51 3 15 57 61 37 1 81 6 35 65 10 13 16 93 52 23 4 38 56 39 9 61 23 49 100 63 68 24 56 3 28 4 13 93 14 50 21 13 10 82 47 32 76 68 71 85 38 93 20 29 81 75 34 32 99 70 99 8 92 16 93 32 13 32 17 62 27 38 47 4 20 20 54 23 56 21 84 20 2 39 92 30 85 17 61 0 89 38 42 46 81 20 52 4 54 52 25 5 60 18 55 72 67 55 55 12 92 41 99 66 64 78 46 56 99 93 49 61 85 66 36 14 85 71 38 0 24 0 96 75 51 49 74 80 23 84 20 91 95 41 10 11 24 43 8 11 0 25 32 32 98 48 77 35 81 82 41 43 23 85 74 38 87 24 67 59 8 21 58 96 31 42 15 20 25 70 49 7 87 69
43 88 62 44 32 56 79 40 68 24 25 30 47 95 56 77 24 82 99 67 3 65 11 6 70 52 0 10 73 56 70 95 72 28 62 89 5 32 11 83 57 79 64 42 85 49 44 52 83 63 17 96 23 54 31 45 22 40 29 8 31 41 63 23 48 74 19 14 60 87 69 6 56 14 98 61 12 97 97 8 32 53 98 15 54 39 85 92 13 36 98 34 55 62 74 37 55 29 69 19 4 18 55 17 30 32 40 68 16 61 57 73 70 63 22 45 99 79 19 14 75 9 21 34 62 0 49 63 7 80 14 42 51 20 47 44 29 11 60 29 94 27 13 22 41 27 44 3 46 88 52 42 31 43 74 77 25 88 15 5 43 62 19 7 79 72 97 0 68 62 64 4 91 86 50 17 45 76 99 64 27 37 4 71 22 29 67 18 13 38 52 28 11 86 88 61 62 76 20 68 47 89 2 26 12 77 80 7 54 10 71 80 35 14 81 57
46 84 24 99 0 91 20 6 67 31 50 47 12 51 59 78 64 88 34 58 42 41 37 75 55 68 14 7 35 84 51 72 97 71 9 46 54 48 65 81 62 80 94 27 54 76 95 78 7 46 96 10 92 13 41 20 34 78 36 0 94 35 82 75 99 27 38 36 31 8 96 23 84 62 59 30 13 91 14 7 19 6 33 17 49 40 2 49 12 51 71 10 93 23 29 56 90 49 47 20 39 17 71 77 99 65 59 22 77 45 56 51 90 72 6 50 10 87 45 51 1 55 54 56 79 98 65 72 58 72 69 10 51 17 26 98 10 68 73 77 96 12 38 37 21 60 5 5 72 10 97 82 40 59 18 27 32 79 56 1 100 72 31 32 20 83 8 25 12 96 73 48 25 93 47 7 59 30 19 94 30 24 9 54 1 100 57 75 38 61 60 37 39 34 20 70 32 68 5 69 21 77 55 29 94 29 25 29 93 41 3 47 81 90 67 7
79 97 25 48 27 29 34 85 66 86 32 31 10 31 34 25 21 79 36 35 60 54 53 74 80 57 31 70 93 45 32 34 4 13 80 70 28 71 93 19 25 27 4 79 100 67 53 51 47 21 83 35 34 63 47 16 51 41 89 78 14 84 82 34 20 97 11 25 15 65 60 98 67 47 44 50 61 31 16 19 2 35 11 53 71 18 18 32 46 12 93 7 43 30 69 72 58 64 26 57 0 93 97 25 1 27 83 11 22 77 59 78 45 10 23 31 41 68 48 84 21 69 81 82 11 48 60 99 45 70 12 86 7 30 86 32 53 39 36 54 93 92 37 17 22 83 77 62 77 43 16 52 20 52 20 16 60 21 95 35 50 27 11 28 71 19 0 83 10 15 67 36 1 48 77 79 49 62 85 34 68 9 72 70 18 62 38 59 76 57 95 12 52 98 12 53 90 17 67 34 75 97 45 22 27 49 0 69 44 55 73 5 43 65 100 4
93 53 26 43 23 54 53 87 6 28 73 10 86 32 51 56 47 55 80 98 82 89 51 87 53 79 74 12 0 22 65 52 66 99 22 49 19 28 79 99 73 98 52 0 32 2 63 34 30 88 21 49 34 73 2 27 40 10 21 22 86 45 22 15 12 1 91 90 91 48 82 9 67 56 28 39 3 27 35 94 99 80 37 9 28 97 47 25 14 47 6 65 31 99 97 29 51 68 97 59 18 16 63 98 93 96 7 29 100 41 38 60 76 57 73 98 88 95 8 79 61 0 20 25 79 86 27 71 42 56 97 65 66 88 31 19 47 72 82 4 8 54 79 19 35 71 3 77 99 46 40 76 87 65 52 31 79 18 95 75 48 10 76 72 100 93 64 56 98 25 41 99 49 73 15 39 19 17 38 71 29 90 82 21 16 86 19 40 18 93 97 95 14 44 31 46 81 74 66 85 15 32 14 7 96 6 93 69 73 42 40 75 32 1 30 9
5 59 94 15 72 19 35 11 32 31 6 34 91 34 22 71 23 44 9 55 41 91 1 93 100 30 61 53 79 60 51 37 69 3 69 56 17 27 25 29 26 56 24 67 60 44 15 45 27 90 86 89 21 61 88 74 9 42 43 82 91 0 37 40 39 81 60 15 64 27 21 20 16 30 80 3 92 91 36 73 58 92 14 68 4 36 27 55 13 6 34 3 73 81 65 3 89 16 0 10 84 87 98 34 22 36 61 10 36 94 20 45 10 25 47 64 9 36 25 21 49 39 9 75 5 80 84 79 2 30 6 56 66 78 70 92 100 7 54 39 41 78 21 23 83 20 8 95 87 93 12 14 25 0 38 70 42 1 24 15 25 63 44 64 49 86 97 46 80 43 3 93 29 41 0 77 98 12 90 75 45 60 42 47 57 99 67 13 75 35 46 64 37 1 87 72 83 17 26 2 61 53 96 12 84 38 19 27 33 54 61 53 37 28 17 65
94 72 82 55 65 85 0 34 69 62 81 39 4 49 13 99 4 6 8 14 19 65 35 98 1 88 86 96 82 56 31 99 47 78 65 84 36 95 9 46 98 5 86 98 67 89 14 68 36 70 38 12 88 54 13 21 87 84 41 33 81 77 86 42 39 22 50 91 11 87 53 51 18 70 50 38 12 52 29 60 23 33 55 0 31 66 35 71 58 94 45 59 53 50 96 50 61 20 35 22 52 28 26 75 88 30 1 68 32 53 17 18 34 63 16 60 33 56 39 39 7 48 33 83 6 73 6 4 25 33 55 87 53 33 19 5 34 86 45 35 48 100 84 3 58 29 98 78 77 32 45 34 81 79 85 6 7 4 6 46 72 94 18 7 0 17 14 30 58 28 92 57 22 5 6 54 4 82 41 41 83 75 12 66 62 88 33 82 56 32 38 95 6 42 87 53 10 74 21 11 95 92 27 59 54 91 23 41 50 7 47 22 98 35 93 34
65 68 91 66 11 23 81 29 45 98 56 23 73 34 16 91 7 9 49 100 69 78 24 9 37 52 54 41 39 48 11 91 46 71 84 99 63 57 84 18 31 8 31 43 46 19 60 39 55 79 74 39 39 16 11 82 96 87 25 0 12 6 58 100 73 57 26 1 96 20 30 82 51 21 56 42 80 82 23 52 32 82 42 38 48 84 91 51 69 80 3 2 87 29 91 53 58 88 100 23 27 92 31 99 33 81 5 89 92 40 83 7 88 45 11 95 95 8 48 67 72 4 91 18 83 54 4 55 9 28 27 58 14 16 19 94 77 73 44 80 36 39 69 40 94 58 91 60 72 85 100 55 75 92 27 36 67 75 24 60 33 45 12 70 99 95 74 66 92 75 19 9 56 74 89 52 38 86 3 78 38 10 99 75 8 41 75 74 93 60 3 6 9 50 66 76 35 93 20 64 54 90 3 47 14 46 98 27 86 87 20 11 46 29 11 7
6 45 96 9 75 54 0 13 55 52 63 32 7 64 74 2 13 53 19 85 15 71 71 34 99 92 97 98 18 96 96 22 33 81 33 46 80 30 72 98 84 99 71 6 82 79 72 26 20 3 89 8 29 35 64 100 31 75 81 64 25 63 33 23 97 51 78 11 39 24 5 35 94 71 46 18 78 65 9 7 90 18 29 21 83 43 28 40 95 28 7 36 93 20 86 59 7 67 64 56 87 83 71 11 12 87 8 49 20 48 88 44 84 78 50 13 80 98 63 28 84 84 71 14 4 24 66 29 86 21 71 43 46 75 57 49 56 50 39 24 61 29 38 78 43 39 70 91 21 0 33 91 4 10 32 5 12 43 54 52 45 52 11 4 5 61 64 7 10 55 52 36 36 11 21 92 62 7 48 70 41 83 39 21 18 21 71 58 33 69 41 28 88 86 29 6 78 93 29 33 81 77 10 70 2 70 26 2 14 85 87 77 41 28 74 69
30 20 44 50 3 54 62 43 37 99 82 96 35 75 45 7 70 14 8 97 5 76 27 26 11 56 49 72 19 86 80 52 25 29 10 77 48 64 39 99 40 9 97 0 94 44 19 49 15 83 90 27 16 76 73 8 20 20 95 76 46 76 84 55 62 60 50 78 21 50 15 4 13 12 60 7 47 83 61 49 95 0 16 91 72 22 100 98 57 73 33 94 98 23 51 63 70 97 96 42 49 68 5 92 98 3 6 24 72 20 65 34 56 7 5 100 72 100 47 43 38 13 67 28 53 23 31 12 42 9 29 37 39 56 28 32 53 9 41 93 9 65 37 17 23 53 70 48 94 15 70 55 1 6 52 98 42 49 92 96 87 82 55 11 90 48 57 64 60 48 79 15 64 64 50 6 23 51 46 14 94 81 30 41 72 62 90 75 10 53 39 59 0 45 99 31 48 8 97 17 3 60 22 60 71 14 15 81 11 32 85 4 3 62 34 58
19 89 10 61 85 23 50 28 23 88 50 52 80 81 88 63 52 51 98 26 12 71 63 62 45 40 56 80 57 70 1 23 11 10 83 32 89 5 90 86 61 44 100 95 59 21 53 26 24 61 49 80 32 60 100 96 4 1 28 97 39 29 36 83 87 5 61 28 0 85 98 31 25 41 38 31 53 71 42 68 28 81 91 87 76 54 54 5 47 89 6 59 1 9 78 63 29 66 100 34 54 77 53 27 69 89 23 90 83 75 31 61 79 90 25 20 34 60 37 36 60 27 76 86 18 3 33 96 66 16 32 87 29 66 55 64 41 50 85 85 39 37 55 19 57 90 49 25 33 72 55 20 67 30 11 59 40 22 59 32 93 24 44 56 85 12 33 93 79 34 21 30 15 2 82 81 93 5 40 57 4 3 62 36 42 51 83 13 84 30 25 99 92 23 96 82 73 10 31 26 24 96 27 91 75 23 14 16 80 59 13 88 0 23 7 26
46 98 82 55 75 58 55 46 36 3 13 51 48 22 88 89 41 26 34 99 23 66 62 28 38 76 50 2 68 70 35 84 96 13 77 95 99 62 83 81 91 98 59 37 64 6 18 73 69 100 39 30 36 82 38 0 94 38 100 52 44 7 10 75 36 33 12 51 94 43 37 41 14 17 15 81 52 12 38 97 54 95 27 24 2 30 40 93 0 45 2 2 63 60 53 85 2 85 43 59 55 51 47 33 83 72 26 70 93 87 43 45 19 27 34 16 1 57 4 58 58 31 67 34 13 1 96 22 8 27 38 52 86 45 17 72 79 96 66 62 25 30 47 53 1 16 42 4 91 61 40 18 48 28 21 89 54 21 88 2 45 63 68 19 34 63 35 49 0 76 77 57 81 39 43 84 31 71 64 81 17 40 23 88 6 19 97 88 99 34 5 84 3 35 58 55 4 54 13 10 96 6 39 57 13 50 85 18 1 17 7 78 91 69 93 97
17 16 19 58 3 37 61 35 70 8 40 11 86 14 8 48 91 18 46 55 85 88 35 56 61 92 78 43 12 4 23 61 50 94 15 28 16 80 74 41 15 84 63 75 94 91 20 97 83 88 83 28 56 48 60 45 19 64 65 3 10 86 0 84 62 27 61 88 25 11 83 32 17 69 31 89 40 13 44 25 28 8 3 69 70 12 23 100 6 64 96 15 74 95 51 8 47 99 32 71 1 42 62 23 100 23 83 89 46 5 2 95 78 93 30 66 89 79 17 7 40 70 13 20 77 83 32 83 21 56 80 76 17 27 53 57 11 66 38 97 62 31 48 80 57 12 61 78 56 89 72 23 57 69 59 16 78 68 90 87 84 58 51 12 62 65 36 31 96 94 67 10 68 61 55 22 9 47 72 79 12 21 10 18 68 60 51 5 95 13 8 45 64 70 89 69 65 30 59 18 63 85 73 16 96 67 86 87 98 30 13 33 92 17 29 38
56 81 65 71 68 26 36 36 21 13 56 27 23 91 5 2 77 4 17 9 20 9 39 57 41 26 94 91 84 17 77 86 11 81 48 75 30 29 62 43 62 16 83 84 78 35 13 48 7 78 24 79 41 12 13 56 42 14 16 95 69 79 100 44 28 33 48 13 58 80 38 26 80 77 28 50 67 37 94 42 18 97 29 9 68 43 66 45 88 72 17 59 25 28 2 27 44 84 10 22 62 84 65 36 68 34 36 46 24 62 66 63 40 7 13 20 92 64 93 27 65 79 44 68 33 73 9 1 37 92 3 7 91 30 82 41 25 3 70 70 53 67 44 31 35 1 22 62 90 74 4 72 72 95 16 90 37 58 28 27 36 15 82 22 79 1 1 63 15 51 82 5 59 29 99 22 21 92 75 76 31 81 60 54 40 74 87 73 77 75 12 99 12 53 8 11 66 56 76 20 8 34 79 65 56 96 64 78 51 31 64 25 31 79 8 9
38 55 48 58 5 43 64 22 4 47 48 98 75 15 68 23 2 13 92 21 52 31 91 81 16 75 93 68 77 31 40 36 47 96 88 5 41 97 84 97 52 72 58 11 92 16 68 54 24 49 92 22 53 51 47 81 38 4 62 5 29 40 4 81 8 81 13 8 88 51 83 31 96 79 14 56 24 24 46 18 35 93 11 30 89 67 60 15 76 94 58 85 76 78 40 94 62 28 29 52 85 64 52 37 4 100 12 70 80 67 99 3 46 12 7 32 19 100 57 20 23 30 44 54 26 88 97 64 90 47 39 46 29 29 48 47 62 72 50 38 54 45 21 99 20 88 13 13 85 68 47 53 91 32 79 70 34 85 30 71 6 31 47 13 2 86 10 74 32 62 75 31 6 20 74 51 46 93 29 91 76 43 2 72 7 73 16 47 7 8 66 28 31 40 3 75 4 97 39 26 34 31 16 72 71 75 90 30 49 82 65 99 34 77 80 69
67 8 17 62 52 34 92 81 96 36 78 60 28 48 5 29 42 11 55 20 25 53 40 39 37 15 61 20 58 90 26 70 25 82 53 82 100 98 71 33 29 65 48 96 70 68 86 17 61 24 94 97 60 45 42 95 33 48 57 31 87 56 68 74 3 70 77 69 63 34 68 37 100 89 87 5 47 91 22 5 83 70 34 87 28 3 9 95 22 10 27 35 43 35 82 62 57 4 5 26 12 100 61 10 40 40 74 26 72 32 81 17 93 15 87 83 13 29 68 41 79 98 52 100 19 42 71 63 1 61 79 38 61 52 51 7 83 63 5 35 40 27 7 27 51 57 40 53 13 45 9 62 40 84 29 27 5 60 45 35 8 10 76 65 84 64 66 89 29 7 1 25 76 80 75 44 46 48 73 32 80 62 20 16 84 88 59 28 73 86 77 85 53 69 70 2 78 47 78 17 38 68 57 100 54 75 90 67 65 17 4 0 31 97 53 44
25 23 2 58 68 34 63 95 48 98 85 70 7 78 51 28 29 18 94 71 42 18 39 65 97 34 42 35 24 60 7 0 3 37 81 80 13 60 87 25 20 21 8 72 5 92 27 89 8 27 89 56 23 33 43 87 16 72 43 6 95 19 57 57 42 49 38 9 30 25 63 16 24 55 13 49 59 35 87 15 16 3 1 46 15 14 13 37 0 76 32 52 3 60 18 74 50 53 6 38 31 90 15 24 38 45 37 25 82 50 61 82 6 18 87 51 81 12 69 83 11 46 52 91 59 36 91 96 37 12 56 77 12 17 10 0 0 49 94 85 60 75 95 43 14 0 31 12 82 11 54 41 34 8 96 42 14 20 43 65 0 1 42 24 34 86 30 6 74 57 83 14 58 89 88 32 28 71 68 83 65 66 18 60 84 46 4 5 42 68 80 80 86 80 64 47 21 37 11 34 95 94 63 94 84 48 40 84 25 22 48 35 100 66 40 14
76 23 42 74 93 54 78 87 25 16 17 83 36 52 68 46 5 60 62 85 39 29 84 48 60 42 97 66 61 8 4 96 57 33 15 31 44 11 57 23 34 2 84 58 74 20 90 63 25 28 90 99 69 16 91 57 16 85 91 79 30 1 71 77 84 97 28 100 21 98 84 100 36 32 93 45 68 68 40 50 69 98 74 91 78 88 8 80 28 16 1 44 76 66 51 44 52 14 84 28 79 87 96 24 25 61 70 83 85 80 98 79 35 46 30 8 3 69 66 64 40 46 76 56 94 86 100 11 3 49 9 49 8 65 98 59 100 49 95 93 67 43 43 89 75 90 72 32 70 20 97 99 84 1 14 41 81 33 56 91 58 93 36 78 25 38 95 51 37 82 45 97 97 22 12 35 89 43 9 77 89 32 44 52 96 30 48 51 80 34 34 1 78 71 77 71 33 12 54 50 18 97 13 96 86 28 13 91 39 80 32 3 62 31 42 56
17 7 55 50 17 71 79 0 44 3 81 25 44 30 2 56 94 91 23 93 36 9 98 64 49 81 37 55 70 35 66 53 13 98 95 52 3 71 83 37 32 84 64 92 48 99 84 30 60 33 45 59 49 52 80 29 85 81 81 91 40 62 71 14 7 71 24 56 35 66 32 48 42 28 9 70 0 27 87 9 91 12 88 27 2 41 14 68 23 15 58 3 73 94 28 49 6 10 33 93 92 55 80 50 60 29 85 7 11 35 87 98 68 78 31 75 33 35 25 100 77 36 97 23 9 43 52 14 31 36 51 100 84 40 63 49 45 90 85 98 58 99 35 13 96 67 6 57 86 4 79 26 16 46 71 57 40 73 5 61 87 26 99 33 87 24 96 9 23 33 68 35 22 48 36 50 65 95 27 63 48 99 5 64 28 86 97 90 88 26 80 23 82 73 58 34 34 65 0 58 10 42 64 47 21 49 2 97 19 13 96 43 95 93 93 18
80 83 69 53 72 66 69 47 17 85 17 98 37 55 82 94 84 50 24 61 85 86 91 12 80 50 77 97 78 67 98 1 5 79 84 86 68 80 73 56 6 56 30 64 50 49 28 78 8 54 67 40 11 39 9 81 97 77 94 76 26 4 45 8 84 9 3 56 6 68 13 43 0 10 60 4 100 48 51 87 34 68 45 50 46 43 69 65 42 52 72 52 87 61 81 9 18 94 13 14 33 43 69 75 20 20 82 43 28 82 24 62 58 0 30 63 30 26 41 2 43 59 40 19 29 76 46 52 50 65 13 74 67 27 33 88 61 50 96 31 45 82 76 71 88 83 17 19 77 95 70 44 31 76 66 72 19 87 9 18 68 5 35 16 75 78 73 66 91 12 16 4 56 41 1 83 49 58 9 5 12 93 42 26 6 14 100 93 65 24 28 36 28 9 95 0 64 61 65 48 83 8 90 25 42 66 9 14 66 31 57 64 12 20 67 100
62 31 5 11 77 29 18 7 6 87 80 58 26 100 99 69 4 25 11 8 42 66 35 10 100 65 43 50 33 7 95 3 59 95 83 24 60 7 14 65 64 28 97 63 9 36 86 26 63 21 8 47 87 98 5 68 27 31 30 6 66 6 8 95 75 27 39 29 95 26 36 22 73 95 98 38 36 40 94 90 75 26 81 15 31 90 46 88 32 55 100 27 20 74 77 15 66 30 88 94 77 61 81 5 76 20 26 2 37 72 93 72 55 12 92 65 44 19 85 35 45 63 0 11 71 64 18 73 27 85 95 32 95 15 0 9 26 71 15 56 94 94 83 27 21 19 23 82 61 31 30 21 0 21 8 95 2 22 76 97 44 79 2 70 59 9 36 96 75 31 53 1 0 87 60 56 40 90 91 98 45 47 85 31 75 95 40 59 34 81 4 14 38 86 5 48 25 35 99 1 30 100 69 17 41 0 20 57 63 83 56 55 0 54 53 77
21 23 1 30 56 65 65 15 88 74 47 13 13 26 17 78 84 30 49 74 90 13 100 23 43 17 3 74 85 98 83 21 64 65 38 16 53 28 11 5 78 79 20 31 51 83 52 66 14 12 20 61 11 77 59 0 80 20 68 28 71 49 12 87 2 77 66 12 48 88 37 84 54 61 2 18 77 53 4 37 100 28 59 37 3 28 36 94 70 36 43 70 9 29 58 88 8 78 29 54 19 63 7 36 12 1 36 77 3 45 44 25 30 21 59 71 44 78 95 0 29 1 71 53 77 56 66 89 85 52 57 18 35 16 86 10 63 16 96 21 31 0 10 4 85 88 34 30 67 56 62 23 26 86 53 37 41 62 45 61 30 36 58 92 71 89 41 48 44 22 31 47 7 78 6 97 81 14 93 45 34 41 58 76 77 31 79 99 71 7 5 46 10 9 11 11 34 36 12 78 11 58 50 50 22 88 1 26 17 16 87 43 45 43 81 60
17 96 24 20 63 85 60 56 76 89 68 90 60 42 99 16 69 5 4 68 33 54 10 40 91 69 46 49 77 71 90 82 53 24 26 57 64 48 13 65 40 16 46 90 55 22 54 41 49 2 61 33 44 20 40 78 53 15 22 7 5 78 60 78 74 99 33 44 99 94 33 71 29 37 24 12 26 68 44 21 24 60 96 68 84 53 63 23 14 23 57 1 44 59 33 71 52 24 58 5 64 74 100 54 95 41 83 2 82 96 31 79 35 53 98 80 53 47 18 47 83 94 21 64 18 65 1 10 9 60 83 89 75 67 92 13 77 29 48 21 45 80 64 48 57 79 15 42 8 52 37 13 21 30 62 95 57 9 85 24 96 7 46 8 73 99 92 97 30 37 57 47 12 32 61 38 66 24 19 94 33 22 22 82 73 67 77 74 42 84 5 0 54 67 37 44 19 79 15 25 4 63 16 86 12 96 94 50 82 58 25 100 45 71 92 61
83 32 49 5 52 93 55 3 79 68 92 14 17 89 80 57 13 15 73 68 18 18 68 83 70 7 73 94 52 57 64 86 89 97 78 62 13 62 57 72 32 15 97 55 67 68 47 75 6 20 45 94 37 81 96 8 5 16 83 100 24 41 84 12 91 74 89 68 80 3 15 34 96 73 33 60 21 79 38 53 91 29 59 19 53 11 8 12 85 20 42 41 56 56 74 89 25 0 27 73 89 19 58 31 23 65 92 61 89 67 68 52 39 43 29 99 9 71 51 89 59 22 72 33 85 97 76 32 71 81 33 49 28 50 80 9 52 36 72 95 13 83 26 34 35 23 11 21 97 64 74 68 14 44 11 0 30 72 65 87 39 23 87 3 12 57 92 79 51 88 80 14 49 64 92 81 70 6 52 100 63 48 90 77 70 5 22 31 65 6 62 76 75 48 91 78 75 49 33 4 92 53 65 84 58 83 87 61 21 28 31 46 32 96 11 63
64 14 0 19 57 72 67 9 6 18 39 25 2 24 57 75 70 13 70 60 1 41 38 23 7 36 68 71 50 45 74 38 93 48 41 44 46 5 14 24 21 22 42 15 52 4 96 37 26 86 76 36 86 100 98 95 41 55 84 2 29 4 40 11 38 78 73 62 4 66 59 1 18 80 40 55 77 35 30 2 26 46 50 96 74 89 22 87 10 31 76 36 95 26 3 25 53 69 28 76 25 83 66 27 13 26 49 94 87 50 38 39 81 54 17 43 75 43 45 17 9 14 81 6 97 85 86 16 39 15 6 14 12 39 36 82 71 22 91 15 46 46 29 51 51 43 60 57 77 89 72 22 92 71 38 25 76 4 63 72 78 48 96 47 14 38 29 38 48 70 7 42 51 28 86 47 83 11 68 43 91 89 12 98 43 39 51 98 73 77 75 0 20 58 56 27 36 86 83 33 95 36 91 95 31 65 64 7 16 94 66 79 68 17 61 77
42 61 71 48 53 51 13 26 64 46 69 32 5 69 70 42 1 53 54 91 68 60 35 33 42 42 63 18 77 18 2 88 69 33 96 63 99 6 35 91 13 45 83 9 30 88 29 27 66 88 83 8 3 33 55 40 65 35 90 32 11 25 0 63 54 45 40 67 64 67 42 41 62 52 25 93 20 46 61 47 73 4 48 68 75 98 29 80 84 89 8 74 3 32 87 64 34 51 28 96 25 42 48 22 38 53 4 81 3 79 17 48 95 42 18 95 50 97 20 91 73 56 55 40 3 39 53 21 5 0 32 40 5 25 61 7 85 33 52 80 85 45 52 6 11 57 58 9 71 83 86 98 66 74 52 50 23 23 71 42 48 49 96 59 14 89 56 94 14 50 70 42 22 19 6 86 34 26 52 16 3 50 45 75 3 69 55 88 53 10 91 11 36 83 95 38 12 23 17 47 43 32 27 27 50 45 34 59 72 27 34 81 7 100 18 45
18 61 48 42 89 23 86 85 46 43 64 79 14 30 82 21 82 63 7 61 88 74 90 73 4 71 27 65 48 12 71 63 68 7 39 66 79 33 74 5 42 46 95 20 67 36 85 52 6 98 21 69 11 31 83 57 8 43 73 51 23 40 1 45 93 45 44 16 39 9 63 86 65 12 62 15 22 48 83 52 66 10 47 50 1 100 98 8 10 68 46 15 99 98 84 13 58 71 99 92 85 47 59 18 35 89 79 41 60 88 67 49 39 89 11 35 6 100 72 62 26 44 66 37 59 71 26 23 87 77 17 97 62 65 48 91 97 81 35 51 26 18 78 46 35 31 22 92 44 28 24 66 17 39 40 42 73 33 95 58 11 63 27 13 96 88 51 2 59 88 78 97 48 94 64 9 48 30 30 95 58 1 80 73 66 64 49 77 2 70 80 43 94 34 51 95 65 10 68 26 14 35 80 10 7 90 96 20 74 69 12 42 39 71 45 86
9 74 28 68 17 52 59 14 76 38 100 63 87 36 10 6 36 5 48 52 93 44 49 78 32 34 40 11 24 66 88 46 84 14 41 23 59 67 45 39 8 69 38 45 69 22 43 20 63 23 54 41 33 85 85 39 32 5 58 61 96 52 18 71 78 16 72 55 99 77 38 12 93 13 30 80 74 60 97 82 39 89 52 59 60 44 10 53 50 42 56 13 63 46 18 10 68 89 56 85 19 72 43 3 87 37 35 55 86 99 45 3 94 97 45 82 22 73 8 52 35 25 74 50 26 33 55 52 0 81 31 33 78 27 11 76 90 72 79 79 30 55 41 92 39 44 47 8 8 46 21 35 79 98 42 92 41 11 85 92 37 80 6 58 95 47 13 71 42 49 98 34 45 15 55 100 28 80 73 47 49 36 49 2 67 59 44 83 56 47 13 24 9 36 89 33 91 47 89 77 80 22 43 83 79 18 96 77 14 65 45 45 78 1 96 9
35 74 51 93 92 3 23 67 42 50 6 44 19 50 7 90 97 18 91 83 0 27 66 13 54 9 16 100 81 8 9 78 66 52 54 71 6 80 24 19 96 25 28 19 43 14 18 53 81 51 61 20 39 43 83 28 69 3 27 5 90 100 18 20 67 54 38 10 96 98 94 97 99 76 82 53 79 77 17 18 54 79 87 37 55 62 12 7 16 43 23 2 86 87 9 49 56 66 55 76 48 28 80 48 49 73 72 12 98 21 29 4 100 28 73 17 47 28 14 83 91 90 19 29 29 42 100 41 89 16 40 25 34 26 12 1 86 61 41 89 4 98 16 80 24 46 95 11 49 84 51 5 45 97 53 96 52 3 89 46 13 66 8 71 66 43 15 60 8 1 31 43 34 36 77 43 62 21 44 86 34 47 45 27 96 8 54 28 15 54 92 56 40 0 1 78 92 35 4 35 76 13 75 64 73 88 13 79 16 39 19 46 71 56 29 55
52 25 86 17 31 59 39 14 17 30 88 96 39 57 55 6 97 58 71 39 9 4 98 84 94 37 96 64 33 4 97 54 99 97 37 7 100 59 58 88 41 76 65 20 80 21 81 87 61 68 93 54 79 15 77 68 97 74 32 32 13 38 94 62 91 39 34 72 33 36 57 28 2 60 86 22 15 65 52 45 64 22 23 91 99 12 61 53 82 14 52 32 47 100 91 62 52 57 39 82 1 32 62 62 30 58 15 85 99 9 15 34 78 79 90 46 64 31 92 88 66 36 50 24 85 51 5 33 19 2 80 86 23 39 65 45 55 66 54 77 75 1 51 70 94 50 78 60 43 20 9 16 64 6 87 96 92 28 49 62 15 7 41 88 9 83 93 87 88 80 30 60 77 32 97 43 57 22 19 22 29 42 92 56 4 97 88 54 13 21 3 52 28 38 35 4 49 43 21 20 72 28 84 90 18 23 53 23 24 67 68 30 37 28 11 37
34 0 17 4 31 97 31 63 92 98 56 38 25 98 82 60 57 57 95 36 72 68 71 55 5 19 47 9 40 69 90 49 79 73 98 58 80 78 79 3 98 30 84 91 48 88 58 34 26 84 67 70 29 64 23 57 9 77 80 37 47 34 31 31 16 89 50 0 28 1 77 82 72 51 76 2 22 42 75 78 71 76 26 46 67 60 31 48 32 43 80 32 41 99 80 51 40 69 47 15 3 74 7 30 7 37 59 40 58 48 31 33 30 94 81 59 34 87 51 13 18 20 33 48 38 73 91 58 57 21 32 0 4 58 87 8 69 65 3 78 7 46 24 15 47 83 3 59 35 29 78 29 26 31 9 54 24 58 82 37 82 78 94 14 38 47 7 83 32 49 100 41 1 27 81 52 30 32 86 76 85 28 63 60 60 1 84 20 93 85 3 82 73 60 27 68 65 0 33 69 82 100 82 63 65 42 54 95 71 70 84 35 7 26 54 71
57 73 35 33 12 26 3 69 60 7 45 5 72 68 35 33 81 60 98 70 39 76 45 35 19 39 80 40 55 52 41 71 0 36 59 84 67 21 65 24 40 85 18 55 80 36 28 30 98 70 85 12 7 26 7 65 77 3 5 75 65 45 86 12 79 9 32 21 97 92 11 57 63 82 9 82 92 5 28 88 30 25 2 58 53 55 96 81 29 71 95 27 92 93 69 56 69 16 82 64 90 79 30 61 57 86 79 89 99 7 70 44 29 36 46 84 75 52 13 100 87 89 63 86 50 35 99 41 24 23 72 55 23 23 11 91 52 25 90 16 64 65 63 38 44 83 89 22 26 72 32 25 90 90 58 52 31 93 17 43 72 8 54 42 93 21 100 4 88 28 72 31 42 62 49 22 59 76 47 37 95 93 45 63 10 34 0 82 80 71 17 92 87 39 40 71 55 43 20 75 17 68 56 61 69 78 91 24 34 99 41 93 63 25 65 61
67 7 78 5 69 42 22 92 14 46 16 3 32 46 100 52 48 32 55 98 67 54 51 9 32 8 92 46 73 32 79 23 40 96 89 61 62 37 76 16 52 13 2 77 74 94 49 24 63 58 81 60 88 19 45 36 32 63 40 13 23 49 53 62 20 48 21 95 99 72 50 51 45 68 3 60 54 12 29 72 46 53 73 34 42 43 32 1 94 4 20 80 11 32 19 66 18 30 79 65 64 0 83 97 87 93 58 88 74 61 10 47 15 38 10 5 94 53 61 40 15 37 95 56 28 26 67 61 24 40 31 92 4 93 47 96 69 80 19 37 61 52 63 44 38 24 69 90 65 11 86 72 59 79 94 12 22 44 60 97 30 81 32 4 29 84 10 4 4 57 5 26 75 37 43 90 19 35 53 7 78 24 19 45 42 71 91 27 25 53 15 58 3 69 90 78 13 10 16 37 12 78 39 98 92 74 63 43 78 84 39 42 90 16 87 15
85 80 82 79 60 59 40 44 11 24 71 24 2 85 35 48 67 43 90 65 97 12 6 79 82 61 98 82 97 74 88 49 64 68 73 80 22 28 93 29 75 36 33 42 82 81 68 21 68 95 80 74 17 45 9 70 58 94 90 77 58 100 7 71 21 4 5 77 37 33 69 69 0 30 43 14 69 97 37 75 48 53 92 44 9 14 39 64 68 90 89 96 55 96 0 91 88 48 75 32 70 34 13 45 82 63 55 44 7 67 20 23 61 11 35 64 95 84 47 66 36 30 31 19 25 95 18 27 23 62 69 39 95 94 61 63 33 22 41 16 97 43 45 47 81 61 68 86 21 86 47 35 16 98 37 34 28 51 17 20 51 49 31 77 99 61 13 89 23 4 85 29 3 1 21 71 43 28 59 81 88 74 5 99 55 18 76 22 50 80 36 73 91 31 33 3 65 29 93 1 62 13 65 17 59 88 4 31 7 72 41 8 92 97 8 88
4 35 46 85 8 83 53 30 51 13 71 13 98 34 92 7 93 43 96 44 8 67 7 63 73 47 99 10 36 28 26 72 75 22 74 100 27 25 17 10 25 37 21 86 8 91 68 63 65 87 75 10 13 76 85 77 7 18 95 50 27 88 39 43 35 66 82 71 71 63 88 51 30 39 28 12 42 79 92 100 51 55 39 47 42 71 51 59 12 46 47 18 3 100 83 19 34 96 38 7 73 49 91 11 32 50 33 13 30 69 33 88 87 87 5 57 10 28 77 14 93 50 14 82 95 98 70 73 70 30 39 36 92 5 56 19 77 3 77 12 41 55 78 58 12 96 89 15 73 7 10 91 38 56 61 76 91 98 25 0 42 10 6 61 58 30 27 25 80 97 66 15 51 56 79 78 15 32 37 41 96 96 25 93 58 88 8 65 6 57 9 79 86 99 90 18 37 85 38 26 25 93 32 99 0 61 3 63 43 91 91 48 69 91 91 4
71 35 5 97 76 69 51 72 2 9 9 62 46 24 18 23 76 79 9 11 38 40 28 71 58 25 30 99 16 12 87 51 34 72 69 80 76 65 87 58 49 46 36 56 66 75 50 63 67 17 31 19 0 56 35 67 100 62 13 58 84 1 80 18 44 38 74 80 7 8 86 15 65 21 44 14 9 4 59 69 40 28 66 38 61 58 56 68 2 3 83 64 32 54 0 79 56 67 87 3 9 34 40 99 48 79 68 73 30 27 86 86 57 34 82 38 29 6 86 28 57 27 72 12 31 70 97 59 35 93 12 37 11 98 28 7 8 81 88 87 55 91 76 83 69 97 47 71 37 15 83 68 60 16 38 48 79 96 93 14 49 71 39 48 54 64 11 89 63 4 39 49 12 72 2 47 76 76 96 34 20 52 15 13 7 70 98 29 11 6 80 65 74 24 33 92 1 99 98 50 94 32 14 50 30 67 42 74 11 36 100 7 19 44 44 40
19 7 74 29 74 20 80 66 2 74 38 37 32 40 66 62 21 57 57 53 81 95 40 20 8 88 58 89 17 86 70 60 20 20 35 60 94 22 34 58 97 2 75 21 64 4 1 17 14 67 91 99 78 18 28 37 64 54 31 1 59 78 42 27 57 9 96 6 2 54 60 17 92 37 32 66 18 31 63 36 6 83 4 57 48 18 84 19 85 22 61 23 81 96 16 33 37 41 44 92 39 12 69 17 31 83 65 34 100 56 43 18 57 16 30 62 61 59 30 40 98 69 66 45 73 64 36 29 35 81 81 60 94 39 38 86 47 11 2 57 79 66 48 83 88 29 75 27 100 5 98 75 92 90 5 19 71 72 90 20 17 71 25 80 11 63 5 80 87 34 65 36 98 94 42 88 85 49 25 3 14 55 32 61 25 88 38 31 20 58 49 35 90 26 94 98 25 77 8 69 67 60 52 14 29 87 10 94 26 47 88 70 96 93 75 48
26 69 25 40 90 28 76 28 70 14 89 52 92 20 4 46 80 49 51 33 62 32 20 98 44 93 87 8 28 91 72 26 16 50 71 49 59 62 84 13 11 86 93 85 33 85 64 53 98 29 42 76 50 47 94 55 26 77 78 29 0 7 46 33 56 59 15 40 8 67 75 77 14 22 32 45 60 74 72 19 75 83 61 56 20 29 83 89 9 91 54 11 64 94 69 26 14 7 51 19 30 4 23 24 81 46 63 52 59 30 29 40 88 100 17 80 67 100 5 99 9 89 69 76 35 100 69 86 49 80 12 42 5 46 77 96 39 17 18 8 94 14 69 66 71 39 65 23 72 74 41 80 40 31 23 49 72 18 11 54 72 96 21 19 26 83 90 20 77 79 3 64 79 67 86 10 29 95 42 80 79 16 25 2 100 85 99 16 43 18 11 7 20 65 55 42 70 82 94 93 17 63 24 18 52 49 53 75 33 81 2 39 72 43 95 100
29 61 77 29 91 62 14 62 1 93 53 13 100 94 85 21 91 10 80 16 50 11 6 88 73 91 18 82 54 55 45 95 64 46 6 100 75 15 19 68 12 49 15 37 2 9 62 65 1 11 70 0 27 77 97 50 13 21 48 38 92 88 64 94 78 42 65 6 4 3 100 83 31 2 34 86 52 36 16 51 12 16 22 70 87 52 73 40 61 26 100 52 11 83 88 81 5 19 99 71 34 57 75 26 62 28 15 70 32 42 68 12 12 33 28 83 54 92 48 16 6 71 82 63 71 57 41 77 15 100 15 37 49 36 71 2 36 77 49 47 4 55 8 3 21 61 98 85 88 59 41 90 14 70 57 9 8 22 14 26 41 70 27 68 72 11 42 96 71 79 1 44 39 58 52 56 62 2 4 33 94 12 72 84 96 15 62 47 38 13 98 69 84 91 13 87 92 80 83 82 79 3 33 23 7 47 29 7 46 19 58 42 30 72 57 32
76 46 100 58 34 70 36 1 2 21 9 66 5 89 16 34 80 23 36 39 52 96 67 93 24 11 18 5 94 90 37 57 55 100 88 23 90 78 90 49 19 85 19 37 16 22 87 65 18 29 44 92 27 4 74 25 68 85 54 24 46 36 94 87 0 72 90 24 10 6 54 47 92 14 65 92 85 92 26 0 20 98 62 53 34 12 88 4 8 24 41 85 26 33 16 61 27 13 33 21 44 76 97 68 33 53 21 75 40 79 68 79 55 75 76 67 97 10 1 58 33 100 52 1 11 74 63 98 4 45 84 49 85 98 84 68 3 82 51 53 41 59 10 19 23 24 68 74 90 66 89 21 67 52 54 6 85 20 85 79 57 80 75 44 21 55 87 78 20 89 78 98 10 1 31 52 25 15 74 26 88 82 50 88 51 71 41 97 73 83 58 17 1 61 3 76 45 68 87 100 15 28 100 5 70 51 69 92 30 94 51 24 21 99 58 13
74 4 83 27 15 56 70 2 87 38 46 93 62 67 8 44 88 70 15 33 31 31 21 66 70 52 93 9 11 9 0 31 46 4 79 31 61 52 25 48 64 48 99 72 59 45 3 27 49 40 7 56 43 65 78 48 30 47 26 54 6 61 56 40 85 51 98 71 12 72 91 16 52 21 85 44 0 100 64 66 45 26 68 3 88 84 60 84 1 85 18 26 23 60 14 37 68 83 45 93 27 28 97 9 75 36 60 2 94 76 28 97 26 36 73 27 10 47 33 89 43 80 94 41 12 79 27 55 19 74 34 75 27 74 42 91 48 38 66 56 35 95 75 58 48 66 97 2 71 17 92 10 93 3 18 86 45 75 49 77 27 13 34 2 25 99 89 88 98 81 99 87 55 9 70 23 95 41 32 37 25 90 13 1 48 92 98 34 86 62 61 99 67 19 2 2 3 58 15 70 24 43 75 18 20 94 98 49 87 53 73 85 13 56 81 48
12 13 83 84 87 86 51 41 93 26 63 84 64 73 90 30 81 62 47 88 21 62 51 36 39 63 87 89 39 8 89 47 40 37 97 0 99 14 17 39 5 56 44 21 94 12 97 61 42 63 80 12 92 21 68 38 10 17 16 75 53 68 13 62 91 10 98 53 73 5 95 62 84 64 84 53 34 22 23 29 22 61 22 52 6 42 63 8 88 19 64 50 68 52 73 8 66 76 10 72 53 40 32 86 67 34 1 99 8 3 7 10 67 31 47 25 41 26 65 36 11 45 94 64 59 41 81 36 42 69 66 2 9 48 23 12 16 13 60 58 3 89 16 35 20 31 67 84 91 69 27 20 19 67 95 13 57 58 69 62 70 17 35 75 26 28 57 40 21 86 56 5 77 23 38 54 64 9 62 11 98 70 67 32 0 17 38 87 19 37 55 17 25 1 79 45 49 74 41 9 85 50 8 57 100 50 7 26 86 49 70 17 38 32 30 9
44 74 17 42 16 33 78 83 73 72 88 91 83 15 47 60 23 84 76 81 82 8 67 39 33 43 65 35 78 77 32 39 44 29 62 45 20 69 70 17 62 90 42 84 36 68 0 54 85 25 43 67 98 54 75 74 79 3 97 81 63 4 100 6 57 9 34 24 32 61 32 33 47 72 17 20 87 94 28 53 84 3 92 64 63 45 56 92 83 38 36 65 2 85 42 80 97 4 47 59 21 18 13 98 100 4 41 12 52 9 10 80 96 25 12 37 20 53 16 34 44 24 56 8 70 12 60 43 61 1 87 33 78 54 32 22 30 49 28 62 2 87 49 29 95 97 4 91 33 81 17 91 53 54 23 77 9 16 70 64 34 49 95 65 97 32 0 62 94 87 41 74 13 39 40 38 17 71 30 4 48 24 98 90 96 26 16 7 20 88 6 26 84 84 27 100 43 59 39 6 23 19 19 53 13 22 51 44 86 44 35 56 17 90 30 11
49 55 75 29 98 37 14 37 9 40 69 28 39 60 97 62 18 96 97 33 98 11 41 60 60 2 24 13 68 91 50 60 78 60 90 56 38 40 18 48 18 22 27 97 84 65 36 27 92 84 33 2 0 77 88 63 74 3 77 83 63 10 76 8 99 9 10 2 52 67 47 80 68 94 13 81 0 21 24 24 14 60 64 81 20 93 59 85 46 62 50 17 27 85 73 1 84 69 100 56 60 84 75 93 30 1 83 99 71 88 17 41 76 9 72 84 82 74 31 48 62 22 97 91 86 88 73 25 89 84 33 11 74 96 94 61 29 83 14 95 7 25 13 99 32 91 90 28 24 50 80 33 19 2 72 3 42 77 48 100 37 86 56 58 64 21 82 14 89 15 68 70 46 56 54 70 48 79 90 15 15 79 53 19 85 8 44 62 30 100 71 89 20 33 61 74 85 56 17 90 46 18 46 93 13 62 28 63 14 49 2 61 90 94 77 90
6 0 11 65 42 52 12 27 32 75 73 40 55 98 77 27 82 50 22 58 13 45 34 100 89 88 65 16 95 51 65 54 58 13 65 50 38 46 82 78 93 10 16 76 2 98 17 85 98 59 54 47 38 59 47 30 33 22 17 21 32 22 29 34 15 47 14 42 0 93 79 32 70 60 94 99 91 53 34 62 41 69 18 39 17 76 56 43 51 83 25 50 43 59 41 74 19 6 16 75 44 57 93 69 17 42 89 6 26 65 44 23 100 21 55 11 46 100 75 89 39 28 83 43 21 99 66 85 97 65 3 38 65 22 5 97 52 28 42 40 87 58 44 64 73 34 57 65 44 99 63 13 31 72 93 21 71 54 60 45 23 89 20 90 34 26 17 28 92 100 1 49 36 99 80 35 71 56 93 21 33 46 16 85 0 94 72 91 56 80 0 94 40 9 90 49 72 92 20 0 98 20 76 28 66 29 3 66 59 98 51 97 49 75 59 34
97 20 85 55 55 74 94 73 40 5 8 7 91 26 6 93 41 67 37 93 76 21 28 28 24 9 54 56 71 24 5 85 57 66 46 52 7 20 94 76 28 29 59 93 49 9 62 32 12 51 12 12 4 39 74 44 19 84 92 54 86 39 0 60 60 23 33 41 70 68 85 56 54 71 73 16 83 4 80 80 53 88 18 14 92 56 14 41 4 76 92 38 91 71 12 70 99 67 22 53 74 2 84 23 23 20 81 87 21 28 75 71 31 30 8 5 8 94 63 98 12 29 12 50 38 71 30 8 87 83 64 75 79 76 55 43 74 23 62 59 44 64 79 32 12 28 81 22 6 14 47 28 1 68 0 24 76 76 35 33 45 23 22 45 41 49 19 50 27 32 69 18 66 18 45 45 89 58 81 30 17 12 84 57 79 77 64 40 16 96 8 3 69 33 6 80 16 65 76 70 54 16 42 87 44 3 75 23 70 99 87 58 60 71 3 90
77 87 24 70 88 79 45 71 98 0 7 36 36 87 32 88 5 44 61 29 68 39 48 74 12 12 14 98 66 37 22 26 95 55 83 48 51 100 43 6 14 46 24 10 45 88 86 80 100 55 85 46 92 93 18 18 43 46 25 79 59 22 37 3 88 9 53 57 82 80 41 87 42 97 1 43 73 3 53 100 42 57 24 57 13 59 23 80 72 8 98 26 2 18 77 12 41 83 45 46 48 93 53 31 29 85 23 47 99 93 83 63 70 23 71 33 42 59 28 63 0 82 87 82 24 58 10 20 79 15 84 25 75 65 88 85 24 7 27 54 64 60 27 86 87 85 66 59 15 68 19 32 44 49 21 86 51 26 40 10 80 12 80 18 76 81 93 87 19 68 45 84 2 98 69 21 83 64 9 15 2 35 26 6 64 78 49 78 52 51 98 90 84 57 28 73 23 81 38 71 56 62 52 8 81 65 36 87 18 60 1 38 64 22 41 61
13 48 82 93 3 59 33 79 61 0 57 31 97 80 84 49 61 86 77 30 49 39 46 11 95 93 53 6 40 45 98 63 54 92 78 41 57 54 5 55 16 27 46 59 94 74 55 76 5 95 96 53 97 38 70 26 0 25 11 89 69 39 21 68 6 94 2 93 96 81 90 49 4 21 44 3 35 24 95 26 63 67 0 100 42 15 88 98 39 84 64 43 64 87 29 67 38 6 56 75 20 3 46 34 19 90 2 60 12 39 79 5 45 44 71 45 7 47 35 16 22 16 83 99 82 43 79 48 60 98 82 77 92 94 52 68 21 41 81 87 18 74 50 70 42 97 98 74 10 66 25 18 26 34 10 35 89 84 74 24 66 92 95 1 13 78 55 62 33 36 40 51 15 80 6 49 32 25 41 7 87 27 29 59 92 9 80 46 97 83 47 41 37 65 13 7 37 12 96 22 38 69 36 74 43 23 2 53 64 27 66 82 34 71 98 36
97 15 67 98 8 52 8 42 13 30 20 60 66 61 95 10 3 53 51 16 13 58 67 31 18 42 4 46 34 95 19 9 43 54 45 83 80 21 73 44 44 69 41 27 17 98 38 24 91 6 61 75 70 63 11 46 99 32 87 34 55 18 5 66 27 14 27 35 15 12 48 30 48 54 69 95 12 82 43 80 19 4 46 65 25 69 25 99 7 79 13 33 54 12 21 94 94 84 55 91 32 72 47 68 96 6 38 50 36 82 32 93 100 95 92 76 92 93 18 42 74 21 83 17 20 76 44 67 25 79 9 48 23 9 38 73 19 93 91 56 98 94 26 49 21 27 68 12 19 58 82 82 44 35 62 5 52 23 84 22 95 76 64 28 71 4 84 4 17 69 4 89 75 25 90 54 60 37 60 34 43 99 76 23 29 10 69 54 5 37 79 81 40 82 23 57 83 50 76 43 1 29 54 53 0 20 85 83 44 48 12 50 53 54 10 74
3 83 100 99 69 31 34 6 82 83 92 50 72 18 66 10 95 74 40 96 13 9 98 81 72 29 44 30 12 0 88 42 53 51 29 97 40 33 45 69 21 15 87 44 30 45 93 17 68 92 14 70 77 17 95 66 4 81 4 64 48 50 11 35 93 45 59 14 15 78 41 94 94 95 22 59 79 51 97 96 87 5 22 86 21 72 3 19 12 10 7 81 96 73 9 33 70 65 60 71 44 71 25 58 49 20 24 2 68 90 91 81 52 85 65 33 48 10 77 4 68 67 32 72 91 74 67 56 14 60 52 32 53 85 91 59 42 28 60 0 50 50 76 99 70 16 76 45 62 63 39 15 86 79 85 41 90 47 26 69 99 16 8 39 34 97 93 9 51 69 31 29 44 88 18 36 91 58 18 19 27 89 14 71 14 14 53 64 55 23 1 93 28 26 49 76 5 92 49 43 85 37 35 56 73 87 48 54 25 29 26 71 19 9 10 56
35 92 13 93 17 72 16 41 82 12 50 42 89 43 44 57 13 58 86 62 3 59 6 27 49 21 18 98 71 42 46 24 50 93 87 28 57 69 60 8 36 23 90 75 30 48 63 71 45 49 61 62 6 7 52 51 18 13 72 84 55 77 27 18 8 56 99 50 73 12 22 37 62 100 11 32 43 24 12 100 84 65 90 51 2 65 68 76 73 87 61 100 68 40 38 42 37 4 35 57 65 20 22 78 82 63 44 94 46 74 22 84 29 20 72 3 36 66 73 52 74 87 7 30 80 84 24 85 41 71 14 34 90 13 9 30 84 12 44 69 45 29 77 47 83 47 84 80 69 67 24 95 18 50 68 85 16 97 5 74 84 44 58 53 56 55 38 68 25 63 91 36 6 78 93 3 91 13 64 9 84 34 22 90 50 37 16 40 22 35 70 32 90 39 1 28 65 62 0 48 16 6 70 63 0 76 31 84 88 35 14 85 48 61 83 77
