39 791
16 84 4 84 23 91 92 88 67 41 91 26 19 47 90 23 3 75 79 58 47 31 93 2 19 49 17 57 71 89 77 58 99 54 40 37 97 61 13
46 92 45 55 73 12 82 55 13 80 100 52 59 76 83 8 9 85 53 85 47 90 78 89 46 18 92 87 63 27 59 42 65 65 5 18 53 63 57
78 59 87 23 60 1 32 9 76 75 68 17 26 58 30 12 31 32 6 59 79 51 8 76 57 29 41 60 30 26 7 63 84 87 100 89 18 31 35
12 92 4 44 19 59 85 3 25 28 100 24 54 58 1 61 94 76 70 13 93 6 28 91 43 83 10 52 55 84 18 46 50 60 67 47 79 31 31
22 23 49 87 26 79 94 65 96 64 51 16 40 30 88 56 75 10 16 94 64 52 39 68 14 83 74 23 68 13 15 17 41 10 1 79 42 77 5
74 96 57 5 86 9 24 76 65 67 69 79 70 84 84 46 66 82 56 85 92 46 95 82 97 18 38 53 10 19 61 40 5 50 88 86 94 72 60
10 87 77 15 49 56 33 84 25 54 41 56 13 63 40 9 64 53 63 90 28 62 94 6 4 83 68 62 94 51 21 26 31 72 12 0 25 12 57
55 42 68 98 87 49 75 95 58 85 47 34 9 98 89 84 6 64 0 32 95 82 94 74 21 34 8 50 95 84 48 25 82 73 100 31 72 75 64
17 48 2 1 30 55 53 32 8 44 40 67 0 23 85 70 62 53 99 50 34 1 33 12 69 2 42 37 6 2 40 36 33 31 63 51 36 6 10
41 99 96 35 74 52 89 57 21 90 2 66 80 45 53 94 67 38 88 65 64 13 80 9 80 84 1 75 35 25 12 66 8 25 67 88 54 21 12
59 76 1 75 77 21 34 21 49 11 9 53 71 80 37 46 60 7 23 74 69 42 25 57 68 85 84 76 62 36 100 78 30 96 75 74 1 41 45
12 54 86 37 13 37 55 33 76 78 70 79 62 18 1 66 74 39 99 60 99 51 61 30 57 30 31 46 57 32 13 69 60 18 97 90 29 57 3
2 37 30 27 36 10 4 25 41 0 96 81 87 57 73 18 53 80 33 78 44 10 54 31 47 46 40 84 62 84 40 60 30 24 87 46 17 93 88
20 42 4 63 71 33 86 10 37 92 17 31 43 3 37 95 74 91 55 29 19 48 80 14 54 21 8 24 45 85 11 19 9 37 28 96 59 75 49
24 16 60 71 43 82 77 88 80 24 64 52 64 2 82 12 13 77 70 57 14 86 77 75 10 4 1 27 15 78 24 48 90 40 18 38 93 97 17
54 28 35 56 2 57 83 38 36 58 10 70 33 89 7 27 25 36 32 62 96 34 87 31 71 69 47 27 89 49 37 63 24 44 47 82 95 85 98
64 37 61 21 33 2 13 24 22 10 88 10 44 44 21 84 95 38 44 17 62 64 77 30 32 15 100 5 88 22 72 62 42 10 3 19 62 91 93
92 28 93 78 16 76 4 46 86 49 85 2 32 14 63 46 53 85 92 67 24 40 70 45 29 42 72 42 63 13 80 59 19 22 70 84 50 98 38
74 50 9 93 59 11 71 53 74 80 37 16 81 34 85 29 40 59 46 36 76 95 94 60 31 57 86 80 83 68 77 28 14 19 13 55 14 61 59
55 10 57 56 50 77 82 98 50 94 50 17 8 86 23 93 74 66 15 11 90 72 24 25 25 36 58 100 11 82 46 66 27 19 73 93 74 43 89
19 10 44 18 11 58 45 49 72 75 97 25 97 73 73 88 89 52 71 58 29 55 62 84 26 73 58 8 55 27 29 60 45 75 58 7 62 27 58
53 77 81 87 37 21 27 49 68 52 90 75 11 73 88 35 82 98 66 44 11 46 91 51 68 54 44 93 11 28 84 60 40 87 44 45 29 66 48
67 61 84 81 85 54 80 31 64 60 50 46 77 18 88 0 33 100 98 0 84 95 89 22 33 37 34 44 2 65 28 11 3 9 84 63 62 68 4
62 92 71 33 65 40 2 10 21 31 3 31 65 63 20 41 99 95 73 40 59 91 68 14 9 52 88 27 78 41 51 4 82 80 12 8 76 97 41
26 70 87 87 20 86 74 41 50 72 2 31 80 50 39 14 63 32 8 77 66 99 37 92 43 40 8 44 31 86 14 24 4 74 92 58 81 63 73
80 50 3 64 79 89 49 0 1 89 16 99 80 21 41 57 62 79 8 60 74 84 28 46 70 5 99 79 45 87 41 62 27 52 99 20 4 33 74
36 82 78 68 96 33 51 65 90 72 84 5 73 96 60 38 85 66 74 18 68 51 87 89 84 13 43 32 77 42 42 4 90 78 77 67 94 60 22
34 26 90 10 42 48 92 40 30 85 63 5 42 95 0 95 42 69 39 56 79 14 37 65 6 19 28 35 51 100 77 42 15 100 15 25 64 90 32
65 47 36 37 2 83 75 87 51 37 77 64 52 60 27 46 33 95 71 71 78 39 56 68 61 35 73 79 40 92 22 63 57 55 97 34 51 77 25
73 60 55 53 2 2 72 45 43 50 25 48 58 28 72 41 69 79 76 75 93 73 51 64 7 26 19 4 98 39 65 70 67 62 43 7 10 83 15
29 71 84 50 49 51 66 87 56 89 95 74 21 32 53 53 5 53 59 2 40 100 92 42 85 31 95 69 15 38 20 25 17 43 10 54 35 8 84
76 74 22 83 10 38 87 25 100 94 90 10 47 45 41 50 61 14 72 21 0 31 4 39 17 38 15 59 65 30 87 44 65 66 98 1 95 65 98
17 82 66 7 10 11 14 71 65 10 26 3 36 5 22 29 97 29 17 87 2 92 72 79 66 17 72 20 76 70 42 94 54 15 0 32 64 60 59
21 72 2 23 37 90 99 83 10 5 18 22 89 34 83 48 32 85 77 37 53 100 61 46 25 41 13 49 42 23 11 25 93 7 68 2 92 39 81
32 97 16 10 19 3 48 50 66 17 5 97 84 5 11 82 93 3 74 96 70 64 4 29 56 43 37 75 88 90 85 72 39 20 50 76 39 75 38
22 23 79 77 96 36 65 32 81 83 0 30 30 73 43 95 57 22 80 6 18 21 60 15 6 23 67 42 21 33 89 90 32 53 12 69 84 27 37
64 39 14 84 9 86 13 26 41 45 57 21 39 82 34 20 76 69 0 31 78 25 25 72 68 50 82 19 11 46 74 22 53 51 43 17 34 9 44
4 67 37 41 68 31 25 19 99 99 56 82 61 36 52 84 89 48 73 37 92 40 69 32 58 55 77 89 8 87 55 16 58 99 40 56 44 100 20
56 67 10 44 24 17 93 78 22 100 36 67 48 16 65 3 45 84 22 68 65 90 30 98 48 41 8 29 64 18 27 64 52 60 90 59 8 85 11
55 41 20 76 96 6 16 75 100 62 50 79 20 85 78 99 19 93 89 10 87 45 34 52 17 55 53 26 25 40 60 36 31 81 54 12 81 31 90
68 67 42 3 36 51 72 20 71 15 42 5 86 56 100 79 34 68 55 27 83 69 23 10 0 30 60 26 13 19 32 30 90 58 42 16 97 55 2
94 39 33 5 23 12 24 26 70 25 57 79 43 14 96 44 98 99 100 90 92 69 11 84 41 42 30 94 67 40 50 17 45 67 9 72 89 71 12
78 0 3 46 15 17 69 37 18 76 34 18 100 89 18 79 97 23 74 93 1 58 79 70 51 27 73 90 4 84 62 96 27 3 22 20 11 97 36
76 36 17 5 3 23 50 51 56 96 6 58 95 2 81 92 98 65 69 36 40 41 36 82 78 71 65 73 83 30 92 28 52 8 51 80 86 57 46
90 67 53 49 56 43 34 36 39 43 34 84 21 47 95 13 15 82 68 54 69 42 15 49 82 2 98 25 31 81 62 34 25 26 54 49 25 66 8
1 18 56 31 100 27 45 54 56 62 35 48 20 4 34 73 26 82 41 22 42 56 12 68 100 28 95 97 62 35 75 38 100 6 72 15 9 70 46
36 4 38 2 52 27 60 9 68 43 32 1 55 62 83 97 87 77 72 55 80 90 68 77 58 58 67 38 9 66 22 24 71 41 62 70 75 29 40
77 79 75 52 29 9 86 92 36 91 42 1 16 82 26 75 60 35 29 8 38 74 19 23 32 18 42 78 59 88 91 81 32 3 50 64 100 48 16
71 99 27 7 86 89 38 19 39 58 74 2 13 79 91 24 50 19 1 42 73 32 96 5 72 20 93 75 73 14 66 89 91 29 25 6 40 95 42
30 24 73 81 73 24 78 48 43 46 100 9 89 66 28 59 45 46 33 63 3 29 40 30 53 49 86 96 52 98 55 20 100 56 21 21 46 81 78
52 69 30 80 39 20 53 68 43 55 76 85 7 26 30 10 22 100 15 78 34 10 58 67 87 55 68 25 39 47 1 27 77 80 0 63 98 59 94
68 20 97 98 73 40 31 24 29 76 87 9 55 53 63 25 84 90 97 31 93 59 82 69 5 100 65 83 81 19 8 44 43 32 89 100 16 12 51
93 39 36 14 25 24 47 24 96 82 94 36 42 95 72 33 82 35 28 39 7 1 7 71 92 50 28 22 29 38 99 26 0 62 21 52 72 31 85
100 56 70 8 43 7 35 86 43 29 51 19 29 5 88 79 18 79 45 80 1 89 47 77 45 86 35 67 8 28 82 41 52 88 96 100 19 52 98
22 40 91 85 70 87 9 68 5 39 81 51 41 99 73 22 92 12 57 72 62 98 66 96 92 86 32 30 62 59 100 0 45 36 74 97 85 17 15
56 99 87 81 5 26 85 94 93 42 24 51 99 65 68 95 59 3 64 88 81 25 40 27 31 41 37 64 48 37 44 39 62 10 54 84 58 61 11
87 72 88 98 20 80 87 8 43 93 86 13 82 57 49 10 15 39 87 30 38 91 99 19 51 65 95 82 45 92 18 96 84 34 13 53 28 35 34
71 84 8 95 80 48 57 79 83 53 56 66 59 65 47 91 77 1 48 32 88 41 87 98 71 35 78 30 36 75 34 97 91 7 0 86 47 6 45
87 3 79 46 13 8 67 45 99 48 16 84 94 48 69 89 79 25 27 19 27 70 89 12 30 83 52 82 55 49 19 73 66 3 58 44 98 98 59
9 88 29 89 75 9 27 53 100 7 75 48 5 62 68 39 100 74 33 30 3 32 74 28 1 33 85 19 4 71 94 13 81 66 63 10 100 36 78
46 25 23 8 76 58 81 10 23 64 47 67 32 47 95 34 49 83 33 18 58 12 82 43 84 43 62 66 38 70 25 91 44 93 95 30 68 93 32
35 84 4 14 100 89 21 68 62 79 26 56 9 15 74 0 28 47 61 3 81 5 81 65 8 12 3 99 16 9 88 3 96 56 42 61 3 81 59
39 9 62 80 62 55 85 52 31 97 22 51 0 39 37 9 55 19 9 3 7 16 63 90 42 34 24 20 71 44 4 64 89 82 47 38 38 63 40
39 93 61 29 1 62 88 44 99 34 99 46 2 97 2 13 8 65 100 15 23 3 69 19 57 77 84 75 80 66 28 76 39 32 52 23 96 98 80
50 16 97 74 97 80 22 81 46 68 12 39 49 52 24 91 32 75 62 52 5 59 31 35 47 38 79 95 17 88 91 85 92 14 9 2 8 7 98
35 54 38 75 29 16 31 99 21 70 36 36 96 100 92 79 71 58 43 22 69 28 92 34 12 96 57 78 100 56 69 55 49 91 78 38 49 22 35
2 50 54 57 63 47 29 62 36 25 39 38 5 21 14 16 17 23 99 47 25 33 55 66 34 13 5 44 54 100 5 100 6 35 63 50 11 31 93
25 4 8 19 95 68 40 53 85 62 88 95 41 48 75 71 71 86 69 75 88 52 71 18 30 74 64 76 60 55 70 14 67 8 28 50 41 9 66
94 65 54 33 82 37 91 49 61 91 39 15 57 44 23 76 89 4 78 93 86 62 8 13 96 50 63 3 50 69 55 42 5 2 91 33 90 81 57
39 13 29 11 1 56 30 51 99 70 58 8 59 2 60 73 77 56 70 93 40 99 55 99 95 100 86 56 9 83 99 24 97 37 6 56 50 59 53
90 79 17 21 18 50 13 20 75 67 22 81 8 66 3 1 18 67 7 30 78 97 96 48 87 94 27 74 39 86 63 11 45 36 39 13 85 33 22
55 38 62 39 84 5 37 45 59 15 2 31 3 38 1 60 75 71 75 32 53 43 49 9 24 38 0 26 39 81 45 33 50 56 54 27 29 75 20
3 98 68 18 30 63 89 66 71 76 80 21 99 76 47 57 22 52 51 34 85 42 26 85 61 19 60 41 98 56 64 83 94 87 5 98 80 63 65
69 77 84 84 30 38 74 10 52 78 48 9 12 73 78 92 10 23 40 44 52 48 25 38 87 16 18 55 62 26 45 18 56 26 92 40 26 4 38
29 75 17 13 36 90 92 66 43 98 33 19 25 3 67 0 70 4 56 53 25 100 42 85 78 61 13 24 13 75 51 2 64 63 23 7 93 9 81
65 22 76 69 43 72 38 40 67 31 4 76 76 96 95 17 62 70 4 68 3 96 77 15 97 30 33 86 49 51 34 13 72 24 8 48 35 19 47
77 76 85 82 22 70 35 33 87 57 92 47 23 15 16 35 7 12 43 17 92 72 57 34 2 1 71 51 89 6 9 11 16 54 88 52 65 58 17
67 56 60 94 32 58 73 58 72 25 5 77 54 95 85 99 84 40 11 80 71 34 75 19 31 85 63 95 34 2 3 15 29 32 90 79 79 77 56
77 34 9 72 24 40 45 88 11 36 24 29 98 10 21 59 29 75 71 7 31 59 22 34 58 32 78 56 61 93 95 72 33 41 20 80 23 98 25
39 94 92 85 94 68 53 35 81 78 99 44 28 100 99 23 42 50 83 58 31 13 12 23 35 72 6 54 56 18 55 24 85 26 69 75 12 0 85
64 98 31 85 90 84 95 99 49 97 35 84 98 97 46 98 10 21 15 13 3 72 47 10 36 67 90 32 18 39 9 71 61 93 25 16 65 73 90
90 44 80 37 70 46 64 56 54 1 13 37 3 43 74 13 66 36 35 18 49 25 50 19 99 77 21 80 23 72 12 34 86 45 89 36 71 44 30
39 10 54 32 16 19 31 15 32 90 76 22 20 66 49 55 94 96 78 87 96 76 12 23 68 65 48 69 82 72 3 78 49 4 58 57 80 30 51
27 46 84 44 37 85 0 73 82 7 39 19 16 75 93 62 61 2 80 53 56 17 55 72 3 15 4 76 40 1 76 42 40 33 59 60 24 97 81
42 12 82 97 57 88 43 16 96 18 45 60 14 19 14 20 0 61 91 94 9 24 11 50 24 63 38 56 53 53 96 83 84 27 58 60 19 0 64
91 34 91 59 67 35 38 86 31 26 39 32 7 50 84 84 71 37 66 95 51 6 94 80 11 42 28 95 28 36 100 45 31 38 83 61 59 64 65
76 33 59 78 47 54 54 82 65 11 69 74 20 70 96 24 34 82 22 40 71 84 59 12 0 50 56 35 24 24 88 57 69 48 76 76 25 88 10
82 98 89 73 65 86 95 80 8 50 87 75 78 12 37 29 88 39 14 0 100 39 40 0 27 81 45 90 40 72 56 86 75 37 83 43 49 64 1
90 39 45 37 38 30 70 41 16 2 39 46 46 97 43 37 76 30 42 56 65 92 2 83 26 100 57 56 2 49 51 6 81 55 79 16 2 96 94
41 16 88 4 18 84 93 0 96 78 1 22 76 65 82 66 64 91 87 20 81 80 78 94 12 92 49 81 61 43 15 41 70 90 70 99 13 24 96
33 11 82 92 45 99 98 8 55 35 10 3 21 40 76 99 11 0 3 48 14 18 24 16 66 6 74 40 25 81 44 94 99 98 62 12 41 83 1
10 63 99 30 11 60 76 3 29 95 57 45 93 16 100 4 16 8 77 86 88 86 27 100 67 86 85 61 87 99 39 36 44 51 91 22 10 27 95
10 4 84 74 67 5 0 35 77 35 60 85 12 50 89 17 37 100 88 24 14 27 18 4 47 59 37 62 52 69 61 75 73 30 79 83 94 16 52
40 46 95 42 23 100 92 84 13 64 62 46 35 1 55 100 99 56 46 54 30 43 14 16 67 39 1 32 94 89 18 86 77 16 6 65 69 84 32
58 52 85 46 68 56 7 94 45 89 99 13 80 7 69 82 70 100 43 13 47 39 41 10 15 46 88 69 0 49 99 66 67 46 30 55 68 25 27
57 49 74 84 11 64 13 52 23 14 22 94 62 98 14 72 45 73 15 69 20 91 24 69 9 0 7 5 15 66 47 80 65 75 86 78 26 56 47
21 29 73 25 16 55 46 41 61 78 74 27 63 65 83 95 100 54 66 50 62 8 92 43 34 36 95 25 66 93 50 32 39 15 30 9 38 69 26
67 38 70 4 57 74 4 24 52 15 24 18 31 10 22 0 13 11 10 27 90 16 25 61 51 56 61 58 41 100 78 32 29 55 28 49 46 64 99
67 100 86 68 9 69 69 83 39 75 51 73 65 9 37 32 69 58 58 31 82 25 34 66 97 14 87 25 54 38 75 49 14 18 79 91 10 87 3
39 45 43 75 76 63 57 44 78 5 73 73 28 31 90 72 33 84 63 62 64 93 24 21 65 63 12 84 65 47 54 92 85 89 90 57 4 41 87
23 22 34 36 39 39 85 58 44 18 38 91 26 52 39 88 67 31 39 59 41 17 55 59 20 56 46 62 68 10 51 49 5 35 20 78 69 9 1
78 17 0 63 6 13 89 13 5 3 17 35 30 61 78 87 18 37 89 88 26 70 64 77 26 7 34 0 93 93 100 45 82 38 42 57 67 25 86
5 34 4 37 88 25 46 9 19 45 57 20 60 23 13 95 58 98 78 50 43 96 100 46 50 17 55 29 36 12 1 95 51 59 83 0 11 40 97
0 82 76 37 70 86 28 52 33 60 77 1 1 99 46 96 81 98 44 76 67 63 84 57 12 44 76 17 60 63 59 23 8 76 13 94 0 54 22
57 58 23 68 20 78 45 91 50 6 84 50 54 29 4 6 76 16 97 17 24 42 10 5 0 45 54 35 57 86 39 30 66 80 59 14 100 4 3
52 98 94 89 88 79 13 28 100 65 50 48 27 88 13 44 53 60 83 3 29 89 69 77 50 40 59 49 77 98 80 43 27 21 15 72 97 3 64
85 34 40 22 24 20 4 58 20 79 46 91 41 32 82 53 23 39 55 48 71 97 76 38 76 2 76 26 87 70 11 88 37 93 30 82 27 45 83
26 96 75 14 92 65 80 34 54 18 20 66 65 52 9 25 93 56 99 80 21 85 7 52 57 95 58 10 20 69 9 93 19 91 58 76 1 71 50
70 25 90 71 78 2 29 6 16 74 53 29 52 29 16 21 50 66 54 65 31 56 28 94 41 89 1 9 77 90 41 88 75 52 72 18 46 50 53
48 67 4 27 21 8 24 79 2 55 93 39 28 99 53 41 79 15 9 18 28 20 34 16 30 55 63 93 71 80 91 89 71 70 35 21 61 99 5
55 99 79 81 6 24 35 92 18 32 29 44 24 34 0 43 48 50 88 30 58 15 43 99 43 26 100 24 82 17 93 70 14 33 62 58 88 35 84
72 94 74 67 19 41 50 81 80 60 7 94 23 73 91 53 39 4 90 17 67 56 62 96 49 98 26 35 92 83 97 82 10 12 79 98 92 49 92
34 9 64 12 13 80 67 76 17 72 10 34 74 59 14 2 85 82 9 55 99 95 66 75 55 73 46 98 8 100 0 87 74 89 71 11 25 39 64
19 42 97 19 87 67 35 29 29 45 63 23 3 67 87 70 86 33 9 81 91 8 26 78 70 44 76 55 99 2 19 85 90 17 33 100 94 45 37
29 58 25 27 22 2 51 50 34 75 16 43 79 28 79 64 97 21 39 92 39 15 78 31 94 15 7 86 25 37 9 36 75 25 58 10 84 72 23
1 16 100 9 4 44 36 21 64 20 44 98 21 79 49 41 28 73 26 20 99 17 72 83 59 88 37 23 76 29 47 2 42 96 63 41 91 35 58
95 33 100 74 9 66 98 53 79 66 61 72 43 84 78 60 33 23 51 73 82 8 87 37 6 12 87 78 86 82 69 0 97 68 60 28 46 37 64
61 70 64 21 79 87 55 64 34 23 44 98 19 77 40 81 36 25 79 83 54 69 71 66 49 31 28 6 23 95 98 3 0 45 85 19 81 24 46
86 31 8 78 20 17 58 22 30 93 90 27 97 68 82 53 64 48 48 83 58 4 5 84 70 55 1 73 41 2 45 22 7 60 56 100 28 93 66
23 62 96 70 20 29 66 48 68 52 9 68 1 92 13 87 72 29 42 12 1 99 70 43 86 9 94 15 78 23 56 53 93 82 10 12 49 39 48
75 63 71 71 78 2 18 80 38 7 48 78 49 7 69 28 54 70 44 41 76 64 43 82 85 70 73 5 21 91 22 6 81 69 41 83 65 56 10
24 14 100 5 22 12 94 19 4 91 72 35 54 19 16 7 94 92 41 54 63 74 8 19 77 40 82 16 63 52 64 32 100 14 18 18 63 55 21
100 11 86 68 5 96 79 2 29 79 79 26 65 14 47 31 28 6 16 16 91 28 66 11 22 79 18 50 37 4 58 86 17 47 5 61 69 13 10
59 0 64 62 25 21 81 2 86 23 82 36 22 80 51 28 4 15 17 24 2 39 79 68 100 11 33 26 41 99 97 89 66 51 40 12 77 29 35
20 35 87 13 59 69 55 21 19 37 68 15 36 22 72 56 72 65 47 77 9 21 53 64 24 80 61 71 61 10 46 10 83 79 78 71 62 45 91
55 2 3 34 0 9 25 16 74 98 59 61 21 96 7 46 1 61 61 30 55 39 93 9 83 28 78 36 17 30 8 39 26 52 96 13 27 73 61
2 57 96 30 80 96 83 94 98 15 16 26 68 41 14 0 22 47 89 14 65 14 82 86 46 14 49 28 37 6 96 66 21 74 41 90 44 68 13
82 11 6 85 36 68 94 27 14 87 25 33 27 99 79 63 37 91 100 21 29 97 89 73 2 59 60 70 10 40 36 21 33 30 36 91 47 35 12
4 47 86 82 35 71 40 93 24 0 6 71 61 71 26 3 76 17 21 9 98 4 40 64 49 96 14 88 20 40 66 13 61 79 15 82 54 95 31
65 14 60 76 17 43 86 11 53 17 87 48 81 59 45 19 74 61 29 14 49 33 6 65 29 88 2 14 100 21 44 79 53 17 29 28 71 100 10
75 73 6 85 71 16 79 51 24 56 64 24 35 41 75 68 80 0 70 88 30 23 52 4 31 68 88 99 6 42 21 67 23 19 74 10 80 4 39
41 0 1 93 96 96 97 32 96 77 56 65 51 88 75 60 50 74 63 96 82 8 21 81 43 6 77 31 37 75 71 91 75 77 3 19 79 57 9
93 62 87 42 68 50 49 90 65 67 66 67 88 1 5 50 65 34 83 97 33 74 29 76 15 88 15 75 98 20 63 72 57 13 39 82 57 35 96
59 9 93 12 80 100 59 45 95 2 9 66 83 14 55 62 68 39 23 88 81 76 28 60 100 89 76 22 42 17 82 76 12 51 34 64 86 67 78
20 23 11 23 54 84 57 21 20 64 36 28 31 90 4 76 79 60 17 16 25 62 96 21 39 20 13 39 26 37 99 76 83 20 65 16 48 31 2
84 95 64 56 8 77 58 52 13 93 90 37 54 87 47 99 58 42 3 38 46 51 76 86 83 90 44 9 30 82 8 55 11 40 98 35 26 86 9
68 80 46 55 78 47 46 88 79 4 61 35 58 77 70 0 7 42 28 41 31 48 36 59 40 78 74 7 78 69 41 89 3 67 91 21 17 99 49
20 59 26 98 88 45 93 34 97 54 74 1 71 14 56 2 6 13 82 85 10 55 39 61 74 16 13 19 42 57 79 75 64 58 59 55 19 73 37
52 25 52 18 66 2 39 67 92 77 81 3 93 93 31 83 51 69 66 1 7 72 76 29 56 92 93 14 58 60 67 67 17 55 9 7 63 92 14
93 74 9 58 45 70 17 1 61 70 80 92 72 34 76 11 29 71 85 18 88 74 13 19 52 1 99 5 34 48 46 31 99 11 58 93 56 67 18
51 77 96 44 80 62 30 14 44 99 1 3 96 96 30 5 45 37 56 98 93 52 20 52 30 35 55 11 40 49 65 61 33 24 81 97 98 42 3
38 70 22 16 96 54 77 26 42 13 24 51 50 56 27 30 29 65 82 55 100 92 51 56 11 50 16 76 17 52 54 38 52 37 2 43 25 94 57
81 61 0 97 9 89 32 0 89 68 44 35 53 56 76 56 87 44 27 99 0 99 44 53 25 20 30 83 95 58 44 44 52 21 49 35 18 7 68
91 23 41 26 26 7 12 3 30 78 73 75 74 58 15 39 0 84 17 17 54 15 83 39 68 11 37 37 35 1 14 68 8 14 22 7 91 10 76
56 18 20 88 8 65 81 5 19 4 93 74 25 67 23 62 72 99 75 80 86 82 21 51 90 48 89 26 4 5 12 29 72 33 71 67 6 99 80
84 37 93 24 91 52 63 40 17 6 91 65 20 70 69 44 70 49 86 59 50 38 6 7 71 94 50 76 99 52 63 71 13 45 61 17 16 88 59
40 3 48 2 32 2 64 87 46 92 72 24 28 95 11 77 85 53 10 68 9 68 37 95 95 93 13 93 65 14 72 89 64 5 47 43 8 98 22
95 68 51 32 29 50 67 37 63 56 22 30 27 47 66 54 45 72 48 44 58 28 69 55 85 91 24 95 45 64 36 88 52 55 50 49 32 13 87
88 54 2 69 13 34 75 8 8 76 44 84 72 50 82 26 19 97 35 83 67 23 84 95 78 40 43 13 48 82 84 73 98 98 69 99 5 83 61
98 37 10 98 0 75 92 28 55 70 13 46 65 70 74 78 80 1 2 13 32 52 27 4 5 86 60 35 91 95 65 89 42 73 99 21 1 98 75
58 33 26 3 60 74 49 47 78 21 34 85 30 8 92 99 53 60 16 99 21 17 1 24 81 1 61 65 47 6 95 37 15 16 89 99 99 94 20
77 32 15 90 48 80 60 79 76 10 25 44 85 58 23 31 66 59 96 16 32 49 55 77 44 2 79 28 28 15 72 2 58 72 41 45 87 13 49
4 32 94 24 64 88 15 7 84 42 96 34 83 83 61 3 92 37 88 27 4 30 15 35 25 12 34 87 35 52 33 18 62 47 42 32 74 36 71
69 89 56 44 44 89 83 82 7 6 12 62 60 88 95 83 38 32 26 87 46 92 79 21 54 46 84 5 7 57 26 17 67 90 60 37 60 88 13
86 55 70 26 46 42 38 67 12 0 81 23 6 38 83 16 24 89 49 72 88 57 42 65 65 56 23 63 25 86 70 34 73 63 54 55 48 94 77
48 25 83 22 20 91 40 58 45 84 0 60 52 97 94 66 58 9 62 3 54 48 48 100 17 6 43 55 92 43 84 26 1 22 62 96 4 43 73
0 14 32 33 34 45 36 22 38 68 55 87 55 78 14 33 61 11 79 36 53 38 100 19 38 67 27 90 39 13 86 95 83 57 35 54 88 29 78
63 64 72 3 87 76 35 47 17 70 96 9 80 82 26 83 68 32 71 14 99 10 90 5 23 91 87 53 1 36 47 74 32 23 75 73 44 72 85
62 31 50 13 62 34 7 11 75 59 48 58 44 10 8 79 42 91 59 29 5 44 52 66 26 31 19 38 71 75 80 40 17 19 64 48 100 28 60
63 34 21 56 75 42 79 52 35 67 77 75 68 15 10 58 4 15 65 25 74 81 36 45 36 49 99 20 96 12 21 94 35 39 38 73 74 52 92
41 19 93 32 44 18 81 17 94 69 56 32 63 97 73 90 79 51 41 29 45 41 55 72 88 49 35 16 95 44 51 2 99 4 28 60 15 48 4
62 84 24 29 73 77 47 69 89 11 65 27 39 25 96 82 57 99 34 61 83 60 83 93 5 84 83 39 18 56 99 81 47 95 83 28 91 86 17
45 30 78 1 5 22 35 31 64 82 52 60 75 39 39 68 55 11 69 56 92 49 38 75 49 18 55 95 29 38 33 79 54 52 8 38 3 2 41
95 48 12 31 0 33 11 38 49 51 44 94 92 61 46 18 10 88 44 46 29 68 41 4 30 28 71 65 11 29 69 26 39 70 87 47 88 11 63
50 49 84 16 18 12 98 30 31 60 95 45 38 61 74 82 41 19 73 28 90 54 8 62 20 5 90 80 35 8 92 63 63 24 48 41 31 87 5
0 79 83 57 43 93 27 99 93 76 33 43 35 46 15 11 6 32 27 1 54 0 52 25 36 83 12 36 53 12 85 81 20 0 60 54 47 50 59
48 95 38 32 91 3 10 62 32 56 80 31 3 64 49 97 50 46 78 34 44 24 19 74 80 5 38 81 0 42 96 31 84 6 74 1 20 95 43
53 64 57 90 69 33 58 21 13 93 33 40 31 6 67 8 40 73 69 21 81 40 49 93 12 57 51 11 47 78 40 74 79 1 24 40 19 97 42
20 16 2 4 42 45 3 65 12 30 27 1 17 59 27 67 61 53 66 59 20 94 6 77 12 66 6 62 86 40 17 30 82 65 56 5 58 89 15
65 95 76 54 88 16 17 3 63 48 63 36 79 99 22 19 16 30 7 49 90 25 67 53 76 2 83 48 25 65 90 52 52 98 51 33 30 10 66
59 70 92 64 75 26 94 22 17 93 91 2 73 85 0 79 52 75 70 44 53 80 56 12 94 77 69 38 18 60 78 68 79 24 72 43 50 57 54
28 27 9 80 61 35 49 75 63 90 80 80 35 38 42 59 86 10 13 44 63 51 29 7 77 78 52 47 7 13 43 65 34 61 16 11 26 55 3
84 47 93 27 62 13 18 13 100 52 82 20 11 17 64 1 70 10 28 49 87 97 75 82 92 77 5 11 28 48 68 58 32 34 94 86 44 64 16
56 1 37 90 29 23 85 38 62 13 52 59 58 73 51 62 47 46 89 40 15 80 79 84 56 74 45 19 47 63 68 27 66 96 57 32 81 77 24
79 83 35 3 23 74 4 30 90 46 94 35 13 63 75 78 36 69 62 58 24 48 99 8 42 66 80 50 0 5 52 100 54 62 69 83 90 100 76
56 71 57 32 38 51 64 43 41 78 65 26 55 61 70 86 83 23 32 49 2 3 81 53 69 16 65 22 45 48 53 90 62 78 77 38 10 97 50
56 3 37 42 35 43 86 82 62 100 45 34 23 43 82 28 98 76 14 95 57 45 6 86 89 72 53 87 38 29 36 89 63 100 93 61 65 4 20
63 95 72 13 34 74 46 97 46 69 59 14 72 53 38 14 24 51 30 37 63 6 12 45 57 3 14 37 53 44 69 97 41 65 6 10 78 74 79
72 77 18 73 50 2 40 30 81 87 56 39 97 22 61 46 74 28 27 51 78 83 15 36 8 12 30 66 69 1 92 47 26 26 88 41 49 5 59
20 60 86 29 77 68 58 19 84 94 4 94 23 81 77 7 71 99 69 63 41 88 23 92 90 15 45 95 61 40 59 100 19 66 55 18 41 38 25
37 73 3 17 88 59 87 7 58 16 67 4 40 77 9 46 84 96 43 36 99 70 63 69 0 60 44 98 53 75 93 15 28 65 53 75 88 9 60
87 35 83 64 100 51 46 35 95 12 54 92 18 15 33 44 73 95 2 36 84 73 73 95 10 4 73 52 59 36 24 97 90 96 96 78 44 42 47
67 46 99 68 15 55 92 47 56 37 88 23 90 90 7 13 24 61 54 80 73 27 85 29 91 70 25 14 81 45 67 66 33 97 75 28 59 48 19
73 59 8 0 99 22 48 47 55 83 87 72 76 0 14 30 17 41 8 51 54 54 25 1 20 24 35 72 7 36 75 72 46 59 66 10 6 58 86
64 64 60 96 18 89 60 41 80 64 64 4 50 75 85 69 32 58 19 97 33 9 16 43 23 84 29 62 3 32 89 6 99 74 42 50 100 24 63
95 12 61 96 14 43 7 62 9 17 29 100 61 45 48 82 38 60 76 64 22 98 34 55 5 46 57 44 17 51 81 22 27 42 36 45 80 81 48
46 16 75 96 70 44 20 26 46 39 88 27 58 35 79 4 30 69 99 28 89 2 98 23 14 0 32 78 83 20 63 63 70 58 14 60 67 25 26
29 17 57 32 4 86 95 73 63 71 19 86 55 78 25 29 63 23 44 48 68 95 35 93 82 88 97 33 57 56 68 72 22 2 23 8 8 65 28
35 65 51 64 78 46 34 85 50 22 1 0 87 93 41 60 93 42 75 18 31 88 1 23 76 5 84 100 61 46 43 3 45 29 84 66 12 28 44
25 78 45 90 48 1 98 85 63 18 10 4 0 42 12 73 5 46 29 15 13 71 43 20 84 31 82 23 95 50 10 75 98 65 30 30 86 88 2
63 57 50 11 17 42 87 48 99 20 19 17 48 23 99 79 96 34 34 47 97 21 72 40 43 6 66 81 94 93 81 47 84 70 37 5 44 0 8
58 67 43 39 25 44 60 12 89 100 84 38 72 54 38 5 20 44 19 75 93 38 96 53 97 84 57 60 51 13 47 52 26 36 50 99 32 25 16
82 98 46 43 1 82 23 86 23 6 63 27 44 64 20 0 66 88 26 92 77 31 21 80 86 95 71 44 46 27 42 92 51 83 88 95 66 78 69
0 52 57 38 58 56 32 24 54 29 5 49 55 19 55 73 75 7 78 61 73 86 16 65 48 41 12 65 38 58 83 96 11 71 5 42 43 11 61
20 26 5 52 54 44 80 73 9 93 27 98 75 47 79 21 73 17 17 49 75 16 19 72 67 8 33 50 76 88 86 5 75 98 76 82 86 17 65
67 73 6 39 46 75 75 64 96 65 92 82 61 49 42 77 96 2 25 53 40 49 80 35 52 97 8 66 51 83 43 89 31 67 71 85 16 34 76
65 34 96 14 47 55 75 6 90 26 2 42 47 49 86 71 61 90 40 30 93 49 90 87 58 5 5 3 62 84 29 35 75 95 17 89 95 32 1
45 62 32 4 77 12 58 57 64 50 38 91 85 68 37 17 89 55 12 71 69 4 78 72 77 32 99 11 54 50 33 24 71 63 24 9 60 54 72
78 41 81 0 14 60 92 87 59 71 12 61 59 4 24 11 91 93 60 24 79 22 2 70 51 81 7 10 72 2 4 22 84 87 79 43 72 80 61
80 67 80 61 0 63 38 78 27 87 10 8 75 9 74 100 73 83 35 76 81 13 59 17 40 49 56 63 39 67 32 82 25 35 60 28 33 79 75
27 90 19 58 62 86 52 60 24 71 80 87 4 13 17 87 87 68 43 52 93 55 83 15 41 28 34 44 67 69 69 13 64 63 8 29 48 37 40
19 59 0 4 74 77 58 54 59 29 64 82 4 11 55 98 59 3 72 15 57 58 31 99 25 9 43 5 26 70 24 26 43 70 81 94 62 98 39
52 74 34 63 22 63 77 62 39 38 62 77 41 98 62 84 95 43 86 51 56 93 16 83 84 95 6 39 82 56 73 8 48 20 73 66 4 20 73
63 60 52 18 24 4 40 65 78 75 49 27 57 80 73 9 30 96 88 64 60 53 66 14 5 11 57 94 11 77 70 84 71 76 75 39 98 13 99
94 34 46 86 35 35 97 65 67 61 69 24 86 65 99 87 100 19 35 68 84 37 97 34 91 98 94 10 7 91 0 97 88 92 45 0 96 51 10
61 39 36 6 79 70 80 75 52 59 8 36 80 55 3 79 32 11 33 92 12 21 7 25 87 7 31 58 66 84 42 84 22 13 1 89 95 17 40
99 72 22 82 64 45 74 83 35 14 58 70 39 24 13 52 97 75 78 52 98 36 17 63 67 58 89 76 91 22 25 18 88 93 93 39 1 82 25
76 85 54 25 43 87 95 74 80 64 19 75 79 96 81 76 5 87 97 47 28 80 91 6 81 92 48 70 77 0 52 68 15 65 59 62 83 91 0
94 92 92 10 85 57 45 33 46 99 29 22 91 93 16 12 54 39 60 10 67 86 79 72 79 8 76 5 61 56 93 97 80 44 66 52 78 18 61
30 48 57 8 40 63 99 10 66 4 85 71 28 3 78 35 86 4 59 83 5 5 96 11 79 29 98 43 24 27 78 78 3 94 54 14 16 3 48
27 6 24 31 45 23 35 99 30 54 3 76 98 28 90 35 39 45 98 79 11 55 48 73 58 53 56 45 63 4 99 31 42 14 96 16 80 50 79
14 59 68 52 14 77 83 21 19 34 70 8 93 35 42 93 63 68 1 82 12 37 88 43 79 89 90 17 76 39 7 4 39 58 86 56 42 89 47
24 54 72 66 35 10 37 33 91 84 39 75 25 31 29 14 12 71 72 47 50 17 11 10 13 17 8 79 53 90 60 29 94 52 64 14 87 70 70
81 0 87 1 42 42 67 7 95 53 4 66 62 87 60 51 50 100 84 62 60 41 68 84 92 26 22 7 11 78 38 51 61 57 24 76 51 44 43
36 82 98 43 84 98 7 72 56 70 34 21 2 60 26 67 76 74 70 17 38 52 8 61 46 76 69 20 49 51 22 65 45 45 70 67 33 53 69
65 5 54 80 73 42 73 42 17 7 57 26 2 95 25 24 24 50 96 40 91 75 17 99 90 61 52 87 30 34 7 72 75 37 91 55 24 3 1
16 21 35 85 88 75 97 52 15 100 67 64 37 17 10 46 60 39 22 20 73 55 57 51 36 47 73 84 100 60 32 81 39 60 48 36 68 40 84
40 88 91 57 19 66 100 88 12 52 38 52 45 49 98 45 43 77 30 22 0 76 94 46 1 7 69 11 66 100 95 28 38 76 18 36 91 49 77
47 44 91 89 73 0 33 17 61 83 11 76 68 47 31 29 67 10 80 18 24 98 65 94 52 15 91 84 18 33 51 51 43 97 33 93 43 73 39
79 92 36 70 13 30 78 12 34 6 66 7 44 25 32 39 9 47 89 86 44 6 94 15 95 18 29 8 93 19 49 79 5 61 99 45 17 33 98
78 56 17 78 44 98 15 89 31 16 6 9 95 92 19 19 49 56 56 20 75 65 9 21 14 80 74 25 45 9 64 34 29 56 81 39 37 95 7
5 63 31 75 91 19 50 17 63 51 35 26 22 74 53 100 18 46 48 84 17 40 13 26 54 66 100 86 23 60 27 19 51 39 25 36 94 67 96
99 63 25 61 12 8 69 17 16 98 3 15 79 55 91 73 94 93 10 82 92 51 31 59 58 73 13 68 4 31 55 21 10 85 94 25 47 20 30
90 68 72 99 0 10 53 90 0 26 40 87 59 49 78 13 8 90 34 22 87 46 91 60 65 45 29 100 74 58 66 19 53 36 18 87 37 17 1
66 51 84 42 43 91 3 47 86 10 2 73 65 27 59 78 68 83 72 98 1 43 90 31 3 55 46 25 24 29 39 82 97 30 82 22 56 48 11
20 7 34 62 11 12 80 71 29 48 9 37 88 41 68 30 4 84 2 96 43 58 68 74 66 21 7 86 95 11 25 21 60 8 92 3 16 95 80
24 15 12 10 12 55 63 84 91 77 9 81 25 58 75 98 0 10 22 12 25 20 56 16 41 75 8 78 58 79 32 51 93 73 36 85 84 14 14
48 79 76 10 43 12 62 29 36 52 48 82 15 82 84 73 57 97 46 33 56 64 79 1 17 35 33 100 38 0 15 79 55 6 36 15 72 77 50
12 41 6 94 8 36 1 94 92 15 12 100 65 34 16 20 30 82 44 62 86 81 61 95 72 28 58 85 94 49 32 21 60 19 96 98 80 19 90
61 62 71 33 4 65 59 70 4 15 2 4 13 76 67 12 56 100 75 34 96 24 24 78 42 40 97 25 2 98 87 19 45 79 48 43 82 64 91
69 5 89 14 47 28 78 94 98 21 51 77 90 81 89 17 99 2 29 28 12 28 58 26 44 27 89 35 91 86 61 13 29 37 85 52 59 80 5
3 39 22 64 98 94 1 55 42 23 50 51 84 52 38 75 27 91 31 21 53 5 6 70 19 95 8 19 71 14 49 74 77 84 64 28 5 55 76
11 55 56 48 29 16 97 44 89 5 39 22 70 13 2 56 15 40 59 48 22 99 80 26 22 45 14 15 39 54 1 65 91 75 32 59 4 5 17
82 36 50 25 22 84 86 71 90 55 42 5 36 47 100 80 44 52 20 75 29 97 78 99 26 20 37 25 60 44 86 48 43 50 22 82 83 12 93
29 89 98 27 26 58 25 61 17 79 45 22 96 0 80 54 18 6 7 31 94 9 1 9 43 45 99 77 25 51 18 78 23 93 53 94 3 4 34
56 72 8 74 98 62 22 20 95 87 56 17 76 41 68 76 4 33 91 77 1 51 100 98 19 56 96 1 88 63 11 23 26 86 19 57 20 9 22
12 75 35 79 96 88 96 9 82 87 44 23 11 71 51 3 13 51 77 86 88 62 46 19 33 50 65 43 78 70 12 4 75 61 95 75 89 81 23
60 97 42 58 75 82 42 99 39 58 69 77 90 43 16 84 25 87 89 100 17 67 66 35 13 18 30 36 90 54 59 61 33 88 33 10 7 11 22
48 61 27 1 32 70 58 83 3 61 97 67 85 50 39 62 70 56 31 2 95 50 56 47 4 77 67 29 82 1 98 26 94 67 65 70 44 68 6
8 77 85 48 14 2 55 15 71 60 14 75 25 64 59 42 35 0 19 49 10 30 50 76 81 62 25 44 80 9 58 62 71 27 55 77 60 75 83
57 51 52 74 80 55 34 44 57 17 1 14 84 7 95 30 47 26 12 100 68 74 55 30 94 22 93 38 3 86 15 54 62 81 50 55 47 54 93
87 83 72 7 53 45 0 6 73 16 60 46 76 62 45 60 34 56 30 56 83 9 33 24 66 22 88 23 4 74 90 65 31 50 68 67 97 1 21
15 57 14 89 21 44 51 43 76 27 22 38 15 76 50 86 84 65 56 14 70 85 76 92 64 10 8 57 78 19 4 29 41 41 26 74 65 40 24
11 4 43 50 36 82 66 77 14 94 11 96 65 97 78 50 34 72 50 74 44 31 12 34 18 99 89 84 64 35 96 70 24 99 2 56 85 79 1
99 64 41 26 78 29 61 63 98 99 68 14 52 37 87 100 28 76 74 59 42 37 51 97 23 39 43 89 18 18 7 21 71 40 82 33 85 51 56
76 35 8 90 65 93 98 10 45 81 83 94 28 57 13 81 73 59 92 63 34 31 23 32 42 72 29 19 44 67 61 25 7 12 89 46 25 48 55
6 31 14 3 6 27 86 13 95 13 27 54 95 98 29 46 24 78 29 56 17 98 93 38 38 11 22 11 31 34 25 44 38 92 85 35 28 84 59
91 17 30 82 64 2 32 26 72 10 32 54 30 19 62 23 77 70 27 6 3 38 78 4 84 40 13 84 28 73 91 32 100 89 38 9 63 19 31
22 77 92 7 30 2 58 65 28 15 79 25 97 27 14 48 23 91 80 100 32 58 45 49 70 35 17 12 59 41 10 51 29 74 32 90 77 13 69
65 3 28 88 14 92 46 43 73 14 93 56 23 26 80 42 52 69 49 93 20 78 45 1 6 6 60 86 11 74 26 13 93 9 12 59 87 48 20
5 75 82 73 23 45 32 63 22 84 8 61 66 3 96 0 98 66 44 0 34 43 24 86 76 43 15 22 38 72 67 51 54 62 68 63 47 0 45
1 26 69 25 32 64 68 35 25 75 47 63 6 68 1 63 77 14 73 60 94 27 47 36 36 20 52 53 78 100 36 80 19 89 35 100 95 92 73
99 77 20 96 28 87 61 13 3 14 94 37 68 56 83 51 72 36 82 9 20 7 38 32 25 61 18 17 100 46 45 1 60 79 89 48 81 44 97
69 4 58 53 63 100 18 56 43 30 62 96 83 83 38 13 23 32 97 42 22 30 60 47 96 46 92 50 65 7 35 53 48 21 87 23 57 65 20
81 8 14 61 74 0 99 8 13 69 91 8 62 36 60 21 90 39 14 78 62 62 90 55 57 71 6 76 9 28 100 8 33 26 43 51 28 36 72
85 54 60 4 65 61 70 48 2 14 76 99 23 61 82 86 25 5 28 13 75 59 66 43 0 45 66 22 51 94 2 78 78 73 73 15 56 23 1
29 50 6 13 86 3 96 57 80 99 38 36 54 78 89 8 66 32 89 72 100 76 85 70 40 49 55 63 62 14 6 68 50 7 87 46 21 17 1
71 30 76 20 17 49 10 63 54 55 4 82 17 65 48 71 78 53 71 55 82 20 10 3 76 32 68 85 83 49 80 97 37 80 32 55 40 9 47
19 1 63 1 77 76 72 95 97 90 54 100 60 4 30 23 72 0 52 2 95 13 96 54 94 82 8 32 36 44 93 100 65 99 79 17 67 77 47
40 77 1 15 43 69 33 61 9 52 24 48 68 91 49 60 48 49 40 49 55 26 70 91 38 29 13 30 88 69 24 70 84 67 84 5 62 60 57
30 19 88 14 72 40 32 19 57 97 5 45 51 20 12 54 49 2 22 30 99 86 54 93 60 24 30 29 4 26 50 64 56 55 79 18 22 53 38
11 96 47 36 95 87 9 94 53 5 62 39 31 18 83 15 6 0 26 33 48 50 94 12 4 26 82 66 51 32 1 18 12 17 62 16 21 31 74
88 15 49 9 37 22 51 88 33 44 8 75 84 1 61 49 56 84 19 40 20 90 98 12 47 49 17 22 63 67 46 90 61 77 87 94 83 12 80
73 38 21 19 92 81 94 48 50 21 90 20 36 55 46 45 80 59 83 19 99 99 99 86 99 93 87 38 7 92 69 95 50 48 46 74 49 93 19
90 96 32 47 94 92 79 56 53 22 36 100 78 14 40 14 55 98 64 72 87 52 66 75 44 66 7 94 44 0 98 67 72 39 98 95 94 94 80
90 2 0 68 99 85 95 23 9 39 26 68 30 67 32 9 92 81 24 75 82 89 98 78 98 100 90 3 75 54 11 79 51 60 76 17 8 24 20
60 30 49 53 61 96 70 65 36 70 86 51 25 45 19 91 85 5 88 33 27 77 87 44 1 95 28 32 75 14 35 11 92 14 73 57 17 97 83
98 25 49 26 51 10 54 0 42 32 47 66 27 39 96 55 45 55 54 81 43 72 6 23 10 96 47 65 8 47 35 93 16 92 55 1 22 90 62
45 71 48 80 59 18 12 60 2 22 64 68 6 30 59 30 74 22 61 38 94 64 49 8 86 46 11 13 86 40 60 86 12 82 8 94 8 19 0
31 16 65 23 77 16 32 79 56 33 70 80 26 66 63 37 93 56 8 96 28 35 58 35 45 81 77 38 15 70 19 29 73 17 76 55 51 75 52
7 9 54 15 77 9 35 76 15 86 18 24 42 100 68 59 14 53 21 8 61 13 12 97 13 32 12 27 23 18 46 71 93 26 84 43 67 12 74
20 25 48 43 67 11 85 88 39 85 87 17 58 93 98 21 99 13 66 100 37 30 55 84 76 63 8 92 95 30 70 54 18 23 30 52 72 16 84
26 59 7 88 71 52 33 30 79 5 30 12 3 6 32 56 17 17 28 96 93 56 54 97 70 83 33 51 1 24 35 4 66 21 34 30 32 96 91
60 46 20 39 86 45 98 41 13 6 82 34 45 61 79 49 44 54 76 49 76 25 18 30 62 76 26 23 83 12 74 7 4 51 40 17 40 23 81
63 62 26 91 81 3 88 77 53 17 66 81 92 74 62 96 9 95 65 70 79 29 41 78 16 16 27 95 15 84 7 41 23 70 21 71 83 53 30
45 37 92 51 34 10 38 4 69 46 22 84 27 48 91 86 53 15 63 32 25 26 94 14 10 19 59 1 7 80 62 49 24 23 65 7 14 5 92
0 6 77 89 2 53 11 42 90 31 45 53 97 19 49 6 83 33 24 39 27 87 10 13 49 49 37 76 87 9 89 93 90 98 22 88 58 12 21
15 88 77 59 72 52 58 55 64 7 30 64 10 52 83 93 25 56 90 74 22 28 47 74 23 35 53 10 95 66 69 11 49 99 1 44 1 10 15
93 86 67 20 85 77 48 34 18 71 20 25 65 46 46 94 94 87 92 3 78 94 97 31 74 99 45 22 15 64 58 69 4 24 5 85 28 10 23
49 97 95 27 40 66 80 90 59 44 79 29 75 47 15 3 94 62 20 22 89 7 89 24 25 79 35 70 70 11 89 78 68 100 96 39 79 69 54
98 77 97 76 12 33 42 42 27 28 43 5 74 68 68 67 20 47 5 79 51 14 34 62 32 29 10 45 48 64 71 68 30 21 63 93 95 19 59
2 41 81 56 34 84 14 68 54 58 46 58 79 78 25 80 54 86 48 86 16 21 50 58 5 52 58 3 77 45 60 100 95 92 62 4 95 95 51
79 21 19 4 9 71 20 11 6 2 23 8 34 68 26 54 83 8 28 45 56 45 76 45 61 60 11 86 75 56 44 58 71 84 84 35 6 21 66
99 0 75 29 40 9 53 15 41 59 47 100 100 12 2 44 86 10 14 31 29 10 58 40 76 14 37 40 14 17 39 25 18 11 32 78 100 44 82
38 59 60 82 96 35 71 61 54 71 50 5 4 58 19 81 40 59 69 88 40 46 88 52 81 64 37 67 70 24 20 42 79 6 71 96 29 2 0
0 88 99 81 65 43 97 89 47 74 60 8 13 96 11 11 9 95 35 38 21 39 6 91 37 46 70 76 58 17 32 15 48 49 80 24 66 70 88
71 38 80 10 24 93 1 48 51 37 51 38 57 41 12 96 82 58 68 33 37 16 64 100 20 74 38 5 70 22 11 29 85 85 82 72 3 29 73
53 2 96 83 26 95 69 27 53 8 51 3 42 44 87 97 89 1 48 53 23 53 55 16 43 67 18 96 24 75 37 8 85 85 0 52 79 22 30
11 34 88 84 97 99 82 60 75 53 0 42 16 34 66 53 7 23 90 66 33 59 92 70 62 17 82 16 29 5 71 2 64 15 32 20 3 78 6
69 89 85 79 26 54 91 2 44 9 43 49 16 13 8 24 84 54 62 52 100 80 40 78 29 12 55 85 97 37 7 12 59 74 76 18 27 98 6
77 13 62 60 26 35 36 27 35 5 0 89 85 65 32 83 27 92 51 11 48 62 75 90 41 10 53 76 24 9 67 32 37 85 32 9 87 25 9
0 12 75 53 66 21 67 8 66 48 36 56 51 84 74 69 73 20 46 12 14 68 37 86 18 46 93 60 6 70 32 19 83 71 57 79 79 79 60
91 20 89 15 37 35 56 44 0 14 37 49 90 22 32 4 62 77 87 89 31 86 9 82 28 55 25 75 46 74 3 86 46 61 50 28 88 82 24
83 41 50 56 11 68 4 72 84 11 63 3 74 75 70 43 20 27 59 19 16 32 58 5 79 36 73 75 29 9 95 90 33 41 67 74 38 51 44
79 10 4 73 29 10 43 13 43 35 47 7 35 64 82 91 42 56 69 79 77 30 61 29 11 56 96 37 67 76 46 39 7 2 77 42 14 9 2
77 54 10 42 53 80 25 29 22 57 52 75 83 9 96 80 5 63 62 93 96 71 25 15 9 100 5 20 39 24 33 15 7 33 42 7 6 96 100
86 43 53 50 59 20 68 88 3 14 50 19 49 15 31 4 62 21 77 0 44 45 38 80 24 5 16 34 17 75 45 7 51 61 88 15 58 90 35
38 74 7 77 70 87 74 21 26 75 46 95 64 68 31 67 2 76 92 87 21 84 67 81 76 79 69 31 14 42 60 51 4 3 68 2 95 78 27
67 53 0 18 35 74 36 19 21 97 33 50 31 21 92 21 41 45 49 37 4 14 9 30 51 85 17 5 45 42 12 57 75 52 5 70 3 56 24
57 89 76 26 58 38 92 74 19 44 19 73 19 83 78 46 23 58 20 4 65 74 63 32 8 39 71 3 20 16 60 82 38 28 6 12 34 54 84
15 12 28 92 47 27 76 29 83 18 20 35 65 39 5 97 36 79 51 12 94 98 1 71 42 62 22 86 76 37 3 49 10 68 78 82 35 7 3
76 9 68 98 1 29 41 39 6 56 57 89 84 80 68 38 99 97 51 34 90 22 93 13 96 58 21 59 95 48 70 62 78 46 89 94 76 90 33
13 19 82 16 50 66 52 38 99 44 77 87 87 6 69 32 6 40 71 52 66 43 73 10 50 21 15 100 84 71 89 91 11 32 68 88 39 8 24
56 49 38 52 49 44 38 35 89 73 41 88 19 47 11 70 100 26 41 3 99 76 51 32 86 23 23 36 15 28 24 71 48 1 6 21 14 28 13
96 15 45 40 91 48 91 19 34 14 63 40 77 24 28 54 38 83 57 52 28 92 32 1 97 28 4 48 49 8 59 0 66 91 60 85 35 79 48
44 85 59 99 91 17 61 23 89 3 17 19 3 59 91 55 27 91 1 16 77 67 63 10 38 98 14 57 49 57 61 77 23 72 74 60 88 82 7
94 33 3 77 43 24 15 35 13 32 73 37 66 40 62 77 4 84 74 3 81 57 92 52 76 28 9 14 87 14 2 48 11 9 60 52 18 62 52
25 96 3 11 27 66 40 36 69 2 45 49 1 87 11 100 20 50 50 24 15 13 15 96 9 87 100 22 23 8 10 54 64 43 98 76 9 100 24
83 84 34 51 33 60 64 82 18 14 46 13 38 56 12 46 100 59 28 12 19 33 45 49 1 75 64 54 6 60 34 44 39 5 100 92 9 75 91
71 26 24 47 89 70 7 3 67 10 12 26 18 4 87 65 97 36 2 73 96 5 75 65 95 12 17 29 11 4 1 7 89 76 100 73 86 84 95
69 73 55 35 52 71 89 53 52 100 72 43 85 83 74 68 2 94 54 64 48 53 37 51 51 53 51 60 40 84 78 56 37 77 25 0 26 22 96
66 19 68 84 83 47 12 75 47 96 2 45 23 18 3 61 32 68 10 75 40 99 55 35 15 52 56 13 2 39 30 61 36 100 14 28 68 34 96
90 77 43 93 72 70 64 8 6 48 52 2 93 32 84 66 79 96 64 21 17 62 20 19 80 98 57 62 90 58 16 39 4 35 31 91 7 57 28
2 60 2 1 82 80 34 18 79 26 31 20 10 39 79 79 71 56 9 84 15 69 56 98 5 37 85 45 3 25 28 62 3 35 42 44 35 93 37
73 39 13 41 56 32 13 13 47 78 93 13 85 46 68 41 96 81 64 89 20 72 27 14 2 87 63 18 92 73 59 100 78 60 90 29 63 17 97
84 82 13 49 82 17 87 3 71 8 52 45 8 9 79 69 33 61 69 2 31 27 97 22 30 40 30 26 62 17 51 19 78 87 71 90 65 59 38
78 36 22 4 79 40 86 56 18 42 34 57 38 68 26 50 44 8 20 68 69 27 41 86 78 60 87 86 64 4 73 97 69 72 79 100 68 9 100
80 32 57 68 39 52 30 23 1 22 76 24 2 35 79 43 18 49 35 26 97 56 53 70 62 54 35 41 5 54 72 22 81 29 65 16 32 10 72
11 65 97 75 48 62 93 56 34 77 49 45 30 71 65 77 50 10 54 95 54 63 62 98 13 75 90 17 16 12 85 90 9 55 68 65 42 80 77
71 55 98 43 3 53 29 0 96 94 25 10 5 90 97 57 39 43 78 47 78 5 96 22 52 67 94 12 54 32 14 80 11 35 47 17 45 27 77
89 81 29 68 81 17 59 35 8 27 35 28 15 17 71 3 72 96 33 62 71 88 74 86 37 29 49 54 88 24 7 61 9 82 73 72 12 2 84
38 2 13 39 13 7 24 95 30 3 10 56 74 30 71 7 98 78 17 91 35 76 92 88 51 38 33 82 36 54 67 88 13 97 25 38 31 53 43
11 60 58 38 31 26 27 76 100 71 65 26 41 31 22 69 48 30 34 77 1 31 80 7 13 20 74 77 77 30 57 2 72 58 40 37 79 17 84
55 49 71 88 48 74 29 38 47 81 13 35 20 56 18 89 8 53 83 33 22 69 66 32 14 70 89 55 21 28 15 71 73 8 41 18 50 6 56
81 36 63 64 10 32 15 28 54 41 85 94 94 16 100 87 59 36 40 40 90 6 56 71 7 14 42 68 94 5 100 43 16 86 75 83 23 23 58
36 57 23 77 36 24 58 42 63 88 30 14 0 57 19 43 5 0 65 96 87 100 32 23 27 30 20 76 74 38 95 22 0 81 67 22 31 36 29
75 76 29 72 52 53 61 74 37 62 36 88 69 48 97 86 56 30 42 29 12 59 100 58 40 55 78 55 13 77 48 1 9 83 79 49 26 72 100
42 57 60 14 0 63 34 79 87 98 29 84 78 37 87 69 57 20 68 57 3 65 82 14 48 96 77 4 27 84 80 31 50 68 24 85 86 35 77
22 10 72 35 81 76 85 96 66 58 24 19 29 16 46 22 11 25 90 9 37 20 47 38 57 8 5 10 73 88 64 77 1 66 47 89 41 67 46
34 78 97 44 99 41 16 12 66 96 23 58 13 9 47 77 89 53 4 63 30 42 71 58 87 30 8 6 54 64 60 53 79 18 88 81 18 35 45
82 22 92 68 60 82 51 4 48 11 37 8 3 85 31 86 1 20 33 57 79 20 91 34 94 51 0 5 100 28 96 65 29 60 31 5 5 3 78
81 21 53 15 96 64 79 77 11 15 51 17 91 96 37 12 51 77 65 17 29 58 50 29 18 87 10 90 46 41 65 54 52 10 39 4 98 86 53
30 14 84 20 11 58 24 56 36 43 28 27 37 9 70 75 70 8 84 30 43 82 77 97 96 6 12 1 78 3 22 92 69 82 1 14 26 5 33
8 15 53 49 69 99 52 68 3 40 69 64 67 62 17 87 45 1 38 72 71 95 77 96 89 45 96 21 10 85 79 12 26 36 18 19 42 91 3
95 92 13 3 46 42 80 52 52 95 36 11 94 76 95 58 73 65 19 60 25 58 43 42 20 46 83 6 93 87 26 2 8 32 11 49 30 31 18
34 21 69 56 79 99 88 18 81 25 38 62 8 54 82 7 31 23 13 52 36 81 63 80 97 38 66 11 27 32 55 93 10 36 75 94 9 11 38
85 94 26 65 0 37 87 76 45 65 20 87 88 9 83 95 84 66 44 66 21 20 88 22 76 55 72 8 45 39 6 6 49 11 79 17 52 32 9
76 37 15 21 79 49 12 44 14 68 77 54 29 96 21 56 74 74 88 58 8 44 17 40 68 70 72 67 82 67 49 56 15 81 58 15 43 92 82
37 19 64 89 56 16 71 3 93 15 3 91 77 41 8 26 35 88 63 34 47 55 69 49 18 23 25 100 83 74 69 63 18 42 41 33 30 24 66
86 35 3 48 60 15 46 11 51 2 30 84 71 9 64 62 44 96 43 48 22 39 5 14 82 81 55 18 14 82 39 10 49 64 85 9 57 74 12
45 38 66 33 59 43 20 70 75 17 37 43 8 75 41 95 54 100 34 20 100 71 2 3 36 31 19 13 17 57 88 19 13 31 38 7 75 69 70
84 96 8 79 27 7 99 44 90 66 25 54 48 100 100 16 18 7 42 40 58 41 80 38 7 65 4 55 7 91 22 96 8 23 97 21 17 25 28
49 83 24 32 12 49 70 68 25 67 98 61 5 95 89 66 72 80 37 97 79 15 13 35 1 67 60 53 75 29 30 23 36 66 91 1 75 79 50
78 65 39 88 99 10 42 65 10 31 23 77 35 100 99 99 79 42 29 100 34 58 24 42 6 32 97 10 84 86 6 41 11 41 40 4 33 43 50
48 57 77 71 16 58 66 10 92 28 84 81 96 48 85 97 67 65 83 67 5 99 11 21 46 63 87 17 85 18 15 92 5 100 18 98 0 59 30
49 30 15 13 86 81 6 62 90 87 14 38 72 89 27 46 96 61 96 81 79 56 80 46 78 66 19 12 74 73 56 16 19 0 95 20 69 14 76
48 24 25 17 77 67 64 100 13 45 76 20 77 92 53 80 86 39 39 35 77 84 24 45 73 71 64 46 49 60 43 81 47 28 62 43 7 79 52
55 55 62 69 99 98 95 93 57 57 75 75 37 11 34 78 37 45 96 13 24 0 26 7 96 91 6 37 35 38 5 99 41 68 77 46 100 94 59
3 60 93 16 0 54 68 70 60 79 0 89 9 98 93 91 84 30 17 33 56 70 100 9 13 90 49 13 76 87 2 92 24 41 37 85 23 9 55
24 11 68 91 35 39 1 96 30 26 52 16 15 68 74 6 53 86 36 52 13 2 28 36 93 100 82 22 31 19 47 58 19 15 22 50 78 19 35
10 99 97 33 22 84 20 30 73 30 45 35 1 83 29 0 73 78 31 80 88 84 97 84 22 40 95 93 45 64 2 57 3 19 52 37 8 69 10
25 62 43 94 85 86 62 99 19 0 24 12 89 64 51 38 56 98 30 95 83 83 41 57 5 36 28 45 25 0 40 23 27 63 40 35 37 81 79
35 70 16 93 44 87 96 46 14 19 62 0 32 24 18 80 62 94 5 35 88 53 95 84 31 51 91 96 85 62 9 44 80 39 24 68 87 77 90
56 73 23 71 88 87 36 87 92 52 47 33 94 57 82 95 79 8 99 65 35 9 78 61 27 60 36 2 40 94 9 23 11 57 95 29 57 11 78
99 57 39 32 6 95 10 43 34 73 40 40 98 2 29 93 40 88 39 95 50 70 34 41 8 98 49 17 70 9 59 12 16 1 65 39 11 53 36
55 90 47 17 10 36 96 21 38 2 61 84 5 75 16 48 5 62 84 75 65 39 7 63 45 93 68 69 76 28 40 20 38 62 87 90 0 40 85
96 90 43 88 14 58 85 57 88 79 6 14 97 98 69 43 88 24 25 20 97 76 51 42 59 69 38 4 100 70 94 15 97 60 49 40 59 50 25
66 86 12 82 9 46 45 99 22 10 8 47 93 25 95 17 73 42 2 55 86 74 7 17 55 28 60 31 15 83 45 87 22 57 68 31 30 8 89
37 16 69 67 0 53 56 8 10 3 78 43 46 10 12 70 95 42 45 96 95 38 77 82 29 60 13 66 59 53 0 39 99 45 51 31 2 60 37
76 41 5 0 35 78 92 89 22 85 25 19 47 9 61 90 26 2 26 79 33 62 61 21 5 52 34 69 37 70 74 22 17 1 20 60 45 65 48
45 25 98 62 14 54 26 67 18 68 51 5 31 21 17 43 14 54 36 32 49 1 22 10 79 71 5 3 42 31 96 37 2 9 58 56 31 25 72
65 62 12 23 54 97 63 9 93 45 19 49 12 72 98 89 38 27 46 73 64 46 29 37 58 48 33 34 10 21 73 93 46 57 64 59 21 46 70
79 19 64 46 17 46 76 29 74 89 46 59 4 76 60 80 56 88 86 11 39 84 2 27 79 79 45 20 46 26 15 54 70 12 69 19 41 71 29
87 33 57 82 0 74 70 18 83 1 59 85 18 16 56 46 62 97 76 34 85 13 58 45 17 45 30 45 38 38 57 97 20 13 42 72 15 48 48
6 29 69 51 42 4 84 87 90 88 93 58 42 40 22 13 40 64 63 94 31 28 1 91 82 48 60 67 45 77 24 26 2 32 84 1 73 43 82
27 3 58 53 34 17 59 86 61 79 87 86 31 81 27 27 33 44 32 70 0 83 50 37 27 51 62 94 32 99 86 28 30 5 88 86 58 15 21
19 35 61 26 25 34 5 9 21 3 51 59 62 97 71 4 57 51 99 32 43 54 46 95 92 7 57 71 8 92 16 98 20 88 23 70 26 69 26
80 35 16 12 55 17 13 52 39 28 6 3 35 80 25 76 72 89 7 75 27 47 16 67 25 43 2 58 4 8 25 52 81 8 88 56 88 17 10
70 92 42 32 88 11 36 100 10 4 53 0 2 76 88 22 37 14 42 4 75 76 3 5 9 100 78 89 10 11 67 65 56 94 14 40 54 88 93
43 24 87 98 3 61 35 20 92 48 49 31 88 93 81 16 2 53 79 83 90 36 80 45 7 48 86 46 81 98 38 64 62 56 61 24 88 98 47
90 48 66 46 20 10 100 90 18 41 86 1 85 33 0 14 40 52 40 81 77 29 69 0 28 68 35 5 17 54 63 11 15 22 95 50 27 57 2
100 26 45 27 51 28 84 99 27 55 39 49 5 47 18 75 75 36 93 71 91 59 32 63 45 39 7 65 91 51 55 82 73 72 64 13 22 15 54
16 79 49 59 52 51 20 47 98 42 75 27 67 66 88 37 79 17 87 15 8 50 93 75 100 1 45 71 41 30 41 28 35 90 45 13 58 79 55
50 20 45 62 89 24 1 73 58 94 25 63 79 17 15 42 44 99 69 62 50 39 23 20 96 6 22 89 53 47 29 71 31 100 55 6 34 18 93
87 50 98 77 22 40 71 29 38 38 28 20 80 56 93 66 11 60 46 36 32 88 12 83 31 44 67 9 6 74 95 58 54 38 63 11 0 46 96
80 30 47 43 46 62 94 37 3 30 98 60 90 62 76 51 52 32 65 96 17 75 2 63 81 19 87 74 90 41 85 25 17 62 50 78 32 15 74
43 76 69 63 41 63 74 24 15 40 58 49 57 0 14 6 62 62 5 82 40 88 59 41 73 78 54 57 19 82 50 68 55 94 51 62 88 0 79
54 3 91 11 80 47 2 20 91 90 9 19 47 16 92 6 20 14 70 88 70 94 85 68 20 35 77 30 1 90 9 5 31 76 69 32 74 20 90
45 89 99 78 66 94 85 10 16 99 84 58 65 97 30 59 81 6 31 23 85 1 92 99 42 86 32 21 13 47 12 21 71 99 21 56 0 38 81
1 54 28 1 46 72 76 27 68 74 0 80 31 77 25 42 8 14 78 98 5 7 63 27 50 25 12 62 26 71 49 56 67 40 91 50 18 83 72
37 24 55 13 15 90 86 68 37 35 78 77 94 93 56 88 32 60 96 33 24 62 62 63 11 17 41 58 5 34 43 0 52 40 58 1 58 21 16
17 83 28 84 74 23 64 59 40 98 65 22 52 60 72 19 53 10 89 12 89 72 34 75 2 86 16 97 29 8 59 15 3 83 5 46 42 92 30
85 35 18 9 48 96 58 82 68 12 73 46 1 5 78 50 49 10 19 3 84 49 77 10 2 84 97 100 63 0 9 57 16 31 37 51 14 75 31
44 95 57 16 3 100 54 3 99 58 15 20 11 58 76 17 2 97 46 35 93 27 61 63 74 89 73 13 8 28 40 40 43 54 14 27 9 15 14
95 85 99 13 73 7 32 0 80 22 56 23 50 100 58 7 81 78 49 76 8 45 45 89 8 35 17 68 91 44 5 18 32 34 62 48 82 97 73
19 67 2 12 12 58 27 87 38 19 5 44 86 50 91 3 7 9 25 55 48 29 32 32 69 43 96 56 3 12 45 100 8 68 70 94 9 95 60
92 3 21 21 81 61 5 55 32 53 55 11 42 20 88 24 19 30 30 58 45 27 37 41 34 20 87 37 17 45 95 42 64 62 69 97 2 84 98
44 29 31 86 44 91 19 46 95 76 33 68 78 34 14 68 84 60 96 50 37 89 60 3 5 63 96 99 60 99 52 18 5 16 77 60 97 82 95
66 80 86 77 4 34 77 6 1 85 71 92 20 99 14 41 93 31 1 20 79 33 76 27 75 15 61 96 65 73 43 0 25 2 50 60 27 40 57
22 80 84 40 5 86 43 91 85 36 23 51 16 29 51 10 33 10 26 38 93 100 86 3 49 7 71 41 2 78 88 19 64 83 42 80 97 92 41
48 2 94 68 33 79 88 27 91 34 88 28 100 11 67 72 78 13 55 19 12 22 3 70 70 9 6 39 65 59 90 19 68 83 12 22 41 88 79
1 60 8 45 31 56 54 72 42 79 69 85 24 77 28 79 17 20 58 94 26 50 48 33 59 77 87 47 33 38 47 15 83 99 49 73 71 53 40
55 100 9 38 31 46 17 62 20 82 46 55 72 40 75 31 66 87 28 6 5 65 21 84 37 23 96 89 5 17 60 19 21 57 88 37 61 29 37
43 55 5 88 46 14 36 99 3 38 60 39 79 14 98 50 33 43 22 6 45 23 3 75 11 81 46 30 8 23 9 86 62 66 3 19 3 66 17
66 60 38 69 27 54 61 76 19 49 75 91 26 80 92 33 45 58 87 40 38 12 64 35 56 52 67 13 98 15 93 55 40 2 16 63 83 7 71
30 49 62 45 79 95 38 97 52 71 71 94 85 78 29 57 4 55 84 98 99 84 22 29 77 87 46 81 14 16 35 55 10 47 55 28 81 86 42
49 5 63 97 46 41 12 52 87 63 61 50 76 86 67 65 94 65 70 74 99 71 73 85 10 93 58 25 76 86 56 54 36 100 27 52 13 42 2
53 0 93 89 99 72 96 6 84 92 85 84 48 94 3 13 6 30 56 10 62 12 28 74 72 75 48 24 33 35 95 42 8 25 34 40 73 71 41
72 48 31 79 66 36 34 34 62 3 6 96 90 91 83 65 53 77 44 68 66 45 4 0 63 89 97 69 26 30 73 15 90 95 90 27 65 61 25
8 26 86 75 39 86 97 46 13 8 76 71 78 24 48 40 61 79 100 40 30 68 63 4 94 98 43 55 69 28 31 49 80 86 37 53 21 3 85
22 22 36 17 98 43 99 71 10 82 7 77 73 38 41 34 10 41 17 77 53 63 62 23 73 83 95 74 56 16 32 20 34 68 84 92 20 72 73
24 48 42 70 62 35 62 87 98 77 61 57 63 21 82 61 43 44 45 95 35 53 11 80 42 88 19 50 1 70 94 74 35 17 55 47 7 25 52
64 92 40 83 45 53 39 41 68 65 17 66 94 2 18 23 61 14 25 74 3 88 96 60 19 93 50 66 60 38 32 80 25 91 72 38 19 36 66
61 1 47 3 58 12 57 16 14 96 49 22 37 45 26 13 33 40 88 42 39 93 83 0 5 61 79 93 0 37 58 26 65 45 54 100 60 21 8
7 25 6 18 51 40 85 100 72 48 32 22 62 41 1 26 66 34 9 42 81 46 31 2 68 11 70 64 54 7 4 20 89 7 68 51 10 18 50
28 25 43 80 4 21 91 47 94 0 19 97 56 67 24 5 100 67 8 66 5 17 95 28 40 77 79 70 27 68 56 91 77 94 48 80 40 2 20
97 92 22 44 86 52 70 82 36 59 54 48 16 11 88 18 63 99 27 85 57 33 33 51 41 19 8 92 41 10 51 34 4 97 5 94 92 75 54
33 15 54 75 8 23 49 81 47 15 51 92 90 90 87 26 86 44 42 45 36 33 36 63 69 87 81 86 43 87 13 55 74 32 70 62 22 66 55
94 11 54 24 28 49 67 94 89 99 26 73 37 69 50 66 57 96 30 3 57 27 79 23 76 3 80 10 54 42 34 23 22 75 83 48 20 0 57
6 26 52 83 41 81 92 25 20 32 50 20 24 14 87 1 38 93 11 12 55 28 11 90 14 43 12 1 29 81 27 31 51 19 28 59 25 19 52
67 29 64 82 31 65 92 47 94 48 22 57 49 98 60 15 32 79 11 94 7 59 21 48 51 76 40 28 43 68 88 24 3 92 22 91 37 15 86
54 69 31 9 8 50 3 5 45 0 67 98 13 9 67 72 10 4 88 13 96 78 37 31 98 59 90 63 21 67 26 85 23 81 10 25 64 45 20
1 48 68 56 39 44 68 25 85 71 69 63 72 1 96 93 30 30 22 67 69 93 62 99 18 13 58 11 54 17 84 89 56 50 35 85 38 97 55
80 34 97 63 72 38 10 66 25 39 63 76 59 5 26 81 70 86 6 62 73 72 94 23 83 11 36 82 50 19 45 52 48 44 97 11 30 23 71
27 24 87 55 84 3 32 35 69 14 20 80 97 54 94 14 38 30 31 41 24 87 58 65 4 43 73 7 83 40 95 1 60 37 30 16 64 51 29
78 99 67 66 78 16 34 60 91 12 58 6 25 83 91 43 36 58 48 76 91 66 39 82 2 10 41 38 15 65 88 21 7 18 4 6 3 4 60
69 28 67 88 48 76 4 27 50 15 21 91 90 20 43 33 32 6 70 72 82 37 62 80 98 29 100 29 79 6 85 91 35 7 80 61 50 8 53
72 29 28 30 42 99 35 86 45 33 46 74 33 8 34 32 78 14 78 0 8 55 21 34 22 22 68 29 75 74 30 79 68 46 33 41 11 88 34
97 96 79 59 37 30 36 38 88 97 51 6 5 85 1 100 89 6 88 74 71 18 6 28 90 8 37 98 100 44 60 22 79 37 21 34 59 88 9
32 96 83 31 90 100 43 38 13 95 50 83 22 26 32 34 36 45 38 80 83 9 57 10 31 34 32 38 15 27 7 66 13 1 44 33 51 10 30
77 85 50 35 88 61 51 54 97 84 6 3 36 67 30 53 96 79 18 13 66 5 28 4 48 21 22 37 7 10 81 35 32 29 41 4 7 18 97
67 67 68 26 80 30 32 13 0 52 74 85 24 72 28 92 22 89 76 50 21 32 13 33 37 19 13 67 28 92 70 16 47 94 11 62 10 73 44
19 2 0 80 99 50 66 18 42 20 36 70 39 89 60 67 50 48 44 37 23 30 97 64 86 72 3 4 8 17 40 3 89 64 82 52 73 8 78
5 29 35 4 17 45 89 76 26 6 59 48 17 57 74 89 8 69 85 27 83 81 47 70 12 59 71 40 47 25 39 1 60 53 44 55 90 80 76
53 2 25 54 59 11 95 96 83 89 96 17 8 17 4 49 85 76 87 82 32 96 88 41 96 29 88 59 99 2 100 87 42 92 3 100 35 42 31
37 33 5 15 57 8 76 68 6 21 84 96 36 73 72 39 23 12 62 42 48 35 54 55 67 100 36 80 28 83 91 40 34 68 78 77 82 52 71
13 68 66 82 21 45 9 58 82 33 70 8 32 48 19 25 26 56 41 19 89 57 74 59 96 74 60 92 12 33 33 56 88 42 74 11 38 96 80
100 85 19 38 16 6 15 57 84 53 24 18 83 36 61 2 21 7 0 35 78 26 55 29 71 54 47 0 27 21 97 49 95 9 100 41 92 80 21
44 74 48 54 50 15 90 2 43 0 29 83 18 95 42 55 70 41 80 67 36 62 4 26 76 45 44 18 33 25 89 46 87 19 20 54 85 19 19
16 5 76 34 80 14 77 33 41 19 96 70 8 59 32 16 38 24 2 85 30 79 1 40 90 67 47 0 25 25 30 37 4 5 56 89 8 27 38
14 6 52 21 10 49 81 27 57 36 56 23 84 19 37 67 39 27 94 51 92 86 89 91 51 22 23 68 20 46 62 80 58 71 94 73 98 13 90
64 96 35 23 13 5 50 14 65 77 14 8 50 45 5 64 31 100 94 69 68 31 24 69 1 80 94 69 18 91 88 33 56 91 70 58 62 47 18
9 48 58 62 52 44 98 34 33 3 42 9 41 72 46 11 15 99 38 51 13 89 74 18 64 82 29 19 64 76 45 8 19 10 65 50 1 100 87
85 69 15 11 0 93 52 44 89 66 100 71 90 94 49 66 10 23 48 100 83 85 76 64 20 41 25 11 39 17 83 85 95 99 64 91 30 73 66
4 7 34 38 73 65 83 57 29 53 9 9 47 77 37 69 69 99 62 33 69 36 36 13 69 14 99 43 0 72 56 66 87 22 1 75 21 44 52
8 27 23 51 73 34 58 55 63 74 0 15 40 72 72 37 18 10 0 53 82 83 35 92 57 54 90 99 82 12 97 54 12 54 15 89 52 75 11
0 82 100 86 84 45 52 56 65 39 58 22 52 68 5 44 7 92 23 29 56 17 91 24 99 2 27 68 41 24 33 80 64 71 34 18 35 95 43
0 11 61 13 86 40 64 79 79 58 24 22 6 55 56 33 79 54 23 8 30 52 32 71 23 53 74 19 9 17 59 0 86 52 65 72 15 60 32
49 26 2 31 70 62 86 86 100 43 69 70 3 85 44 61 28 97 6 94 7 79 62 34 36 48 92 0 11 91 30 23 55 82 15 58 95 97 97
78 51 85 47 30 18 59 3 60 66 3 77 3 45 10 95 87 64 8 31 6 23 78 42 21 50 84 25 41 27 11 25 22 79 89 74 24 56 81
9 34 74 29 61 53 92 82 74 62 40 91 24 93 96 34 88 8 85 21 59 22 74 20 44 17 26 59 50 87 57 76 16 11 13 60 38 5 21
80 22 1 8 93 60 97 28 84 20 98 4 10 14 45 13 73 24 16 60 87 53 93 34 45 87 98 51 50 33 84 80 59 45 25 31 60 2 4
2 73 86 64 36 5 23 43 36 60 68 13 19 16 75 91 12 82 89 36 64 54 87 10 93 75 7 25 90 78 32 33 32 16 69 38 15 79 55
77 68 49 49 79 34 79 40 66 2 58 81 22 80 39 21 79 2 77 100 11 45 43 49 92 15 64 34 6 50 2 80 62 85 34 100 75 56 63
68 16 20 42 49 49 21 0 14 79 60 43 88 4 89 91 24 25 36 42 65 44 10 34 90 93 85 43 65 4 87 99 30 72 24 98 52 94 60
51 58 42 95 35 18 44 89 19 93 54 99 82 89 26 95 53 99 24 12 63 94 27 14 22 62 40 53 67 62 63 7 67 19 50 12 9 4 55
16 100 83 26 71 49 50 82 41 9 62 94 100 65 45 66 39 96 39 91 9 10 55 41 16 59 35 97 81 86 49 10 88 18 47 54 45 19 85
21 71 21 5 25 73 32 96 89 52 59 19 32 13 3 65 86 35 80 79 70 6 57 73 90 66 98 27 4 53 99 99 16 26 79 57 58 94 98
16 97 98 77 65 0 83 5 69 86 41 58 34 88 91 81 57 49 99 25 41 34 56 96 81 43 4 43 18 10 7 4 61 60 68 99 94 63 96
100 23 77 75 81 71 69 74 3 71 68 46 42 35 53 8 47 46 32 52 17 12 16 78 82 35 46 31 29 36 34 35 83 10 59 40 38 70 62
76 89 88 71 1 18 78 43 36 61 29 47 83 11 68 71 35 26 63 56 7 96 80 0 24 9 100 8 49 42 96 88 59 100 54 43 57 13 54
91 13 94 72 85 55 74 88 8 38 6 12 89 35 12 12 85 48 50 84 19 64 7 47 92 26 81 8 4 9 50 54 92 48 50 89 81 29 28
77 74 48 24 58 26 50 12 31 33 79 48 11 56 77 87 48 25 44 76 32 79 46 33 97 84 93 18 32 86 21 12 40 84 7 92 7 14 2
36 29 36 57 28 59 5 98 46 30 34 11 88 67 38 92 20 70 83 84 92 60 41 94 69 67 17 81 53 71 37 1 77 44 22 17 82 47 60
58 40 64 67 88 56 10 61 38 59 46 35 72 78 38 15 48 40 64 79 62 19 2 64 12 86 4 31 31 16 61 27 88 55 70 39 38 65 78
26 79 84 41 21 77 5 24 57 93 16 11 96 62 62 35 85 35 13 75 1 14 58 66 84 53 92 59 76 67 60 18 47 55 53 76 33 5 89
82 17 26 93 7 48 26 46 96 20 65 34 41 90 54 55 36 58 14 30 35 34 5 99 44 9 90 24 40 91 76 78 30 24 32 42 41 26 29
46 68 74 69 39 21 19 17 40 88 42 26 80 5 66 7 92 4 18 52 58 53 43 89 55 55 46 87 64 76 86 64 59 71 38 27 48 12 27
3 39 36 37 81 88 70 11 37 26 15 15 69 77 11 92 17 70 31 88 60 19 75 43 23 87 66 33 74 35 72 56 78 0 67 55 7 36 13
81 36 12 41 96 30 21 96 13 21 52 85 90 97 23 82 93 56 92 90 40 97 99 40 96 72 54 1 19 62 10 63 37 45 72 63 90 89 49
71 54 32 30 27 100 31 35 63 79 12 42 76 25 42 63 59 80 93 28 10 35 53 53 26 7 3 77 53 29 17 62 35 42 14 35 75 26 57
99 81 21 13 66 65 73 79 78 31 28 76 86 60 65 82 89 30 87 89 81 99 44 89 8 31 32 88 42 23 77 15 87 24 23 42 44 24 19
45 35 54 71 67 41 24 74 3 84 60 80 83 36 31 67 83 19 97 75 15 70 80 19 41 16 39 2 41 79 24 8 82 34 81 12 44 46 65
92 57 63 69 44 66 83 29 27 66 82 49 5 83 53 6 1 78 73 0 68 91 26 36 87 47 60 52 91 42 82 94 97 40 72 4 40 37 86
25 17 53 72 49 32 56 25 24 31 24 56 70 8 40 5 79 27 49 52 25 92 63 32 85 38 41 36 70 100 93 93 26 22 79 23 20 12 76
49 91 78 4 69 10 19 69 25 9 3 88 8 94 30 7 87 51 29 24 41 32 78 15 36 71 8 43 65 77 62 92 85 97 98 85 5 6 90
40 37 28 26 60 25 98 95 2 29 73 81 38 68 47 35 35 77 5 99 45 83 98 71 58 47 89 15 48 42 84 44 17 81 0 10 33 7 56
44 16 79 93 83 33 26 97 5 96 40 53 23 54 92 91 91 52 5 6 0 61 92 31 0 53 82 82 77 39 42 40 76 62 45 86 17 60 12
55 51 33 100 15 4 41 48 9 37 59 57 55 45 40 38 30 60 72 35 84 28 62 81 58 64 95 88 2 94 53 19 42 44 12 37 69 8 85
44 77 64 19 42 8 23 15 28 12 13 99 10 23 35 67 43 60 23 56 13 26 86 28 0 39 45 27 31 90 11 85 42 11 80 59 10 15 85
13 59 3 85 42 19 66 60 22 43 79 47 9 100 86 82 79 19 42 51 85 30 47 8 44 31 35 84 17 83 85 8 46 97 33 24 0 43 11
97 1 100 7 50 34 24 46 66 62 96 77 20 60 31 73 47 31 8 0 90 93 2 81 36 7 41 40 18 23 87 46 64 81 20 39 100 16 95
38 74 86 36 80 72 64 7 8 89 71 6 55 59 85 10 41 3 23 11 89 47 69 91 18 19 56 16 85 41 78 24 41 70 76 50 88 14 81
97 45 78 94 42 23 43 79 18 79 90 47 96 73 99 46 10 61 3 45 90 71 86 23 58 56 6 53 66 65 0 31 6 78 91 79 46 88 37
32 11 76 7 56 18 5 94 55 11 44 79 10 82 87 40 34 93 73 3 32 45 41 69 20 11 23 40 40 0 62 48 36 16 95 59 89 91 14
58 0 99 58 25 55 21 8 30 47 27 49 100 86 87 36 39 88 83 85 31 21 33 31 12 71 12 17 7 35 35 29 46 18 26 14 36 9 62
33 95 43 73 82 78 75 28 62 13 86 36 43 16 85 69 83 71 33 62 83 14 71 27 55 1 5 39 22 89 62 62 91 30 85 59 20 89 49
46 77 83 35 38 21 34 23 29 82 24 26 84 2 86 56 82 81 45 3 77 9 46 40 22 48 42 20 50 63 16 32 31 28 87 39 80 92 67
43 73 31 0 1 100 23 47 4 82 72 18 76 65 64 99 63 5 77 44 46 29 26 42 85 25 22 68 7 9 96 93 42 87 45 1 1 21 41
64 74 16 70 32 90 59 10 68 47 32 13 97 93 91 26 85 14 16 19 5 1 37 33 31 24 66 2 2 66 90 68 29 80 21 40 20 23 68
33 3 64 90 26 25 42 29 78 77 1 56 90 56 98 23 48 45 41 59 19 5 23 99 22 2 92 68 44 7 8 10 6 40 51 16 27 54 38
87 48 8 42 22 1 79 35 12 28 8 17 52 0 70 22 62 95 58 41 22 36 55 12 39 35 82 53 3 8 31 81 69 85 31 52 82 70 47
96 80 31 71 54 5 23 39 9 15 12 27 12 4 51 6 45 39 56 32 65 60 56 90 28 57 69 8 56 100 43 43 34 84 32 70 18 35 1
23 60 9 10 35 78 15 51 73 65 15 59 56 84 41 76 96 32 44 26 90 43 27 37 19 20 72 54 12 23 44 100 47 13 91 23 20 3 63
95 18 7 80 52 72 63 13 48 55 50 19 20 92 11 69 78 52 62 61 34 98 66 26 47 81 35 77 95 76 92 71 97 42 78 12 100 51 7
71 45 92 46 91 19 25 26 72 25 47 70 72 100 21 21 89 35 63 12 62 63 70 81 61 82 3 85 21 62 86 86 55 48 57 19 52 37 58
13 61 19 13 26 51 89 91 38 75 59 47 2 87 32 62 79 87 13 8 83 36 72 78 15 51 85 49 71 78 100 19 77 45 40 71 26 92 53
18 60 42 52 87 97 0 32 39 54 73 57 47 60 45 78 48 96 10 55 58 44 51 15 28 48 79 7 89 43 61 92 39 49 99 42 53 23 89
44 27 81 48 34 17 64 82 40 52 64 99 94 25 52 75 52 60 74 63 85 17 15 3 68 100 96 7 43 81 89 49 100 11 36 39 67 72 66
3 42 78 80 28 15 29 82 82 19 8 1 12 37 77 89 67 35 72 52 53 10 33 13 70 83 90 33 65 52 73 84 57 16 92 81 44 54 91
33 79 57 61 51 84 83 30 100 51 89 82 3 89 60 83 11 9 45 27 57 10 8 85 97 91 79 3 1 96 74 71 92 57 5 10 6 57 70
91 93 99 33 47 30 21 91 98 31 81 19 21 9 12 59 72 84 16 91 84 7 96 24 18 2 65 79 86 65 58 60 55 49 19 97 59 45 56
47 99 24 26 22 46 13 20 87 8 29 1 65 73 52 94 28 93 33 58 75 29 59 81 12 32 44 36 7 77 98 60 84 44 66 50 100 60 84
16 66 27 81 59 35 14 46 52 22 96 48 25 50 22 35 24 57 58 38 21 81 71 92 37 66 32 59 92 93 96 17 65 69 56 47 95 23 57
50 53 68 17 13 46 5 0 48 33 83 77 13 54 77 31 56 48 69 53 68 20 70 29 96 33 97 93 90 12 26 67 7 63 68 70 30 54 99
80 86 60 84 12 20 61 58 26 41 27 32 78 26 99 87 10 55 83 64 73 71 75 32 76 90 28 7 7 64 68 77 39 39 56 39 97 31 84
27 34 62 100 21 64 82 57 19 30 74 96 62 4 46 85 19 62 97 57 16 93 48 64 84 95 74 84 39 94 76 7 49 98 74 64 0 22 63
76 76 39 41 95 36 100 93 9 34 78 57 35 91 53 40 39 84 42 61 10 100 60 2 53 95 29 87 17 89 22 22 27 72 73 66 34 4 67
6 72 57 23 61 5 61 66 49 69 6 47 7 34 94 7 98 58 56 41 56 38 18 99 43 54 74 90 84 25 51 55 86 59 23 80 38 76 97
26 32 15 98 10 100 61 73 45 1 42 62 57 29 26 74 84 70 87 93 44 76 4 79 97 78 19 57 20 94 48 12 58 85 3 19 29 45 50
51 32 40 67 63 43 58 8 57 36 86 5 0 2 51 95 35 9 13 5 30 5 95 93 41 15 7 48 31 91 15 84 73 4 80 4 82 85 16
25 2 88 40 67 18 25 71 37 74 65 95 4 34 46 45 47 81 79 58 51 5 26 60 4 44 69 65 73 3 49 69 89 20 37 56 64 55 42
95 35 84 18 36 75 11 29 23 14 22 88 54 59 96 50 57 20 14 10 58 8 76 100 66 94 49 1 63 45 97 5 99 17 75 41 71 6 96
27 82 46 23 9 96 56 55 37 97 97 33 81 70 23 94 32 91 4 57 54 98 47 6 87 49 90 4 18 32 68 79 55 81 65 86 31 75 79
35 82 12 82 38 85 79 2 63 81 19 32 41 41 82 61 0 84 33 4 65 21 77 59 68 81 81 71 90 74 27 87 50 57 56 27 90 48 90
98 57 33 51 87 52 52 13 24 32 17 22 84 98 17 87 2 6 94 54 11 65 79 42 10 31 54 45 8 99 48 5 31 17 15 80 15 43 54
14 98 73 70 22 98 71 44 27 58 37 17 88 4 61 48 72 40 34 95 58 64 99 73 22 55 43 41 80 48 13 100 26 42 18 72 73 95 100
85 63 17 40 69 97 82 57 85 48 2 1 92 64 19 19 42 94 84 70 38 48 20 36 38 69 68 32 88 72 7 1 57 23 66 21 77 74 30
55 91 97 10 96 42 25 14 85 56 37 80 20 4 47 6 72 83 9 81 91 44 17 6 34 36 88 19 42 80 46 91 88 93 2 61 93 19 40
39 16 12 17 0 14 94 8 96 62 72 24 81 66 22 61 42 76 6 88 72 41 77 17 74 6 55 23 87 93 15 24 26 21 65 97 83 21 30
66 44 76 67 51 4 24 34 32 77 46 60 15 3 5 15 58 11 7 87 62 55 50 87 2 0 28 27 7 7 96 93 38 55 9 68 70 81 69
27 35 98 41 26 76 68 12 3 62 74 46 6 93 96 35 41 15 99 71 71 22 38 26 31 2 51 98 89 80 15 72 15 18 51 1 16 39 78
75 100 60 92 49 59 31 28 34 8 58 1 27 48 40 91 71 45 51 31 84 10 63 42 84 44 38 54 62 10 40 76 4 52 68 46 60 44 40
68 95 41 89 56 53 33 52 67 97 81 31 39 90 27 18 4 0 10 50 1 51 68 72 47 94 93 57 68 71 10 91 87 0 54 50 39 30 28
26 31 19 99 69 77 68 54 25 14 99 76 14 71 58 66 93 1 97 85 53 84 63 75 43 54 47 16 70 27 37 10 52 32 14 85 53 37 69
63 12 51 50 23 0 49 5 85 34 67 60 25 61 100 24 0 38 82 93 77 49 7 90 1 62 46 71 28 84 92 77 96 39 100 20 78 4 31
38 3 4 78 75 82 76 98 91 16 13 47 22 7 40 15 1 6 65 18 96 10 16 22 16 8 39 3 24 36 77 6 86 34 93 83 65 90 4
0 24 36 34 93 50 83 80 92 46 80 3 63 49 98 2 18 81 79 100 50 14 95 87 52 12 50 7 86 50 68 22 76 83 61 75 21 26 92
75 72 20 41 71 34 13 46 14 98 23 60 41 47 0 29 7 27 13 47 46 22 25 90 64 89 82 80 91 85 42 70 22 8 13 0 93 45 22
0 57 79 72 93 16 18 56 50 49 28 64 14 63 58 64 41 61 4 98 91 79 62 74 79 65 36 50 4 8 1 94 43 62 99 36 61 55 84
8 70 30 14 63 45 6 95 15 33 83 49 39 98 14 7 57 79 2 63 85 28 4 17 63 5 35 38 61 37 37 51 31 61 5 26 36 62 57
0 86 7 78 2 73 60 64 12 81 100 53 55 26 20 47 8 2 34 48 62 11 83 29 82 42 32 35 64 51 22 64 38 37 87 71 34 5 28
56 9 96 8 81 91 47 77 22 86 77 86 88 16 26 11 67 83 44 72 18 2 54 85 97 84 70 82 50 23 13 95 27 4 13 9 31 54 3
13 11 89 16 93 85 20 74 66 22 0 8 38 14 71 5 13 15 55 38 60 15 67 1 88 28 93 28 39 57 22 4 56 6 53 3 77 40 11
78 8 20 70 96 88 57 8 91 8 37 43 15 45 84 45 75 36 38 10 44 49 67 33 49 9 97 19 36 21 25 29 21 84 3 14 75 27 57
97 52 71 59 4 11 86 100 25 35 49 46 19 16 58 26 0 15 29 69 32 10 16 57 25 4 60 74 87 92 9 49 5 44 80 16 95 41 94
20 92 29 48 27 61 2 61 5 14 55 29 58 90 57 71 42 88 90 84 52 25 71 42 70 32 58 87 32 27 79 15 64 67 57 19 14 1 1
39 5 13 9 82 46 30 90 67 99 43 45 69 35 57 27 82 90 22 78 88 42 40 75 35 60 62 53 5 23 52 24 23 76 10 59 97 74 83
84 52 96 72 88 15 20 70 13 13 70 56 71 13 63 70 65 70 29 67 87 87 93 79 13 78 45 24 37 13 42 9 45 74 79 41 99 91 40
7 32 45 26 51 12 59 61 72 49 5 21 8 25 60 59 47 5 56 51 85 70 13 57 22 99 83 43 99 42 79 69 42 64 62 16 60 7 87
10 74 97 15 5 87 46 15 62 100 42 10 8 51 71 77 81 90 93 23 84 92 90 28 31 17 80 65 14 41 14 1 33 48 87 51 17 28 48
68 29 88 3 40 90 38 2 95 12 41 61 79 77 70 22 87 64 87 56 73 66 52 9 4 82 99 77 84 78 61 19 46 79 7 62 74 50 68
68 30 65 86 75 92 69 33 90 96 43 59 52 49 93 88 67 53 3 70 9 79 5 67 38 72 9 23 65 94 61 60 60 10 30 8 0 27 69
21 80 69 85 19 7 65 95 65 20 4 82 61 68 87 64 31 65 91 27 78 99 73 12 80 18 70 55 27 69 23 90 38 69 15 65 45 69 48
83 62 87 35 32 76 71 33 51 39 41 62 58 19 74 40 26 29 97 14 24 17 27 23 79 62 69 52 48 27 79 54 42 51 42 85 81 80 74
19 54 38 17 42 37 8 46 13 24 60 44 93 74 55 80 34 29 96 66 14 94 97 80 79 79 30 36 30 80 92 82 81 25 53 50 76 77 24
27 55 41 64 98 84 30 8 99 68 19 74 67 46 48 23 24 23 75 35 26 8 70 68 57 47 58 19 32 49 17 1 9 60 68 17 83 91 11
12 47 10 22 95 8 42 100 16 85 74 100 85 98 23 86 35 14 23 43 59 2 35 29 81 64 70 82 12 95 41 45 50 35 24 79 38 81 57
29 49 37 42 77 88 95 72 47 40 20 4 45 14 94 90 100 83 51 54 48 100 83 28 12 28 69 1 100 46 8 92 96 39 55 9 17 84 21
77 88 5 45 34 7 3 90 20 62 53 45 16 34 84 27 94 13 10 15 80 58 57 30 55 31 58 98 97 35 77 24 6 20 93 99 60 17 55
54 68 23 58 55 88 5 74 95 37 55 21 56 3 73 72 26 52 27 53 10 31 32 89 76 85 49 31 93 96 54 66 51 43 96 40 76 95 16
65 4 36 66 2 74 74 79 18 97 88 94 91 66 71 32 45 2 66 45 65 92 62 75 93 41 40 76 51 94 77 21 92 46 25 54 72 37 23
5 66 65 34 27 57 31 100 1 54 44 34 80 60 60 55 16 28 50 51 66 23 22 90 74 53 7 70 25 49 60 13 34 30 1 72 73 61 67
94 19 6 57 55 46 49 48 3 67 23 0 15 9 67 46 44 74 28 91 63 27 56 43 76 48 82 34 19 34 6 34 75 55 12 91 94 98 23
97 28 95 65 88 70 88 78 30 11 88 62 98 87 37 37 68 3 2 57 32 24 76 41 57 35 7 51 47 52 67 69 3 46 56 78 68 7 100
36 69 57 3 65 41 47 20 19 55 20 62 62 35 63 15 26 7 9 7 60 1 54 18 11 14 7 80 51 74 23 49 60 26 51 8 15 19 37
46 75 79 66 65 4 40 27 55 80 26 51 58 85 84 65 37 6 71 46 21 59 81 21 76 52 81 94 87 99 42 27 57 55 82 20 2 31 68
73 2 69 42 78 79 91 8 89 11 50 8 26 46 37 19 21 14 63 60 9 45 3 38 2 64 53 96 90 13 12 75 78 85 27 5 78 89 17
24 14 36 45 47 21 60 67 27 14 51 22 20 53 65 93 46 87 4 41 73 18 68 21 98 69 25 76 19 27 84 34 37 36 15 91 82 85 88
53 70 62 70 98 12 63 72 56 64 84 94 4 43 87 47 58 0 99 48 71 13 79 24 37 84 20 44 53 91 1 54 39 94 73 36 42 78 45
73 46 76 66 30 3 11 27 24 28 40 52 5 6 34 48 89 69 27 29 36 79 78 68 11 44 34 61 64 53 58 91 10 61 37 34 0 93 9
35 43 38 69 46 29 62 23 27 31 1 94 65 97 49 14 4 1 28 8 31 45 70 23 7 43 97 1 45 87 51 56 89 27 46 93 98 79 39
18 67 47 14 84 25 61 77 52 2 79 88 65 51 46 71 25 22 23 21 87 85 61 93 64 47 50 84 24 64 42 67 53 22 8 0 46 19 39
46 25 61 77 98 27 81 88 64 42 18 7 38 8 35 51 77 73 8 74 28 97 82 86 97 49 56 80 82 22 14 50 17 53 5 56 1 61 1
88 37 82 35 7 81 23 55 13 27 84 31 86 50 85 58 72 76 35 67 9 13 85 36 61 44 91 13 21 71 4 77 89 24 40 6 24 54 68
89 84 39 38 18 84 82 62 62 76 77 40 55 99 98 12 8 3 19 11 4 13 61 54 37 89 31 56 37 13 73 54 57 38 3 89 6 11 21
79 61 68 92 75 5 37 32 26 34 98 93 78 24 13 52 11 74 48 3 31 43 77 25 53 32 94 76 24 50 45 34 52 13 82 81 84 66 94
21 89 47 41 92 66 22 33 29 89 64 99 2 10 6 9 6 59 38 81 81 51 44 67 44 77 56 96 3 43 42 31 13 20 61 13 84 65 7
25 41 31 98 40 9 13 51 41 25 24 22 19 10 56 22 25 37 29 33 8 9 14 38 17 97 77 62 84 8 91 18 46 54 48 11 91 3 24
61 72 32 10 71 63 83 55 93 10 44 29 20 50 35 43 64 55 67 52 51 67 66 25 4 30 0 26 94 67 6 61 56 57 21 23 13 53 48
57 18 37 91 54 18 27 85 59 8 8 76 91 82 4 4 57 91 23 19 43 58 19 93 48 13 25 14 75 94 72 84 53 74 20 70 66 95 76
91 90 69 98 72 57 90 30 45 91 5 67 25 4 0 100 23 52 59 68 75 17 82 4 77 53 79 68 4 35 8 21 95 31 20 24 43 39 20
65 99 23 62 65 41 2 78 35 84 72 59 67 29 19 49 5 38 85 28 80 76 3 43 72 8 0 7 89 28 14 96 26 68 80 36 69 80 33
17 69 9 66 0 78 67 6 53 50 67 49 14 85 40 75 68 3 18 40 17 11 1 86 81 36 63 94 5 78 100 49 45 81 12 96 58 23 21
95 95 40 90 81 45 36 23 97 98 85 29 52 72 19 74 78 96 46 100 80 82 2 80 37 24 64 4 91 32 53 9 24 32 70 31 1 51 47
22 75 57 98 91 49 75 84 93 48 22 4 100 10 7 42 53 33 86 58 48 8 69 44 6 53 53 51 92 6 60 64 68 82 6 92 96 70 57
44 86 97 29 85 98 13 56 40 11 49 26 79 93 91 52 68 41 4 41 40 62 48 98 57 57 15 14 3 33 32 30 39 76 31 12 13 42 25
70 48 37 64 8 53 2 55 25 23 83 3 65 85 77 58 64 10 85 14 75 85 95 87 50 38 26 63 90 39 89 65 86 2 35 0 98 42 3
9 96 94 50 37 5 78 42 62 16 72 5 56 91 53 45 3 5 58 29 39 6 72 76 53 22 92 82 80 76 42 1 86 86 28 42 100 27 67
26 66 62 85 0 8 64 95 69 64 23 42 26 49 90 81 1 100 30 63 45 96 75 57 88 4 4 92 24 3 34 32 18 87 89 57 54 87 49
0 57 16 47 99 52 48 63 86 91 56 87 77 8 37 60 41 1 97 85 45 48 28 32 96 72 27 39 53 42 9 98 34 41 98 19 22 1 33
32 4 61 27 82 31 77 22 73 70 82 13 47 48 14 56 13 2 60 79 67 13 76 30 94 21 70 80 51 13 58 35 83 68 94 62 81 15 74
77 69 19 80 40 29 24 50 40 89 74 84 69 19 38 21 16 71 11 50 47 73 81 31 60 44 42 31 99 58 87 87 10 47 23 45 36 55 70
31 71 23 30 8 98 64 93 16 10 72 43 22 64 45 64 72 55 0 93 92 0 96 100 60 55 4 97 37 94 11 91 13 57 14 3 17 3 40
50 11 66 94 80 6 60 76 31 3 45 84 0 81 93 9 68 23 57 22 75 44 50 75 58 65 13 80 1 67 48 53 54 26 66 53 67 29 100
5 78 81 18 75 90 96 62 16 5 94 5 55 24 12 13 28 76 42 93 2 12 48 3 17 13 52 65 63 95 33 96 88 59 81 74 86 13 5
11 83 30 75 99 38 63 55 95 61 92 34 76 19 75 13 69 63 34 41 47 52 87 96 45 39 76 1 10 86 60 2 36 0 32 61 90 13 7
48 24 2 95 90 85 96 59 28 29 51 98 23 71 1 12 98 30 75 75 25 78 57 76 2 25 93 9 56 6 88 9 0 44 100 37 86 2 62
54 6 59 46 100 29 26 29 73 43 52 90 1 76 67 11 29 19 90 65 78 10 93 27 41 8 48 46 70 90 70 26 78 57 45 34 89 16 76
94 7 94 80 71 7 55 10 86 76 15 54 66 13 61 72 78 53 75 64 18 48 20 16 55 93 8 14 57 8 49 88 33 61 97 2 35 83 36
71 36 84 71 6 32 33 81 80 98 88 56 61 49 56 33 99 30 63 54 58 65 20 16 9 55 35 91 74 40 71 24 52 15 82 2 97 86 18
93 13 99 60 92 79 52 93 25 35 19 50 88 29 73 87 81 96 92 68 58 93 100 96 61 43 90 69 73 32 26 28 98 32 34 31 3 1 100
18 5 85 77 71 96 85 1 66 60 30 0 26 56 98 68 42 48 6 8 35 61 61 94 27 54 39 99 25 31 23 91 30 73 49 7 64 7 73
30 48 83 66 50 43 43 47 90 35 95 33 22 71 92 1 54 49 53 62 97 36 79 48 77 26 67 8 60 26 68 76 84 95 42 30 4 15 88
34 97 1 43 42 73 81 82 53 27 6 44 55 42 67 53 89 10 25 10 14 99 47 7 51 37 37 83 88 58 67 92 77 68 42 3 97 18 16
81 9 87 95 57 44 28 25 60 91 31 34 14 9 71 34 38 92 56 47 8 77 97 79 86 45 34 28 13 18 36 52 82 87 90 17 69 34 98
98 98 89 54 82 68 45 88 94 5 21 91 80 32 35 9 66 58 31 85 96 19 73 95 29 51 73 86 29 43 58 59 57 63 98 0 24 38 71
72 20 83 26 35 100 65 18 21 50 89 2 100 6 54 12 61 82 0 45 49 85 37 43 77 98 70 75 4 23 100 48 44 33 86 39 78 57 60
72 45 37 93 21 74 71 52 67 31 27 40 63 39 78 17 2 33 68 0 74 14 38 38 37 31 74 99 62 20 89 27 7 4 53 46 96 49 7
60 33 43 1 24 76 25 19 9 41 49 43 75 10 66 84 8 64 92 94 66 26 20 85 21 20 6 29 53 34 11 49 57 63 89 75 73 65 5
38 49 24 55 83 14 83 53 33 94 58 57 28 54 50 6 31 49 26 89 19 68 44 100 15 92 74 65 52 64 88 22 52 62 18 27 4 87 3
58 89 96 13 46 65 37 24 78 65 16 47 34 100 47 4 24 77 56 53 45 84 27 56 17 67 78 89 26 0 89 4 79 66 81 4 98 13 88
95 99 63 76 49 5 58 68 21 99 45 2 28 79 67 29 88 2 66 6 98 77 25 9 77 4 10 17 62 23 15 82 64 65 88 33 17 43 37
86 0 2 3 50 76 31 83 83 68 28 12 67 61 73 1 90 82 21 11 57 80 92 28 44 64 28 64 40 22 42 0 76 97 67 8 32 66 62
39 22 19 81 24 46 65 66 3 48 25 67 1 61 94 50 91 86 92 60 8 83 0 43 60 54 90 67 68 39 39 39 55 2 94 54 87 74 73
95 60 71 6 80 94 86 16 75 83 9 89 95 40 89 99 70 45 55 80 57 100 76 21 58 13 62 27 63 83 36 38 31 45 80 88 4 17 67
10 36 48 19 33 0 16 96 77 98 82 1 58 27 58 55 40 77 77 61 52 17 43 49 39 53 67 3 16 48 24 51 55 53 13 42 3 83 96
87 9 24 98 65 3 9 57 58 94 78 52 83 73 72 9 99 18 65 33 77 75 88 63 91 60 3 75 52 80 36 96 84 50 98 33 0 17 32
46 35 91 100 49 15 15 1 33 87 54 65 78 7 59 39 39 25 50 50 81 26 45 10 45 77 24 55 60 52 76 100 0 89 96 68 17 95 47
21 61 98 44 65 26 35 57 70 25 61 59 98 2 73 87 21 15 1 98 28 4 82 63 81 26 52 93 36 58 20 32 78 59 76 86 54 41 16
21 80 85 61 5 96 41 67 55 96 24 49 10 87 31 100 24 23 78 77 54 98 23 37 25 38 90 12 51 77 73 67 40 13 11 30 46 75 18
92 11 85 43 0 26 62 47 36 1 3 51 54 51 47 49 23 81 67 64 23 47 0 85 63 92 28 58 49 31 59 85 26 58 39 34 30 36 77
44 4 29 13 59 83 12 69 7 19 82 94 29 38 15 65 97 34 85 53 3 8 44 11 2 4 69 22 38 71 83 81 31 6 26 51 0 42 75
8 95 66 100 90 96 15 67 32 77 2 96 79 100 89 32 84 45 23 96 70 16 18 86 62 71 58 85 11 53 83 82 5 54 53 45 13 20 76
58 34 51 56 64 0 46 27 82 53 48 21 99 66 93 74 0 26 61 6 7 73 24 12 52 86 61 39 55 35 59 9 10 44 91 69 32 68 91
80 96 98 95 75 24 34 96 8 29 57 47 51 90 33 17 84 65 18 95 60 40 5 27 50 32 83 70 59 100 8 52 82 9 33 7 26 42 20
93 93 46 93 37 8 95 82 53 2 83 1 5 62 94 46 87 43 84 71 70 86 54 16 91 35 94 58 82 40 61 81 66 88 54 32 95 58 71
95 52 63 85 93 1 11 54 19 62 91 32 93 66 97 50 0 6 70 36 46 57 21 68 54 39 72 53 41 60 41 31 17 87 66 85 15 5 29
49 4 100 74 21 55 41 45 64 96 73 61 92 70 5 23 89 91 52 84 88 71 12 79 35 27 43 41 46 88 39 23 96 37 81 27 67 90 66
41 95 98 12 99 28 26 60 44 26 72 96 68 50 22 79 16 84 8 32 98 75 11 3 78 89 87 17 56 73 82 45 99 43 68 10 46 97 71
58 68 47 10 34 13 83 45 20 39 58 58 59 96 28 12 93 65 24 96 34 61 4 39 56 63 93 29 76 98 37 6 66 83 23 32 54 47 7
24 52 19 41 59 56 40 8 35 54 5 23 83 31 92 14 56 17 14 52 90 97 50 20 64 98 8 27 79 75 26 0 62 56 44 43 73 9 18
0 78 80 34 55 100 76 26 58 78 6 77 44 90 17 35 24 37 51 69 64 5 6 5 78 67 8 70 36 38 100 43 80 76 47 99 42 50 53
79 2 86 60 42 20 6 83 11 46 42 6 100 73 43 64 16 100 25 47 83 53 76 17 31 13 18 37 72 95 77 98 33 73 92 7 17 5 20
28 36 78 21 15 28 99 5 29 69 36 4 0 69 68 98 83 39 90 50 26 30 54 34 25 88 13 84 54 59 87 57 94 73 4 85 56 89 16
10 9 100 14 16 77 86 95 1 50 96 18 37 27 49 66 66 9 96 41 98 13 45 9 68 87 34 37 31 97 6 11 27 19 40 53 1 50 8
89 31 34 22 38 95 10 88 26 10 87 43 1 17 41 36 49 18 34 51 43 75 79 93 38 70 35 4 13 30 3 51 0 73 2 91 61 63 58
1 56 12 87 47 96 29 83 57 53 97 0 91 36 53 9 14 86 68 85 8 58 46 53 2 49 99 76 42 16 39 96 26 69 96 96 70 79 64
2 9 21 98 90 95 67 13 31 1 54 89 93 31 9 45 21 21 91 67 61 12 20 38 94 75 99 83 44 91 84 25 87 97 17 3 25 29 53
32 87 24 82 89 98 98 68 29 31 95 40 96 91 38 23 31 84 99 79 81 70 65 39 86 33 45 50 95 46 60 13 31 79 43 11 90 65 95
31 78 29 65 84 51 83 8 76 63 75 32 81 10 80 4 13 49 2 88 78 52 56 55 62 44 48 26 100 98 25 55 93 89 4 26 73 5 25
12 96 30 5 68 58 74 67 27 86 2 75 14 37 80 100 98 74 76 51 90 9 43 83 98 5 20 56 59 18 4 33 40 89 92 15 20 57 97
53 69 8 5 42 52 88 3 27 11 46 90 14 43 64 83 50 24 100 42 63 10 73 32 38 46 36 41 6 15 47 16 51 55 18 78 2 63 100
86 48 67 70 96 47 95 90 11 87 65 20 78 98 78 65 74 45 45 26 41 37 34 80 46 0 89 3 70 50 96 6 31 94 19 84 90 87 80
14 72 21 9 7 75 34 62 12 11 15 84 57 75 14 64 48 14 74 6 32 37 52 75 16 74 41 14 70 60 72 73 25 69 99 9 92 46 19
88 14 16 16 90 68 32 62 42 83 98 93 42 25 0 83 97 83 30 31 15 71 41 55 94 48 69 26 21 44 67 8 37 71 44 80 51 38 66
96 26 40 30 8 51 92 4 53 24 27 89 13 94 99 96 95 52 28 25 72 40 57 11 30 3 41 41 78 61 79 33 58 13 96 58 42 45 98
78 51 94 80 96 36 28 75 34 34 46 23 73 0 83 39 23 22 96 96 23 32 58 75 1 100 45 99 44 28 41 100 32 90 15 26 59 69 86
79 27 10 99 79 12 88 45 89 60 38 16 76 53 100 16 84 79 4 31 84 37 31 45 56 94 94 21 5 41 93 52 40 4 73 16 17 47 85
44 63 47 39 16 29 33 90 7 40 43 0 47 28 71 17 100 92 87 10 67 47 49 84 9 50 71 100 85 61 94 96 52 18 77 47 96 43 86
37 84 56 88 15 50 5 60 3 61 35 69 91 70 85 84 100 85 31 72 85 2 36 17 61 58 6 84 43 25 19 47 26 83 92 9 40 52 66
69 24 100 70 14 19 58 32 77 33 22 44 73 100 78 32 54 86 97 6 74 37 80 26 85 70 9 36 5 35 53 87 9 87 77 10 4 26 91
18 49 41 37 30 31 3 45 53 23 27 12 25 62 12 39 43 27 93 6 39 28 47 58 66 68 96 82 50 64 47 14 62 29 15 66 96 80 71
17 46 14 74 95 86 77 53 66 66 15 49 10 39 35 49 10 2 46 10 40 3 5 10 38 6 62 0 74 3 0 6 51 27 6 34 27 2 30
76 21 21 80 48 19 37 21 50 0 89 27 66 28 28 6 42 27 29 7 89 80 44 59 43 82 41 97 75 4 60 85 1 14 13 31 33 91 64
69 5 69 0 88 16 39 16 58 51 78 6 54 59 38 89 4 38 71 12 14 93 94 27 29 21 44 98 29 62 44 79 51 62 51 16 7 23 10
43 17 67 34 78 0 38 7 97 15 23 73 56 32 26 93 44 92 85 32 90 55 94 82 2 15 93 53 92 65 44 85 88 67 72 97 16 100 59
91 76 22 83 7 83 48 45 64 82 17 62 32 46 54 19 1 64 17 9 70 54 27 67 55 4 3 97 8 17 28 73 22 60 33 58 65 89 35
5 100 100 35 39 77 63 87 14 3 24 34 47 22 79 93 79 48 55 50 90 97 79 69 31 37 70 80 91 58 61 35 46 85 79 40 77 94 79
92 55 5 20 32 93 27 100 70 2 59 65 34 6 92 9 2 75 55 40 9 31 25 82 23 1 56 93 13 41 41 83 5 34 37 47 53 100 69
72 54 74 96 1 79 87 68 82 78 48 72 43 5 50 18 22 74 66 31 48 85 41 77 16 95 79 99 87 50 70 41 51 59 11 87 71 37 72
31 22 79 97 79 63 51 15 48 85 34 76 42 86 30 29 100 39 47 97 96 95 92 66 53 3 84 94 97 60 75 45 96 23 48 5 0 16 61
40 77 20 47 1 86 2 97 69 35 13 26 47 81 41 98 1 50 16 20 69 2 29 70 45 73 40 56 15 66 85 3 56 95 91 23 60 10 66
9 96 50 8 71 51 29 42 83 52 58 44 69 4 73 70 12 4 77 29 54 13 12 89 35 0 39 57 55 62 48 54 93 75 62 41 45 9 7
80 71 42 100 99 31 43 42 21 68 61 68 13 81 48 43 31 52 36 74 29 70 27 83 1 31 75 31 49 48 6 15 40 94 46 30 75 18 79
85 34 23 36 33 79 3 80 77 65 27 91 47 14 65 74 86 94 95 52 17 40 67 13 4 89 6 49 98 79 1 38 84 75 19 90 81 2 9
39 67 96 48 20 0 45 92 99 59 72 16 97 50 92 87 66 17 8 47 87 75 74 84 44 60 44 98 87 3 61 60 35 13 84 56 9 90 1
34 90 77 97 7 35 64 22 89 48 5 18 60 58 85 69 94 13 35 65 34 50 90 48 19 73 44 80 18 66 86 74 26 95 73 95 89 68 60
90 86 64 20 42 44 49 30 21 66 47 15 84 55 42 6 21 4 46 62 87 81 11 90 2 73 20 12 91 1 25 56 95 96 78 94 90 12 39
23 45 73 17 6 34 18 66 35 42 88 0 54 61 51 2 26 94 95 7 16 63 56 25 39 52 93 59 9 63 44 46 21 41 78 14 80 82 37
62 58 76 47 16 61 4 75 74 28 100 33 59 86 9 65 77 57 48 35 27 20 11 35 2 52 89 31 40 71 35 54 57 33 47 15 97 44 42
71 94 72 82 15 39 92 47 17 69 70 93 27 41 71 98 54 58 1 79 74 75 15 7 13 23 53 9 35 14 59 14 97 98 7 99 100 69 12
15 11 26 3 57 29 91 58 54 100 65 18 60 55 94 19 44 63 1 77 32 4 33 100 88 29 53 27 69 62 80 9 4 82 10 8 23 66 73
100 56 50 91 68 53 82 37 26 55 70 27 4 43 51 71 41 54 91 79 79 45 11 91 13 35 72 61 71 13 3 91 66 63 5 7 65 41 27
93 76 92 6 75 83 0 85 89 98 1 95 51 52 50 95 80 22 56 80 22 42 29 31 24 88 76 56 38 67 58 50 81 22 18 22 12 93 64
51 0 4 36 47 40 5 52 40 67 7 84 71 35 66 43 19 69 63 70 36 18 78 32 96 49 9 78 87 10 64 24 58 82 50 3 56 26 76
50 79 43 37 94 56 38 33 95 76 7 2 66 7 70 43 40 2 7 27 67 29 8 67 47 90 54 100 12 64 48 3 78 59 92 43 71 77 71
74 53 86 71 82 77 75 4 5 34 42 68 40 2 79 67 14 51 13 60 66 68 36 37 42 100 20 31 84 17 33 51 26 50 60 45 35 60 59
33 42 95 5 33 98 31 66 89 33 20 1 23 80 53 89 11 45 10 90 66 65 46 12 46 60 62 86 73 75 70 18 54 74 79 94 9 77 38
4 43 16 63 12 64 95 35 47 74 31 28 12 29 55 69 77 94 79 22 48 39 3 12 63 4 40 17 54 4 84 64 65 36 77 91 15 80 45
52 6 77 75 17 88 36 86 94 33 23 71 13 79 83 73 20 56 78 78 35 85 4 34 84 50 91 11 9 32 58 64 97 61 30 37 27 10 26
2 88 63 43 95 66 16 24 69 13 69 22 28 93 65 49 16 94 47 82 8 46 94 65 88 46 11 27 16 76 66 56 70 35 24 93 62 51 55
97 39 7 13 67 67 0 86 97 90 79 50 77 44 53 73 55 73 1 7 28 2 26 56 76 53 52 85 18 79 70 81 11 83 34 22 22 0 48
7 83 21 5 100 68 15 97 99 80 80 37 46 67 35 78 49 43 54 97 66 20 74 57 28 45 65 77 32 58 82 64 14 55 96 99 3 47 3
92 31 76 84 84 31 6 33 52 97 31 10 8 60 77 56 23 38 73 21 23 100 89 57 50 15 44 18 95 1 29 36 69 13 29 2 88 57 31
78 30 88 1 43 96 13 81 100 75 74 43 57 90 41 32 80 61 37 3 23 57 86 80 48 47 49 43 13 56 14 61 18 96 44 90 53 10 78
16 40 62 87 49 7 23 78 89 48 14 64 32 1 28 19 4 62 6 12 70 8 44 30 9 55 71 75 31 20 56 22 46 3 50 72 27 81 6
20 32 24 86 50 92 24 55 90 41 87 81 58 65 39 39 20 75 70 83 17 52 16 22 12 87 66 57 1 57 0 10 75 95 93 17 3 81 39
4 47 77 66 75 0 38 78 75 99 87 96 2 21 75 26 42 39 55 1 78 76 26 6 85 93 30 45 1 77 67 55 75 26 54 8 69 92 4
6 38 42 60 13 61 98 0 23 56 49 30 16 30 14 3 72 2 100 59 42 74 51 25 19 68 42 67 26 71 72 97 94 38 77 92 87 74 87
93 6 95 48 54 65 38 28 70 14 67 41 62 65 1 6 95 0 70 40 80 15 72 23 44 7 48 69 57 50 21 5 59 24 30 34 12 19 94
66 5 95 10 89 98 14 69 37 10 22 87 97 78 79 30 31 42 31 87 62 77 64 82 80 56 97 25 57 34 68 17 37 54 94 3 42 17 58
65 17 6 15 86 53 65 21 98 86 59 39 7 90 32 4 67 33 64 61 57 48 72 17 12 86 18 35 92 22 55 47 78 8 80 7 17 11 55
48 71 74 63 65 5 20 69 67 7 1 79 62 72 75 58 30 44 70 57 37 9 60 50 40 46 37 91 57 73 64 20 86 78 36 5 0 66 8
62 31 28 76 97 51 21 91 58 92 89 33 57 92 42 36 77 94 21 49 13 62 43 30 51 87 98 87 94 87 1 45 42 83 61 33 62 87 90
13 20 72 68 0 2 14 70 66 95 42 64 27 11 82 69 3 90 86 26 57 19 26 86 88 7 39 9 22 3 16 35 34 5 16 10 14 27 10
72 28 70 49 60 93 86 65 81 67 42 36 58 36 40 5 89 8 9 65 80 42 23 80 76 82 12 21 32 96 86 33 23 42 22 97 37 26 11
92 20 65 91 21 25 86 47 71 2 83 42 21 87 73 80 1 1 40 68 73 39 63 70 58 83 51 79 28 48 17 79 2 34 4 42 95 79 68
90 11 51 54 46 68 9 11 72 22 67 83 32 81 57 12 48 39 44 45 35 68 14 47 77 90 55 27 46 38 38 79 33 85 48 27 16 31 100
67 86 94 42 86 75 68 65 5 87 61 49 39 66 18 59 53 53 40 27 89 61 72 52 82 100 76 42 81 33 6 92 21 21 67 32 99 90 98
89 5 54 88 18 31 93 97 89 1 74 40 46 7 24 37 30 44 62 41 81 10 15 49 87 30 99 26 23 44 36 69 34 45 100 14 5 22 86
43 56 60 56 2 57 81 62 25 76 14 17 94 51 89 30 12 73 83 46 85 25 83 92 0 39 89 10 34 1 5 76 23 72 30 8 0 98 52
30 58 91 44 75 72 2 33 13 52 15 85 55 47 10 49 62 12 27 89 12 65 37 63 84 81 46 72 100 69 83 31 28 79 62 22 62 87 95
89 34 14 90 19 81 86 21 62 59 43 1 71 21 63 21 0 12 74 18 96 87 84 68 85 69 74 91 34 53 66 68 2 11 12 64 37 56 42
81 53 7 78 3 10 69 70 0 84 65 45 79 63 96 19 66 100 98 48 27 59 74 95 17 21 16 37 25 59 5 38 48 50 24 55 52 51 97
68 27 25 86 57 84 84 98 69 53 45 15 76 39 79 17 12 33 28 53 100 66 25 13 26 62 16 5 56 51 89 60 49 62 11 64 92 33 66
67 86 71 9 89 63 3 13 53 54 55 61 67 17 98 42 96 38 27 46 68 89 35 56 93 18 95 96 28 65 90 54 36 78 38 66 2 97 34
81 8 77 20 67 36 61 62 62 31 54 40 17 82 39 24 95 14 78 64 43 81 44 8 40 28 40 13 26 74 67 19 56 29 6 49 71 35 2
93 78 58 25 57 20 5 93 66 75 68 25 70 73 9 62 69 53 85 97 58 14 15 62 1 57 10 5 88 93 69 47 88 6 39 10 68 25 69
80 80 16 29 95 36 82 99 45 10 19 82 6 56 21 6 100 77 52 90 63 1 64 55 46 22 23 50 72 71 40 75 58 33 23 0 71 56 77
17 61 66 53 90 3 35 51 44 72 60 12 94 34 51 61 68 20 10 82 70 6 68 14 5 97 40 5 67 25 44 84 91 76 68 89 40 47 28
72 55 39 93 95 85 30 36 4 74 79 32 44 16 89 69 15 100 84 78 57 99 66 98 51 72 4 14 43 11 93 6 65 24 18 19 0 60 8
37 25 88 46 0 93 19 50 35 67 6 82 59 0 36 82 0 62 51 53 72 96 7 59 93 70 0 92 75 49 16 96 1 99 29 16 12 81 11
15 59 20 75 93 59 59 62 8 13 76 36 57 5 8 5 31 33 50 72 6 9 78 12 63 80 75 28 28 67 94 78 84 0 16 74 84 37 73
18 99 11 14 54 64 24 2 3 47 50 37 40 58 98 15 9 5 0 56 98 81 37 4 66 60 86 66 30 32 80 67 34 2 25 67 38 54 99
7 68 93 6 24 5 5 36 4 98 72 33 13 30 30 39 11 84 61 67 31 98 49 78 86 61 97 44 55 82 64 59 14 3 4 0 91 29 53
19 80 21 72 60 26 40 92 55 97 27 40 81 91 67 14 1 79 33 98 39 70 53 33 6 61 57 86 75 6 47 76 77 91 93 100 40 74 28
90 39 67 4 52 51 66 68 29 58 53 42 87 15 31 32 37 73 13 56 49 100 62 20 41 56 83 71 39 78 3 1 28 12 53 61 6 94 100
84 57 68 55 49 17 7 41 62 7 5 22 63 91 85 73 66 76 96 24 87 62 54 67 42 30 14 12 58 9 77 11 51 40 96 14 88 7 96
41 79 85 65 100 70 54 24 71 72 35 95 14 6 70 46 34 77 17 45 41 100 47 6 64 81 16 9 51 37 2 98 87 84 66 59 91 40 52
39 1 52 27 18 98 90 28 88 70 81 86 72 59 52 14 24 23 85 97 79 66 31 75 20 59 64 55 36 55 66 47 92 13 61 94 60 27 16
68 83 90 54 63 53 3 83 92 45 9 33 98 38 80 81 26 15 98 36 86 97 48 94 8 0 7 70 11 79 77 64 20 67 92 83 81 45 31
74 45 57 35 90 49 41 45 55 41 91 16 98 33 55 53 22 7 57 25 99 69 76 2 60 13 48 93 4 69 41 24 46 70 84 24 99 99 3
81 40 0 14 2 80 73 97 71 91 2 79 53 86 43 77 93 44 96 98 8 33 67 100 86 70 76 81 43 82 66 24 29 97 5 74 9 19 15
46 61 48 100 9 46 40 4 27 5 6 80 49 49 0 11 64 57 67 28 73 64 72 41 80 55 19 68 16 49 78 59 37 68 32 9 42 9 35
17 95 100 72 77 39 41 7 26 82 88 88 7 38 92 26 53 8 21 10 78 38 94 8 98 74 79 5 39 100 82 42 30 40 44 85 45 48 26
70 100 60 48 55 94 78 81 15 84 24 44 56 59 23 24 65 88 86 97 10 29 81 100 35 54 55 73 31 29 92 41 20 89 58 90 78 21 73
3 46 55 26 43 7 51 98 36 54 26 7 97 71 8 54 81 52 90 99 99 74 57 88 31 86 32 83 37 8 21 99 23 84 16 44 78 27 96
59 93 92 40 49 20 92 17 56 54 96 4 70 54 65 62 57 28 41 78 84 5 6 2 67 87 17 34 45 62 65 36 99 17 9 56 70 14 82
28 98 84 5 3 86 95 68 76 39 25 97 1 45 63 18 91 30 72 85 72 12 43 98 8 41 55 23 72 18 42 45 88 54 81 46 57 68 68
46 48 66 99 92 66 16 52 39 46 85 100 37 31 6 26 56 72 14 75 99 89 65 7 81 99 68 56 99 94 16 26 26 18 83 87 41 39 48
71 99 74 55 29 84 14 20 85 100 73 23 100 100 30 56 64 40 67 78 52 93 82 3 64 17 72 98 45 45 35 98 33 74 84 26 48 14 61
36 44 97 33 3 92 46 49 20 46 55 73 44 5 36 67 9 29 48 69 100 85 9 10 62 44 3 6 68 71 38 34 73 32 39 48 71 86 48
99 73 71 45 36 44 10 39 53 17 86 10 1 25 58 84 85 45 7 31 53 73 39 100 36 62 68 80 56 37 43 90 31 4 65 88 61 47 86
39 72 72 21 45 98 50 71 79 21 38 85 41 37 36 78 91 30 65 28 35 64 78 26 76 48 14 47 56 47 71 50 2 72 28 0 52 36 6
29 29 65 46 44 76 95 63 61 48 42 6 53 87 28 38 7 31 31 65 85 49 81 36 21 95 46 95 71 36 97 48 65 37 11 71 77 25 71
31 67 26 76 37 66 81 86 71 26 77 46 87 46 76 45 75 29 67 20 12 57 71 9 8 75 59 96 9 80 92 83 3 65 91 96 45 20 4
53 4 49 95 30 52 40 20 8 10 51 27 67 65 74 24 28 54 73 75 83 29 35 31 90 58 1 86 26 57 1 61 57 68 34 81 98 87 30
80 51 29 59 3 24 25 19 16 88 66 66 43 17 17 5 34 62 8 67 8 45 53 53 37 66 34 4 89 47 63 13 75 86 44 6 62 49 36
0 0 55 95 19 93 5 22 4 96 97 63 44 71 69 98 75 88 22 95 51 61 88 81 97 55 45 81 11 69 48 13 67 75 20 81 52 7 27
24 84 34 27 1 88 63 66 28 57 38 96 42 94 62 96 31 9 46 61 78 90 51 82 75 50 2 5 4 74 27 16 51 87 31 61 0 3 5
79 25 60 12 90 29 87 85 87 86 67 6 96 37 43 100 86 97 59 86 70 42 32 54 45 24 43 14 13 10 31 79 87 45 16 64 41 17 96
86 80 36 77 81 62 93 40 65 90 15 1 26 33 100 41 57 96 7 45 33 43 1 49 39 58 53 14 74 73 21 68 6 49 81 12 10 66 13
76 43 99 65 8 98 78 74 58 27 21 80 14 5 62 61 80 2 72 72 3 37 13 81 70 49 99 86 90 90 8 52 25 65 63 69 75 66 92
49 92 23 77 32 13 17 50 67 37 29 49 25 91 43 20 25 88 100 3 65 92 46 64 5 9 70 62 74 11 54 5 87 9 76 7 97 77 36
75 62 67 43 63 73 91 41 59 63 10 74 50 12 3 50 80 92 79 10 55 15 36 9 32 100 42 84 0 29 81 21 80 6 66 41 2 60 67
37 68 96 20 84 96 38 33 6 5 33 5 5 32 35 85 6 9 41 6 39 13 53 90 70 8 33 79 41 89 59 11 82 20 4 52 80 32 12
24 14 0 16 84 52 23 14 99 86 12 23 42 95 47 49 74 96 16 78 99 74 91 82 45 8 33 75 28 29 79 82 45 91 14 31 95 50 71
47 94 14 0 75 48 6 92 92 47 21 35 63 16 70 49 11 28 57 18 62 70 95 36 51 86 11 58 18 5 11 59 85 60 59 65 95 1 88
50 24 59 16 91 70 67 28 57 18 22 39 79 12 47 67 6 11 99 6 51 7 44 11 56 6 27 68 12 24 30 58 37 92 49 24 60 75 63
51 82 74 79 59 87 42 100 0 25 28 36 23 21 47 8 33 94 87 98 47 96 98 79 46 28 89 50 3 54 46 28 19 18 76 62 57 37 82
27 37 84 91 3 75 6 23 90 41 99 44 84 85 27 64 47 100 42 74 92 67 31 99 50 31 100 25 55 15 71 80 9 49 78 95 5 52 48
27 32 78 79 35 7 79 70 53 54 78 50 23 69 66 97 64 85 84 26 92 68 70 64 18 63 54 91 23 80 0 30 9 26 18 35 25 49 99
76 96 71 37 99 47 21 27 11 53 58 49 39 24 3 59 36 40 98 44 93 42 77 37 40 33 72 57 1 44 100 35 12 83 3 45 43 25 90
77 66 88 8 14 95 16 30 17 90 39 23 22 85 14 3 9 12 46 95 9 9 48 98 28 100 39 30 41 89 40 14 45 30 46 37 72 28 62
17 100 92 1 95 9 88 61 99 11 16 17 20 54 86 64 60 100 73 35 0 20 68 72 73 96 11 51 28 26 59 16 95 91 92 50 57 5 4
4 71 89 9 8 15 49 88 4 69 1 51 8 22 70 21 0 41 39 51 49 63 45 90 70 11 81 67 6 10 5 91 57 63 24 28 65 20 81
81 96 26 78 51 33 77 27 17 38 54 70 91 20 12 6 20 100 99 56 67 75 47 52 92 47 18 32 64 64 47 65 1 90 75 36 97 68 16
34 100 24 69 21 71 51 45 87 26 37 14 9 56 10 2 72 84 16 78 1 7 78 81 55 2 20 8 93 95 6 25 87 7 25 39 28 53 93
52 48 74 90 25 31 68 92 92 25 51 74 6 89 58 24 57 40 61 15 74 70 92 88 15 62 4 47 36 92 53 58 16 9 68 24 83 100 90
64 6 76 76 72 59 94 91 61 9 50 71 43 72 5 8 84 61 18 13 59 62 29 75 17 92 79 79 30 51 49 95 57 48 4 38 16 88 96
5 32 83 16 97 17 68 82 7 37 32 90 56 0 54 13 11 66 66 66 6 84 94 23 46 67 24 84 41 78 77 40 80 79 11 92 31 99 16
75 68 94 40 90 96 21 32 73 23 23 5 80 31 0 97 78 30 43 15 43 38 13 45 83 98 71 92 94 8 31 38 95 94 8 7 23 22 57
47 37 57 77 30 91 53 41 24 5 84 7 75 63 12 75 0 8 18 36 4 71 87 78 57 54 21 58 69 90 11 88 9 60 8 85 28 73 91
84 48 5 20 30 93 50 33 37 2 17 92 73 73 16 34 25 61 68 89 25 89 100 64 35 51 84 33 69 42 52 19 73 50 47 15 97 100 48
13 11 81 57 10 56 18 11 87 65 69 64 35 22 8 38 43 51 95 93 24 8 79 27 22 92 72 93 82 90 79 24 52 3 65 50 80 92 83
64 9 66 25 93 36 71 11 36 25 45 3 68 89 99 23 88 95 47 18 2 73 85 79 89 33 4 22 84 44 71 10 73 75 69 81 3 41 67
96 42 68 65 67 24 80 0 29 36 43 22 60 30 9 89 43 35 69 97 50 37 58 96 92 41 59 18 1 25 44 2 8 48 18 63 24 63 16
37 88 81 22 53 63 39 54 30 97 96 62 49 46 50 50 48 11 97 30 67 91 51 40 83 25 15 80 79 70 76 99 87 80 89 61 27 39 59
57 48 7 43 70 52 9 98 87 21 56 66 42 23 68 89 30 23 56 55 47 60 47 76 32 95 66 69 3 52 86 93 68 57 100 41 83 2 66
85 43 19 46 49 95 57 40 3 47 42 43 3 72 33 6 12 62 100 82 61 42 46 39 48 33 27 22 62 71 100 19 100 57 21 9 23 63 14
15 10 36 74 87 71 41 95 42 77 68 85 20 1 100 18 22 21 78 68 12 80 29 23 63 100 1 75 49 97 42 65 7 57 72 48 80 51 72
80 46 43 9 23 45 36 70 39 18 98 100 66 21 34 40 65 10 99 19 17 6 46 27 88 88 26 17 53 10 8 3 39 1 1 2 28 15 91
29 42 8 66 10 3 47 8 47 57 4 8 79 76 90 5 64 52 23 4 73 66 99 56 0 19 63 30 67 84 1 39 36 3 8 22 30 14 84
28 47 22 46 0 45 3 36 67 71 57 88 89 83 35 93 91 33 52 79 64 50 14 14 44 41 52 57 61 37 59 2 66 55 7 72 23 47 90
42 90 4 12 79 23 98 89 94 17 31 45 7 70 34 59 0 12 0 61 90 57 53 38 27 35 62 5 29 73 29 45 76 7 84 56 87 64 69
29 71 61 9 55 77 42 3 36 47 73 87 1 45 43 16 37 70 77 61 37 52 40 72 88 68 13 48 50 83 89 29 49 85 80 63 32 68 93
40 14 23 10 100 55 16 97 21 25 50 7 18 53 23 57 53 9 33 79 7 97 96 78 48 17 64 59 74 90 75 20 37 57 95 46 16 39 34
67 91 94 15 66 54 72 43 2 8 64 96 57 88 73 29 30 78 92 49 21 92 80 34 31 17 96 32 29 34 38 81 48 0 61 36 55 1 21
10 18 11 99 5 85 33 28 11 92 98 5 9 73 99 90 84 32 49 24 94 21 36 16 50 74 84 15 0 86 57 12 55 20 23 85 24 47 6
13 16 48 7 37 45 20 95 75 54 88 13 43 59 10 13 18 57 56 72 36 92 24 63 66 15 16 44 7 9 57 20 58 61 97 48 72 92 60
79 3 39 100 23 69 54 17 41 23 31 5 92 39 44 45 62 78 62 20 82 23 89 98 75 49 97 66 97 9 34 13 68 89 1 18 58 99 2
91 71 94 12 93 66 82 13 22 18 87 2 26 28 18 26 1 88 53 7 65 19 59 69 76 40 75 60 89 16 52 78 48 53 47 50 3 55 39
36 32 34 97 1 53 38 7 97 54 31 83 51 27 62 48 82 26 63 51 1 26 12 18 49 72 50 47 51 99 84 64 35 54 33 47 78 6 63
17 34 85 46 74 47 68 59 7 39 47 12 63 84 5 56 51 73 28 52 25 7 52 75 90 62 42 71 66 47 48 38 75 76 87 85 78 5 22
94 4 21 93 88 30 22 11 1 94 13 81 82 6 60 69 7 52 45 64 35 63 10 28 62 6 14 95 66 21 81 3 40 51 66 5 81 31 81
22 14 56 60 10 63 32 90 29 27 26 24 94 52 99 16 26 24 43 16 71 50 65 42 67 69 23 26 99 1 100 25 4 99 63 35 87 5 72
77 34 32 87 50 15 64 80 12 49 25 88 30 85 92 88 25 40 69 24 5 94 14 77 99 19 15 63 82 37 28 5 71 81 13 75 64 17 100
17 5 18 99 91 32 62 29 8 74 3 45 21 53 64 16 20 1 49 13 45 70 91 93 18 55 77 48 53 91 11 59 0 5 41 45 19 3 13
60 1 91 96 11 53 84 90 44 58 77 6 92 59 77 51 49 48 65 45 3 29 92 12 46 42 57 51 99 30 37 62 79 95 16 24 38 87 89
77 78 57 25 32 76 94 100 30 38 5 77 43 29 98 52 21 99 87 25 78 100 91 72 3 50 31 75 75 74 83 88 76 94 64 75 73 14 57
53 36 90 28 37 75 20 62 57 99 49 62 39 94 58 18 86 29 0 71 71 14 35 17 12 0 86 91 92 64 90 71 43 1 50 10 39 17 9
22 75 16 42 18 78 60 64 84 94 6 16 0 23 26 66 58 43 51 77 28 56 32 66 19 9 4 97 97 30 64 81 14 69 75 69 46 71 94
49 33 93 36 52 42 43 67 72 59 15 45 17 97 31 45 74 42 9 51 24 35 94 29 71 34 78 95 74 10 12 94 50 17 81 29 32 13 62
20 78 35 65 97 63 96 10 82 14 47 57 68 5 86 24 38 49 64 100 83 31 99 76 3 27 84 48 93 36 19 89 90 41 43 18 27 25 30
34 84 47 99 33 19 14 46 59 15 84 2 43 77 42 100 16 67 37 93 98 45 21 64 73 68 64 53 97 53 18 17 64 65 66 34 62 24 15
65 74 92 32 84 26 19 76 37 28 28 1 5 65 81 13 50 31 80 35 30 21 64 23 51 86 97 24 20 16 44 41 60 80 42 71 34 79 8
99 94 20 34 80 5 29 37 30 60 29 63 89 1 66 9 17 48 61 53 4 14 26 11 56 61 34 4 40 7 28 64 81 15 97 2 2 70 94
68 16 51 85 93 58 100 51 33 0 68 92 0 60 71 66 65 43 27 83 41 37 40 4 50 66 28 37 27 9 74 8 18 75 73 61 76 87 59
85 26 74 46 4 72 4 4 61 22 92 50 57 69 24 66 87 40 49 67 55 66 47 46 75 44 60 16 60 30 12 31 38 17 65 88 65 86 49
19 74 7 12 58 6 40 28 57 57 76 88 32 49 38 7 40 84 9 42 22 44 33 45 62 98 18 25 33 48 16 44 22 68 38 61 65 56 90
51 1 79 99 75 99 50 13 54 26 14 93 92 71 18 24 32 95 71 75 96 60 6 85 23 57 93 89 55 98 93 4 95 37 4 96 31 95 24
28 62 50 1 22 37 88 98 76 95 7 85 92 45 15 12 94 51 67 61 67 81 61 64 15 87 98 16 28 91 80 24 41 56 38 27 79 34 22
54 88 96 52 57 89 17 88 99 98 20 50 93 84 99 61 55 22 38 77 15 12 68 25 1 95 100 80 40 20 44 66 75 27 89 11 94 53 57
37 83 31 5 70 14 29 40 95 91 69 44 56 83 83 20 41 92 98 19 38 89 90 25 88 18 16 4 66 2 68 10 48 67 24 21 24 30 8
29 23 50 98 68 81 47 27 69 51 23 3 18 48 22 82 63 39 60 47 19 51 67 37 56 50 36 58 6 76 57 45 82 58 96 60 90 55 59
41 59 49 89 34 12 79 32 80 59 51 26 61 74 22 89 55 66 69 8 40 81 63 7 98 42 67 98 73 63 49 36 27 42 80 19 67 16 82
32 24 21 50 58 45 44 27 22 9 95 70 89 64 39 59 67 22 55 31 98 15 49 92 61 66 11 71 6 9 41 39 25 94 62 54 28 61 60
80 8 34 95 77 80 85 20 90 84 71 16 79 83 43 48 99 30 88 34 2 61 20 68 1 52 40 57 56 16 88 19 33 79 24 29 16 89 84
62 22 68 33 50 73 63 51 66 38 59 44 89 19 11 73 9 32 70 75 38 57 69 80 14 14 0 89 79 41 42 6 23 10 10 66 16 13 84
26 52 54 43 12 39 82 43 82 14 76 73 13 57 69 77 36 59 37 66 64 19 29 9 86 80 32 37 22 95 99 44 68 76 23 65 47 97 46
