116 135
4 91 19 39 89 74 49 94 47 51 10 63 90 78 48 23 95 38 38 21 100 56 13 80 70 98 32 92 37 13 87 44 53 43 100 0 46 68 11 72 37 94 25 27 0 61 100 95 88 100 31 52 93 50 74 95 94 3 44 33 74 66 88 47 27 94 29 94 37 56 19 80 0 79 21 27 48 96 90 35 86 57 22 84 45 94 61 90 6 87 63 24 71 85 99 88 28 82 81 95 83 70 57 45 94 84 27 77 52 55 27 89 49 45 59 25
28 59 37 25 11 30 95 53 22 11 11 7 93 84 8 77 24 13 14 32 90 77 51 27 41 100 18 46 56 9 82 48 78 34 16 15 17 92 80 63 88 50 36 52 43 42 81 84 13 41 13 12 84 13 21 33 7 78 89 43 64 31 57 71 2 5 69 26 65 19 94 15 86 87 26 91 48 16 17 51 4 40 66 68 46 15 33 30 90 73 59 48 46 7 4 11 38 36 94 92 12 83 19 86 22 64 100 94 74 21 31 38 85 74 100 22
59 67 97 30 38 36 52 91 23 49 44 54 56 82 34 11 94 75 28 55 97 86 93 89 32 25 44 33 70 31 44 73 95 5 91 58 27 50 61 53 75 65 0 63 69 100 79 50 41 31 19 2 11 80 21 4 12 43 56 68 29 65 12 45 44 13 79 58 71 26 56 28 71 29 3 9 84 38 47 7 92 43 49 75 0 7 42 19 95 29 96 36 5 66 40 25 87 82 27 56 33 69 15 83 47 67 58 6 79 49 94 13 76 56 92 81
40 52 68 77 30 75 53 51 33 51 34 33 65 20 1 6 38 91 23 98 62 20 79 68 62 82 56 74 40 91 75 58 59 92 79 67 62 16 66 44 20 10 63 6 5 70 42 1 7 49 32 36 67 16 54 84 25 86 50 72 77 50 80 17 35 42 61 30 58 27 70 46 37 91 57 70 14 45 52 40 59 60 31 94 72 25 56 4 22 5 1 63 69 32 54 50 7 63 92 0 1 3 22 34 98 73 58 40 68 95 34 69 64 58 45 0
54 30 37 62 37 12 80 87 6 89 30 81 33 89 4 69 89 86 44 41 8 97 55 76 6 41 55 4 67 12 73 44 42 89 72 79 40 10 40 55 57 22 58 23 98 31 4 15 76 95 12 80 0 86 31 28 92 26 33 94 26 76 31 55 26 93 56 6 5 62 83 52 38 35 77 99 54 53 96 55 9 19 27 53 65 88 37 95 9 69 9 66 45 66 42 30 83 97 44 6 67 81 57 0 93 97 65 93 97 54 53 66 40 51 73 66
42 35 71 64 89 76 70 7 43 42 99 44 25 68 66 91 58 41 68 90 32 58 21 93 100 27 97 23 98 100 98 83 100 60 22 5 63 78 24 48 2 86 71 49 50 68 73 73 22 58 84 34 30 88 4 74 38 74 57 85 4 44 43 3 98 32 82 41 59 27 91 78 80 47 86 50 57 60 84 58 12 35 52 28 41 40 7 49 78 87 96 51 16 53 81 93 0 10 45 85 95 46 17 11 7 51 89 43 79 13 96 0 19 93 74 89
69 45 74 41 65 94 72 86 59 86 51 2 57 56 79 88 76 24 17 72 50 18 73 75 0 2 46 81 29 52 56 63 92 4 83 44 28 66 39 22 85 82 95 41 42 56 53 88 98 18 63 87 80 68 70 10 78 2 59 66 23 63 60 0 65 54 37 29 39 61 2 38 7 43 60 26 10 24 77 3 13 49 32 12 29 1 33 96 65 64 75 58 22 22 18 56 22 40 31 48 19 38 38 16 92 70 12 42 54 84 48 94 70 30 22 37
99 93 29 34 44 45 48 56 17 42 96 42 36 50 73 97 51 43 33 46 24 8 9 22 27 88 71 89 80 25 25 41 13 60 7 11 73 75 33 93 12 100 77 81 13 0 12 24 41 38 46 29 27 51 48 15 30 50 59 22 41 27 97 90 48 53 9 56 10 64 36 3 54 27 23 2 78 77 75 65 58 31 4 21 21 23 28 96 97 76 40 44 68 98 62 41 76 34 54 30 69 97 32 42 18 79 70 18 73 68 80 43 62 59 21 61
31 9 69 88 1 70 98 98 60 4 77 99 42 37 94 93 96 94 59 27 2 27 20 70 8 97 70 9 29 45 80 60 56 2 80 26 74 97 96 19 64 16 38 21 47 78 53 61 50 93 82 22 65 80 78 80 3 2 67 93 78 64 17 9 79 32 14 86 34 22 38 38 55 49 61 59 96 98 64 58 95 65 53 1 64 72 11 13 34 20 93 99 11 40 27 49 56 57 11 21 1 13 20 70 12 42 86 4 28 24 90 33 86 75 70 57
70 58 29 65 60 55 67 4 57 95 39 66 16 12 40 50 74 12 59 20 57 56 95 12 0 95 1 98 38 59 58 42 7 33 82 41 88 78 25 49 69 28 16 39 71 32 12 95 94 39 27 39 79 89 29 43 98 53 48 23 18 63 49 17 5 55 76 3 71 15 66 24 99 58 0 3 94 64 33 75 58 87 87 99 32 3 56 2 41 96 68 100 98 38 53 64 86 4 99 94 48 54 39 51 44 88 97 75 57 5 29 80 51 60 60 99
38 15 49 70 2 53 2 66 70 44 85 71 4 31 0 25 46 8 53 70 62 27 77 39 92 24 82 49 27 69 20 39 66 99 3 5 56 15 80 43 21 92 61 25 29 66 82 60 49 30 23 22 36 66 3 5 47 24 22 89 10 30 14 0 74 32 57 2 68 23 93 28 68 9 28 30 65 59 65 60 54 95 78 37 55 46 56 37 53 12 79 54 17 41 87 56 99 47 8 62 33 17 15 95 70 38 70 17 100 99 95 65 19 60 17 40
40 26 40 56 92 50 50 0 8 15 39 98 77 17 40 19 78 7 52 35 76 4 90 67 20 46 100 5 13 70 99 17 11 14 90 73 79 56 81 27 64 71 43 79 14 95 56 53 35 62 56 10 40 77 16 40 91 90 24 35 71 10 6 8 27 19 88 85 18 60 36 97 35 100 55 36 31 72 84 16 48 100 85 10 15 28 82 33 95 96 46 97 0 7 36 7 6 2 50 65 30 55 3 11 5 44 38 39 41 17 33 1 52 52 45 24
5 28 79 51 97 25 90 19 43 32 71 92 35 34 29 18 71 20 21 37 88 24 76 26 63 10 67 90 55 13 46 47 32 16 55 57 19 84 9 0 68 82 22 97 70 30 97 23 68 88 93 80 32 11 83 94 91 4 9 66 83 15 31 29 42 14 7 86 46 79 98 52 36 8 53 17 6 92 35 27 11 60 35 48 6 81 59 52 100 21 77 97 15 60 99 18 64 25 7 97 53 85 71 53 64 93 57 12 27 42 90 20 71 38 10 75
52 13 20 27 65 15 51 54 84 2 68 3 71 44 2 80 92 37 88 11 78 79 64 48 93 84 88 70 11 36 73 18 73 44 40 49 5 65 49 59 24 15 48 2 73 45 68 97 88 32 88 42 2 81 57 88 81 4 71 70 22 89 18 40 18 57 24 36 97 88 49 69 26 99 52 95 60 21 22 50 95 67 53 87 43 56 62 93 32 8 28 23 64 64 34 32 84 30 58 69 70 52 88 51 28 57 90 46 48 44 69 88 46 7 99 33
95 10 47 38 34 78 13 81 61 95 93 14 82 55 30 39 12 34 70 65 96 50 74 92 70 40 73 17 39 59 22 0 19 92 58 62 16 62 15 26 13 94 71 61 76 65 36 47 68 62 64 87 38 71 29 34 25 60 25 52 73 52 87 4 14 49 77 65 83 54 9 11 26 98 96 51 61 37 9 64 13 33 67 71 41 63 89 51 96 22 34 87 69 65 31 45 89 70 11 49 14 7 53 40 74 78 22 96 61 76 16 28 34 53 97 87
26 87 87 1 93 21 90 61 86 94 16 66 4 36 46 85 56 14 63 14 74 74 33 4 82 35 81 58 46 55 4 39 72 97 63 41 52 77 49 38 23 47 57 90 48 71 16 10 18 31 0 64 26 78 80 47 65 56 40 28 15 100 89 15 9 18 30 88 39 25 94 62 60 16 18 21 10 33 80 65 40 32 82 92 74 71 76 46 36 40 90 16 100 28 0 76 7 33 29 55 53 26 53 91 32 67 34 39 90 63 57 9 93 10 18 51
27 21 82 85 99 26 87 32 62 65 43 68 50 41 12 91 85 97 60 54 32 74 19 89 78 53 7 77 2 18 11 40 14 21 33 13 9 18 82 4 50 73 0 11 41 5 78 8 61 7 88 97 17 83 66 62 48 89 99 80 34 26 48 73 40 39 31 68 90 92 81 64 98 27 41 19 33 48 23 34 41 34 30 33 58 98 32 12 33 64 13 97 20 34 0 9 24 80 39 34 59 41 46 56 95 30 50 37 76 36 24 82 18 69 100 67
0 78 9 95 14 51 64 91 36 89 34 40 12 1 8 87 28 96 36 78 87 59 44 32 64 99 54 36 77 48 9 56 63 65 80 59 20 10 27 46 54 79 27 36 17 59 7 24 78 7 11 89 61 3 55 78 91 61 81 67 38 87 59 11 36 83 80 69 35 14 79 21 71 53 3 19 53 63 72 33 48 19 73 20 39 12 83 16 51 40 93 63 34 83 19 39 90 49 78 20 96 21 77 64 39 72 11 56 49 63 23 97 96 68 39 87
53 10 70 38 89 96 30 28 20 61 51 8 91 32 83 44 14 17 9 62 19 52 15 52 90 29 99 6 30 83 100 88 85 89 27 33 4 13 76 2 44 54 59 50 92 77 27 53 57 43 47 90 67 61 89 69 82 28 30 10 19 43 34 48 26 14 54 34 5 81 97 48 12 29 57 84 67 67 16 11 17 84 96 17 36 60 91 22 47 62 40 58 20 3 91 41 53 6 82 46 56 61 12 61 47 58 99 3 26 52 75 17 57 94 51 61
69 42 24 73 68 97 58 69 96 75 21 78 45 75 43 100 53 53 82 51 79 66 36 99 80 67 31 30 61 58 94 47 62 21 7 59 70 65 22 85 24 24 82 20 93 3 44 99 41 33 24 77 74 10 15 28 99 16 95 41 94 5 78 98 100 86 89 74 53 84 58 12 70 2 58 45 45 77 44 79 30 14 89 27 40 6 57 13 78 53 22 61 89 27 28 96 88 18 43 93 64 14 80 0 12 69 86 85 56 68 20 34 77 5 77 62
73 8 44 31 41 17 23 75 55 15 14 25 20 59 93 42 50 22 26 87 13 95 82 89 7 24 15 85 54 37 77 7 68 7 35 87 63 74 68 49 80 4 38 88 92 41 38 91 93 38 22 13 5 58 65 96 26 60 92 62 5 58 73 97 25 45 9 20 25 53 2 29 75 51 94 81 90 55 95 25 73 19 22 3 88 94 49 98 65 97 7 13 86 11 45 26 17 52 58 92 24 83 26 68 41 90 24 24 76 0 5 61 27 16 60 4
14 65 49 82 43 20 73 23 54 66 16 49 74 2 73 100 47 24 88 31 89 43 31 69 95 58 82 95 40 81 87 65 67 10 79 20 88 57 8 42 80 12 51 18 94 8 36 96 1 94 98 17 57 81 54 17 40 97 32 46 28 32 88 74 22 39 73 46 6 34 23 78 89 49 65 25 24 99 58 52 39 6 93 40 33 50 41 25 12 6 1 90 76 37 83 12 15 37 38 2 4 79 18 75 35 76 0 59 38 28 21 100 44 6 76 16
77 32 19 49 76 19 10 72 4 81 92 94 13 7 19 95 67 41 27 16 65 98 88 76 63 32 14 76 48 46 45 43 66 14 46 57 7 43 91 9 46 28 34 90 70 4 76 74 60 48 64 28 1 94 14 9 28 1 71 14 42 100 46 70 13 1 76 1 30 8 72 46 78 34 63 80 12 70 82 75 37 60 43 62 4 34 75 46 49 27 85 48 11 14 11 31 96 72 33 37 46 29 26 20 45 80 62 71 76 53 27 26 42 97 3 43
85 76 2 38 37 78 50 89 88 32 9 44 72 17 30 65 97 4 1 73 69 76 85 72 73 46 94 88 46 69 54 18 61 60 22 68 1 31 73 97 41 28 23 11 68 91 26 64 8 96 20 75 64 82 1 14 34 94 58 73 76 53 90 50 100 0 90 46 38 42 81 23 23 0 75 3 1 37 19 86 49 24 35 55 23 32 74 32 56 37 64 15 24 8 54 91 0 20 72 45 30 69 62 1 41 12 70 61 51 40 6 61 66 22 7 30
14 2 12 81 83 21 19 40 78 19 34 90 60 48 30 37 3 82 71 84 28 55 92 10 77 44 74 10 34 12 66 56 42 36 2 41 27 80 40 35 21 80 76 41 6 75 39 17 33 2 43 84 47 43 62 72 46 93 35 16 97 10 8 30 10 88 70 51 30 99 92 75 68 79 100 12 92 45 82 23 0 50 67 30 39 51 84 42 86 84 70 94 90 85 79 20 50 66 75 89 59 52 24 57 90 16 26 99 47 16 41 62 71 54 19 78
49 48 27 49 23 84 1 2 17 80 23 55 45 98 86 40 5 52 5 76 96 49 24 33 11 36 69 42 12 94 76 97 3 14 80 34 74 70 58 70 56 25 39 15 39 90 100 32 69 72 85 75 58 79 72 53 62 10 3 77 41 0 45 1 32 74 70 41 23 51 59 10 87 75 22 70 24 56 78 73 10 10 82 8 18 90 11 4 42 84 41 6 25 66 46 3 92 100 13 27 3 7 20 37 11 66 82 43 79 50 2 51 24 11 97 30
77 86 36 60 22 95 57 49 25 33 75 46 62 88 93 52 10 22 28 46 36 6 53 75 25 26 28 64 68 73 31 55 6 74 6 4 29 28 99 7 63 14 16 68 49 28 97 14 87 6 35 24 78 60 28 4 10 96 42 36 100 58 46 48 51 96 71 66 14 45 44 81 98 13 44 92 24 56 94 86 73 0 78 90 48 86 92 88 13 19 6 45 70 35 52 99 55 100 11 15 46 50 98 85 35 83 40 75 61 12 39 4 96 15 78 62
56 76 99 75 16 100 73 66 60 22 15 83 99 99 66 19 1 28 58 61 100 96 51 3 76 50 67 22 99 61 24 73 27 8 56 74 79 45 60 26 84 46 41 60 95 31 1 82 21 58 81 41 66 60 71 45 39 40 87 37 92 91 85 85 55 10 23 57 26 78 50 40 25 62 15 14 31 86 18 73 20 5 24 79 97 76 76 5 68 45 46 69 57 24 18 14 54 98 59 7 62 50 93 70 92 16 2 7 1 68 30 91 9 7 3 45
94 77 56 45 94 71 1 68 74 60 34 3 38 34 68 49 29 63 19 87 18 6 84 33 62 88 67 82 77 89 22 47 24 69 82 59 65 5 9 68 0 61 62 74 45 57 54 26 98 51 100 46 98 97 93 29 54 2 15 62 80 1 58 72 96 76 66 70 67 53 24 44 35 57 34 78 68 29 56 35 55 23 2 44 65 7 34 83 35 88 39 81 12 75 41 62 48 17 21 13 26 86 2 68 32 51 74 21 16 66 83 38 47 35 19 53
1 51 17 13 34 10 12 22 89 26 12 57 81 26 58 42 69 48 9 56 39 29 82 83 79 96 68 64 60 65 75 75 61 39 1 57 65 59 77 22 36 70 27 16 83 33 4 42 12 50 55 10 85 79 79 33 57 85 27 70 60 4 77 65 42 19 68 72 36 49 8 69 59 62 23 45 66 82 44 31 44 87 37 53 59 57 72 38 7 59 72 34 35 97 10 17 26 47 75 100 31 83 17 23 10 86 70 23 60 97 28 52 60 71 23 20
17 95 61 67 18 38 35 59 88 10 77 2 49 61 94 66 60 84 93 77 47 79 53 13 28 42 66 22 30 7 42 52 48 97 71 20 57 29 72 41 29 67 5 84 39 41 55 41 96 79 13 92 45 70 81 95 22 80 59 83 70 87 75 45 33 85 37 19 28 10 88 41 18 67 34 80 38 98 53 82 8 83 22 82 59 60 39 76 44 29 20 25 8 35 13 95 50 96 100 75 44 28 23 17 52 65 30 89 18 69 69 76 32 95 51 68
26 26 83 64 6 88 47 23 31 18 30 40 18 51 2 2 56 91 19 93 90 46 38 57 9 33 74 30 11 81 46 51 62 94 15 88 89 95 58 8 4 95 94 34 84 27 95 46 35 18 61 82 78 55 52 91 48 26 83 50 43 78 50 44 44 70 42 15 53 36 33 78 23 93 36 100 98 86 88 75 32 63 70 14 34 53 13 93 39 17 23 7 5 80 55 21 75 42 95 22 71 95 23 100 52 50 2 50 22 42 30 24 27 32 49 16
23 4 39 44 94 99 50 17 14 94 37 42 55 15 10 59 24 83 88 10 91 96 5 51 45 74 46 2 74 0 52 15 3 15 75 15 54 17 76 14 42 92 15 29 94 68 23 5 11 91 8 65 89 8 31 37 10 65 6 25 86 28 39 29 97 77 54 85 90 51 13 69 44 16 0 68 98 60 6 94 79 68 36 73 8 67 31 48 59 26 21 7 25 94 57 15 77 85 33 53 75 100 0 79 31 94 32 56 25 8 32 30 5 93 71 77
75 12 43 41 34 78 16 69 96 32 70 71 26 9 33 25 63 20 40 97 100 56 71 74 81 23 42 13 81 78 13 58 38 35 8 33 80 10 76 90 77 19 50 58 88 15 58 51 21 35 42 94 15 5 44 78 61 90 42 85 2 40 13 24 79 65 52 10 21 1 31 26 22 29 79 73 85 60 74 30 60 5 81 6 16 5 21 93 60 53 60 19 92 39 44 1 38 0 81 2 17 64 87 60 82 36 48 80 76 48 10 4 6 98 96 7
63 76 89 42 97 70 2 72 10 29 75 24 67 98 57 46 8 88 64 91 51 67 2 86 10 89 22 83 58 82 8 38 13 63 12 72 11 13 22 1 94 58 50 44 37 19 80 92 28 1 69 80 65 78 93 60 90 84 74 76 68 11 59 34 47 40 23 23 12 68 88 77 56 61 11 9 55 23 42 11 75 99 23 43 59 54 40 82 23 33 95 36 71 56 25 33 79 80 54 3 31 92 89 21 84 59 0 61 99 100 18 14 61 73 85 39
51 56 67 25 53 75 68 97 38 28 0 47 55 9 86 69 59 19 63 0 53 30 26 12 88 6 53 67 59 90 65 90 87 81 35 23 13 40 10 68 95 4 1 2 46 5 41 99 24 45 39 98 67 48 42 77 54 76 84 15 28 73 33 89 68 58 29 67 36 87 59 74 57 11 8 2 45 15 80 84 6 97 32 9 54 66 99 32 35 6 10 99 20 100 35 46 96 47 94 90 69 1 1 58 98 91 86 6 0 83 84 42 8 6 74 15
59 21 47 67 86 32 87 78 20 86 39 90 92 80 8 19 87 25 21 31 82 92 86 10 58 25 3 59 53 20 19 81 87 99 85 99 62 38 13 52 42 78 49 48 4 15 8 64 51 95 92 36 78 21 60 18 20 97 14 45 51 35 28 52 35 50 29 6 43 42 48 25 76 87 28 3 72 71 67 12 66 62 34 92 57 84 35 72 35 89 28 73 52 71 16 76 86 38 53 67 27 36 11 11 15 36 83 54 21 68 50 13 99 22 67 77
74 96 69 5 71 16 9 31 77 100 98 55 100 54 47 73 52 16 45 70 97 96 18 28 58 71 34 25 44 65 68 87 32 75 1 95 42 56 60 71 85 41 99 51 73 91 83 8 54 45 64 82 70 15 52 71 77 41 35 89 18 24 32 39 34 88 40 16 56 54 34 72 30 55 63 8 74 24 37 68 59 49 62 11 47 71 49 12 59 1 2 93 16 16 85 62 16 53 60 90 91 95 66 66 96 41 40 8 88 54 91 70 23 10 10 77
7 28 47 89 73 92 22 72 20 28 69 76 27 65 11 3 8 46 44 91 68 52 16 73 91 42 53 54 15 57 34 41 60 33 13 56 67 75 37 29 29 48 79 65 65 52 0 57 93 76 79 51 37 42 7 88 47 90 92 84 22 25 98 63 66 78 4 92 8 30 69 100 85 20 4 45 38 85 69 30 93 93 97 70 47 12 69 59 90 98 43 76 82 59 45 78 30 81 18 93 99 86 68 87 13 45 51 82 49 76 94 40 56 6 27 97
64 34 4 79 31 12 90 73 42 89 4 54 64 93 64 26 94 51 17 0 2 97 54 86 57 95 39 30 19 40 34 87 83 70 95 15 79 7 88 97 15 93 16 78 26 37 24 26 55 5 88 62 41 21 63 49 88 2 10 38 74 25 7 86 38 4 9 90 99 90 15 9 55 98 16 85 8 71 76 87 93 90 64 38 63 14 80 77 48 96 24 100 53 40 56 91 54 10 67 12 97 21 58 62 43 29 5 29 64 68 13 3 87 56 97 13
46 12 71 76 66 39 56 65 37 14 77 97 30 57 44 72 45 19 56 94 58 79 4 78 22 18 27 62 60 75 85 96 85 77 88 12 87 50 19 84 90 29 53 49 67 43 57 6 1 23 72 68 43 26 33 80 54 14 58 54 30 28 28 17 76 7 50 11 5 51 92 61 10 81 43 78 86 0 27 96 78 38 99 57 20 50 28 83 4 77 27 35 77 5 63 72 85 55 55 30 68 7 54 79 73 51 97 10 35 99 9 49 31 36 88 14
99 43 22 36 10 43 66 10 29 92 39 96 39 46 13 31 71 72 21 30 7 0 26 4 37 93 79 64 27 51 62 34 48 45 80 97 98 53 18 38 13 10 49 66 80 86 16 22 75 10 72 25 48 8 87 33 65 38 98 59 62 15 33 91 16 63 61 77 78 29 28 33 76 59 42 69 14 53 85 66 67 69 53 82 2 57 85 84 11 22 90 32 50 58 50 55 42 18 85 72 18 10 73 63 29 5 11 61 76 28 18 68 65 85 8 3
60 67 16 87 31 79 1 71 8 3 98 25 26 35 30 51 71 51 59 4 40 57 93 49 95 14 9 41 57 30 94 36 99 50 45 23 19 25 43 53 40 52 24 23 37 46 25 87 76 47 48 78 82 18 41 56 47 34 63 95 59 36 91 70 34 0 67 68 2 98 27 58 31 29 51 92 48 100 83 48 23 90 82 64 36 85 17 29 17 60 97 1 39 87 23 24 65 65 52 80 53 51 8 8 50 69 27 52 84 100 14 51 8 17 77 4
92 44 77 23 79 15 50 14 36 21 43 44 34 62 5 41 93 39 89 87 56 57 44 50 10 69 49 69 57 50 39 75 52 33 18 69 75 30 8 80 60 15 18 61 41 21 80 70 100 43 17 56 48 36 43 94 21 59 74 98 6 78 22 53 66 26 54 71 53 94 87 10 68 46 2 35 0 75 85 91 34 21 91 12 50 56 30 86 42 61 23 42 21 68 21 78 0 13 82 2 46 80 67 35 43 63 93 55 10 44 52 100 95 2 33 46
54 19 68 42 51 86 27 61 25 30 67 22 89 75 89 55 20 39 47 51 73 95 76 25 71 5 21 67 30 10 7 8 3 42 88 43 87 98 58 60 85 70 6 99 41 36 61 28 57 19 96 73 52 2 51 0 52 30 35 47 88 98 88 53 74 80 87 20 39 8 67 98 10 71 15 72 100 60 48 94 73 77 100 37 52 98 74 40 44 63 35 67 44 98 93 76 71 2 18 20 69 15 79 82 31 98 42 10 44 21 38 100 33 75 0 43
17 21 46 86 63 77 100 35 14 61 18 29 25 87 10 51 10 100 60 98 84 27 83 47 5 1 67 25 95 39 1 89 18 77 24 17 60 38 58 94 5 81 41 24 19 92 43 41 78 10 90 18 99 30 25 3 67 81 24 6 79 55 59 66 92 44 93 46 100 86 67 40 83 53 21 20 37 44 89 42 9 5 62 50 96 88 46 57 17 4 38 17 85 95 12 11 83 0 24 49 56 63 78 57 42 87 8 87 76 94 47 3 33 85 31 11
72 13 12 2 68 17 89 10 47 33 94 19 60 90 87 17 31 75 26 86 1 77 54 59 16 58 75 7 79 26 21 4 32 6 7 90 63 99 36 44 67 98 89 66 55 26 45 91 94 88 90 81 62 30 13 99 89 46 64 77 7 1 17 33 36 10 61 19 13 7 31 93 18 86 7 22 87 69 31 68 93 99 31 86 79 53 66 74 38 19 50 3 24 12 38 18 21 8 22 84 27 100 78 41 69 5 99 37 12 35 76 44 36 78 39 66
17 60 80 82 30 78 57 68 51 88 79 72 57 14 17 45 1 6 71 13 15 58 18 67 48 17 86 30 38 78 6 86 6 24 52 56 7 89 85 68 45 10 39 84 73 82 14 67 33 89 93 15 36 23 79 85 20 32 33 27 79 28 22 37 56 44 85 20 58 56 17 71 40 57 59 74 47 54 15 8 53 39 64 93 12 76 63 54 78 12 66 5 53 97 39 14 55 17 7 12 16 21 71 58 28 38 22 6 34 12 62 15 64 83 5 32
75 49 93 78 29 24 13 0 11 21 24 12 79 10 3 24 100 71 51 81 23 68 26 18 75 40 20 32 79 76 76 21 49 87 15 52 94 73 60 13 47 76 59 90 8 86 13 14 64 17 68 65 85 70 8 85 32 35 20 65 24 15 15 37 98 60 30 77 87 0 37 84 8 45 24 92 10 53 91 66 100 26 23 67 21 78 45 2 30 26 72 84 5 20 82 11 83 82 6 35 8 69 49 92 47 19 75 85 87 53 84 11 96 96 19 88
59 61 77 14 4 89 41 26 41 5 57 8 76 11 62 12 86 56 45 37 64 86 70 88 67 90 11 11 51 74 52 89 7 1 50 32 99 66 13 48 29 83 86 36 24 11 4 14 6 98 52 100 4 38 52 13 84 8 59 81 60 84 64 41 42 16 84 80 2 77 78 80 52 35 85 30 21 29 66 36 4 70 60 86 87 78 3 25 40 44 86 97 63 78 6 15 94 57 46 6 60 48 39 77 9 34 59 81 19 20 100 9 29 36 56 70
66 15 33 51 89 48 24 30 26 63 76 62 73 77 51 50 69 25 33 75 12 87 21 51 78 32 32 37 46 18 18 85 89 28 37 56 58 69 47 6 13 20 15 76 88 78 35 35 56 69 33 77 90 62 67 38 62 95 85 40 4 16 63 17 60 4 20 42 26 98 7 39 63 45 97 79 45 74 60 11 78 67 99 78 78 15 17 59 59 93 0 22 32 93 95 55 57 36 29 63 69 6 89 49 32 3 48 16 87 81 12 84 79 40 11 59
3 10 99 38 14 42 55 48 56 62 19 43 69 2 75 76 33 57 59 27 91 27 60 54 78 30 47 79 72 50 14 39 55 71 91 31 100 42 65 95 50 20 3 23 24 59 72 49 51 19 18 85 75 14 78 58 83 21 29 2 82 47 71 74 96 5 96 36 79 65 37 27 0 96 49 36 73 80 71 26 47 82 100 71 71 82 12 47 54 18 69 16 61 15 100 94 64 90 41 97 94 85 2 100 64 9 29 49 18 71 74 78 82 15 3 20
4 17 96 89 63 13 99 92 82 47 74 94 10 30 85 90 82 73 95 55 13 50 47 89 72 28 3 99 62 37 33 20 66 80 31 82 23 59 92 61 31 84 35 43 52 98 75 63 30 56 16 22 35 66 64 38 25 10 40 29 47 66 33 99 40 5 56 43 54 99 1 43 88 9 65 14 14 6 77 72 60 97 13 58 18 30 12 51 61 15 0 9 5 68 78 0 6 35 10 56 89 57 22 23 65 86 35 98 32 35 91 63 83 28 83 33
70 16 85 65 83 93 4 42 13 78 30 74 56 53 44 51 19 16 5 43 75 2 92 88 8 80 5 90 80 100 63 74 89 68 46 64 39 59 78 64 1 57 58 44 64 47 79 96 27 50 70 24 26 67 30 83 20 34 3 100 26 8 26 27 19 91 99 48 57 45 58 1 30 87 49 25 26 66 96 52 18 69 69 53 46 73 97 75 33 92 44 11 80 22 16 22 90 70 31 30 5 34 98 89 63 11 48 87 20 72 87 40 77 67 64 41
45 72 32 46 5 61 0 100 26 38 17 82 93 45 77 20 79 42 47 12 33 33 71 97 68 42 100 46 44 52 10 24 63 56 81 32 89 91 37 68 66 4 56 59 98 20 74 73 37 60 45 12 32 99 25 13 15 72 97 16 81 20 75 91 39 5 13 37 52 97 72 90 0 87 100 46 76 50 67 21 20 86 100 52 85 94 59 49 96 61 5 13 24 50 44 98 96 66 54 62 64 85 91 56 71 23 25 21 46 51 98 79 97 27 67 17
50 48 23 36 30 32 61 58 11 86 43 9 60 31 24 74 86 69 1 13 14 80 21 22 41 76 78 25 62 93 39 95 85 100 25 47 21 21 63 60 43 21 39 28 95 78 54 95 42 25 38 28 29 12 70 37 46 47 52 98 23 42 79 79 21 81 23 48 8 96 40 54 86 7 32 95 33 35 94 87 86 53 93 12 29 62 62 90 9 73 20 19 82 5 86 6 48 3 19 48 37 40 64 35 26 40 61 97 26 34 87 95 10 30 10 38
48 24 24 25 88 93 43 57 68 56 20 56 32 22 75 3 33 58 17 30 34 34 100 1 97 27 12 64 100 32 43 44 42 40 55 13 100 4 48 60 60 61 31 40 100 70 89 84 61 9 69 62 45 55 44 22 52 87 57 87 81 29 77 68 32 21 24 56 72 58 87 65 15 79 9 17 20 58 32 36 67 25 65 89 35 100 22 59 79 8 96 65 17 54 99 51 65 62 43 35 12 2 78 28 28 88 47 23 33 94 20 78 18 22 21 79
44 92 10 37 80 22 66 77 63 69 17 18 22 47 75 45 93 57 32 36 37 82 50 39 95 35 15 75 29 7 90 19 61 88 77 20 2 77 44 16 96 46 76 20 62 26 59 100 76 31 3 28 84 53 62 37 21 95 78 7 20 63 11 81 0 34 14 43 94 33 10 73 82 65 16 93 10 24 77 48 31 35 80 70 7 15 4 63 26 31 53 82 67 72 34 13 100 59 15 19 56 96 62 39 24 27 28 96 29 32 38 88 22 45 75 85
36 22 51 78 90 30 47 89 1 41 84 17 6 40 78 21 30 89 15 53 55 45 96 43 11 12 30 28 10 50 10 1 12 13 55 49 53 92 95 72 30 6 68 35 100 34 33 59 19 10 0 42 76 84 19 2 51 22 66 94 39 25 51 9 7 78 38 93 20 28 16 54 90 41 68 60 46 2 44 79 29 98 8 18 49 26 53 88 80 82 25 87 57 49 63 40 30 57 51 7 12 70 78 51 22 15 9 98 79 86 39 84 65 53 11 69
91 16 5 62 49 83 78 93 38 22 74 70 11 58 36 90 99 55 51 20 44 59 37 19 38 71 48 49 27 28 71 50 20 16 51 76 48 47 44 33 0 20 28 62 57 29 69 43 14 60 17 23 69 33 96 0 42 47 31 6 2 38 82 39 13 10 86 55 88 94 95 10 8 31 71 17 99 100 2 23 47 65 60 73 74 29 36 57 57 74 37 82 62 75 53 74 76 58 8 75 30 16 1 73 73 12 50 90 7 100 30 20 72 70 72 8
21 21 22 79 7 24 94 81 41 4 88 42 49 96 71 51 15 65 24 6 47 16 6 1 60 49 49 72 3 10 5 4 59 87 78 81 37 26 70 65 8 21 27 40 65 46 59 70 54 41 49 100 35 18 61 14 41 77 74 66 21 1 73 56 74 83 64 82 84 75 73 9 27 4 25 26 13 20 74 63 86 22 87 90 68 40 93 32 37 3 1 15 23 93 99 42 88 70 8 85 11 98 88 96 62 13 98 53 20 44 66 67 72 43 85 38
28 95 14 70 7 63 40 34 45 23 21 8 13 13 53 52 19 15 36 56 47 98 97 3 97 51 14 8 41 1 97 94 88 22 54 34 99 50 78 45 33 68 77 21 51 70 18 30 90 42 27 28 29 55 33 96 52 58 63 10 77 30 57 75 94 56 19 65 15 91 27 47 12 88 19 68 32 87 92 65 33 44 65 45 41 97 34 56 18 78 20 33 34 54 31 1 41 57 73 44 40 80 24 28 79 37 57 62 63 81 56 48 10 42 96 89
20 90 6 34 39 12 76 21 11 46 67 67 72 85 93 44 18 97 66 48 53 3 73 59 57 40 82 58 91 24 40 4 50 13 60 29 17 59 95 52 62 37 81 59 21 43 69 38 68 12 100 75 69 48 4 63 94 18 39 10 4 82 65 82 35 30 40 57 69 84 97 46 43 37 84 15 40 99 4 65 19 59 29 68 50 90 1 12 35 19 84 41 95 37 62 68 57 38 12 54 8 34 76 83 25 20 95 10 81 28 12 10 88 82 31 58
35 29 32 47 40 19 25 10 16 94 1 59 78 46 48 21 70 7 1 23 96 45 41 54 93 9 74 6 97 45 79 45 1 91 8 46 77 96 90 8 51 97 73 36 48 3 40 21 19 34 98 85 79 44 81 89 57 11 39 87 70 78 26 32 34 68 90 92 57 13 37 35 58 99 72 11 62 1 94 25 51 61 54 29 47 58 42 92 88 90 51 53 26 40 45 60 55 42 41 84 38 8 11 41 86 56 73 78 61 51 12 5 4 17 71 8
66 85 55 24 32 72 59 52 87 45 30 64 43 80 7 81 66 88 89 37 31 43 63 10 19 47 25 36 12 64 12 39 59 49 34 27 0 62 80 89 82 44 56 77 22 52 6 31 69 98 67 72 70 66 74 15 94 52 66 41 35 15 86 46 80 98 69 2 37 69 5 83 93 49 47 50 28 65 6 51 0 58 86 0 75 96 83 29 85 75 7 49 65 74 15 62 78 94 40 94 83 91 28 11 74 88 11 84 35 69 30 50 58 87 49 79
39 99 13 74 67 38 16 8 20 80 60 0 70 10 70 52 25 86 12 37 75 69 58 89 81 61 40 80 87 33 66 51 33 83 35 20 49 71 53 57 55 89 68 11 41 18 69 87 31 30 4 96 97 65 91 47 30 78 16 40 76 40 90 95 80 0 53 71 67 44 18 54 4 31 95 77 98 91 82 74 47 25 43 29 59 61 83 62 69 58 68 85 75 65 82 24 68 31 9 97 86 45 76 72 83 23 46 13 69 39 12 12 85 55 100 44
81 73 7 91 70 91 7 32 92 23 3 92 7 54 30 4 54 72 91 46 72 5 6 62 54 27 17 29 34 57 90 59 12 8 26 79 58 71 93 94 73 45 70 54 72 7 76 65 32 77 12 3 36 69 91 10 19 72 27 11 49 9 64 31 66 35 92 40 21 88 31 25 96 16 92 10 51 100 0 19 22 33 14 96 48 100 97 87 25 63 14 0 13 2 69 68 60 36 25 87 58 41 9 26 4 51 29 59 33 73 89 72 8 11 69 82
56 15 11 60 69 67 43 16 58 100 79 44 20 81 83 93 46 29 81 92 89 41 69 65 100 81 10 54 80 65 16 18 79 48 74 90 16 25 50 78 58 33 80 63 24 19 76 94 95 80 17 20 78 34 95 39 11 0 30 14 63 69 64 71 20 53 15 60 0 29 69 68 67 53 90 34 32 43 57 91 60 0 97 27 70 65 91 36 96 33 44 57 79 19 81 64 5 16 84 30 24 75 70 72 66 20 29 85 54 100 75 64 47 53 85 18
7 89 20 52 62 28 46 39 38 16 20 21 8 50 72 41 64 64 79 69 8 29 64 0 22 39 51 68 38 24 25 71 70 6 26 74 7 69 91 45 85 23 86 23 6 80 39 90 42 20 17 76 96 22 85 52 17 75 35 56 99 67 64 51 24 4 64 86 73 51 81 80 83 62 30 30 66 19 37 40 97 7 18 82 5 65 7 40 16 60 32 2 53 3 11 75 41 3 41 56 20 11 37 66 23 40 27 76 29 92 5 84 93 42 76 99
54 84 82 94 69 32 75 50 26 32 6 37 56 3 8 33 67 74 12 50 93 19 21 42 54 79 22 47 39 71 94 17 89 60 68 55 11 24 88 34 63 36 29 70 5 47 68 49 12 97 55 84 6 68 18 97 56 13 13 21 60 22 67 25 58 65 22 83 63 88 37 51 80 50 90 85 54 88 59 75 99 52 11 6 58 3 65 21 54 30 54 10 31 36 51 84 24 81 46 87 94 68 87 73 57 81 63 43 74 42 84 53 20 7 80 25
78 0 32 25 59 54 47 94 58 59 21 82 8 35 48 5 2 15 6 67 87 2 76 18 94 58 53 50 25 71 70 66 39 84 4 47 85 93 25 71 17 22 6 42 62 97 4 36 45 61 15 56 24 97 29 90 33 61 52 60 79 69 67 74 92 67 9 82 100 31 97 3 87 85 59 22 3 13 39 2 63 67 80 55 13 47 86 19 33 3 94 98 62 53 61 37 86 45 79 99 2 87 27 19 67 23 96 81 54 18 17 61 67 84 24 88
100 5 69 85 36 14 81 2 0 60 84 25 9 45 40 53 92 86 23 39 35 57 71 58 29 25 17 35 77 42 70 34 87 86 34 81 14 99 89 70 16 46 40 68 12 62 80 27 9 24 49 13 62 40 27 85 26 83 47 47 59 39 22 25 45 68 88 64 47 65 22 37 45 13 22 68 4 2 98 95 15 70 98 96 79 65 68 86 93 31 15 90 76 34 33 94 61 13 98 39 10 53 25 91 97 27 77 98 74 43 100 18 12 23 15 77
32 92 63 37 3 21 69 81 21 28 10 6 51 36 100 46 69 50 14 96 15 20 39 33 21 16 73 38 43 75 69 44 97 46 81 10 2 92 42 51 91 13 59 47 56 38 39 99 4 97 70 100 98 88 59 79 73 89 20 65 47 34 59 51 54 8 48 36 72 82 100 33 41 52 88 20 67 78 92 31 37 81 72 86 40 6 51 44 67 79 56 99 82 37 22 86 95 93 83 91 5 35 50 40 40 7 55 29 68 6 64 45 3 17 10 42
22 81 10 91 97 98 19 83 8 19 63 31 98 85 27 65 7 22 91 50 77 99 90 17 34 42 10 53 43 96 29 26 29 90 69 5 77 89 12 8 62 17 76 54 59 88 93 78 51 30 94 51 86 6 35 49 41 41 58 35 27 94 22 62 24 41 75 39 74 2 66 35 100 55 64 44 93 49 44 18 80 21 8 83 36 24 35 9 85 80 100 34 62 89 19 9 98 91 1 55 16 40 96 88 65 63 44 96 23 69 49 20 97 44 20 46
95 56 0 96 10 97 34 71 60 8 19 44 34 71 81 5 30 52 83 41 43 21 65 5 41 71 80 21 57 77 59 80 31 11 91 65 58 48 79 6 7 76 2 43 39 97 10 94 33 100 82 78 2 38 19 22 45 97 29 37 69 89 57 10 46 9 96 67 66 74 5 83 90 5 45 42 76 66 82 70 27 92 33 97 14 63 70 64 81 2 18 31 74 26 59 92 55 88 27 24 90 68 2 11 38 87 36 82 1 96 100 74 55 80 50 40
24 99 7 15 49 96 24 37 0 50 60 79 2 44 30 19 98 14 7 43 36 94 31 97 13 99 77 50 14 93 11 43 65 82 91 67 23 1 84 0 71 98 91 33 68 82 34 61 35 37 83 51 94 91 85 53 40 3 36 64 37 80 48 24 12 17 44 25 37 10 42 63 52 6 50 93 67 55 21 90 89 35 55 81 49 14 80 81 5 77 16 23 48 76 15 75 87 79 20 10 42 68 41 95 88 56 66 8 71 24 38 80 75 58 33 46
75 86 26 42 53 68 88 86 79 92 31 89 74 2 83 88 25 21 98 86 67 82 82 4 6 36 78 80 98 2 50 100 91 90 98 80 37 14 37 9 34 32 64 3 10 16 37 32 85 58 89 71 96 77 70 96 76 53 5 27 20 53 50 30 39 48 84 75 87 62 19 34 13 17 58 74 92 69 12 66 86 40 8 59 58 13 47 75 0 91 53 58 22 47 52 11 14 66 52 72 6 13 8 38 54 83 82 37 61 75 57 76 77 88 62 29
24 35 20 2 22 19 76 29 54 31 58 95 9 3 29 26 34 1 35 8 64 64 66 30 79 18 62 68 35 2 31 20 27 16 47 93 18 30 64 26 36 50 3 64 81 72 93 69 64 90 25 47 36 42 79 57 45 93 56 33 1 12 86 12 92 48 24 67 92 8 45 19 93 3 20 88 94 42 60 66 56 88 19 9 66 42 48 60 61 98 43 38 29 51 66 60 46 40 7 21 15 67 75 89 65 82 46 53 22 11 80 17 51 78 67 25
69 71 53 30 91 80 55 19 63 44 95 55 63 21 71 22 46 53 91 36 40 28 36 98 57 100 35 35 64 99 50 80 74 71 38 54 69 19 0 93 52 26 7 16 52 94 47 29 79 62 92 88 40 98 64 31 98 85 42 93 14 79 32 36 71 81 29 51 69 15 28 79 40 82 12 15 16 51 56 53 1 13 22 65 90 1 97 61 31 0 14 72 72 65 37 87 1 37 59 33 49 87 27 56 21 63 13 71 29 64 55 44 14 20 34 50
8 84 87 26 64 65 96 32 6 83 1 77 20 79 25 94 19 71 35 16 47 73 41 70 46 75 9 8 59 83 33 55 77 24 65 36 29 92 87 70 4 89 62 71 34 61 41 45 3 30 76 82 99 43 86 45 64 93 70 2 87 80 91 95 59 36 48 24 46 98 77 97 77 1 35 51 71 27 63 83 86 21 34 16 43 90 23 24 88 19 45 11 56 48 97 53 14 45 83 30 29 5 17 73 85 38 51 69 78 5 33 87 87 5 61 68
70 99 79 67 6 27 52 38 94 92 42 67 43 70 53 11 91 40 53 57 17 96 54 20 43 44 39 1 1 40 8 34 0 86 32 99 89 87 66 98 21 81 29 15 68 49 40 22 51 27 96 67 18 17 49 57 29 87 68 76 2 21 21 1 6 28 10 36 29 64 63 3 77 70 36 89 12 74 39 28 49 33 65 32 5 26 57 54 99 57 100 7 80 95 99 6 78 27 86 47 50 24 54 82 29 16 59 15 85 100 16 19 46 91 92 89
0 69 53 68 11 18 91 51 66 8 77 58 52 8 51 93 64 80 85 42 32 27 83 91 44 79 44 63 69 78 88 71 78 76 41 28 88 91 10 88 52 96 54 77 16 62 99 86 28 12 92 20 13 19 0 26 94 68 44 99 33 79 6 71 41 25 5 64 26 56 60 95 91 27 11 91 73 16 58 79 20 14 92 11 79 29 41 100 21 56 88 43 83 79 17 3 56 66 8 41 26 36 32 64 99 20 50 95 8 73 94 15 40 80 52 6
45 25 68 78 51 78 88 18 53 25 62 26 95 11 50 90 59 27 38 24 71 85 60 77 14 24 11 44 94 95 23 30 0 77 66 68 99 94 17 45 10 78 78 55 42 87 5 39 77 65 97 73 90 51 74 17 69 36 18 11 17 95 39 58 31 50 64 60 13 88 30 4 30 59 7 10 74 73 29 22 66 20 20 72 90 76 8 47 83 25 62 40 40 8 85 51 67 45 27 20 2 92 99 55 30 70 17 22 46 17 7 22 90 45 63 47
26 52 27 7 7 39 20 97 59 58 8 23 29 19 72 51 65 25 58 7 31 68 94 45 89 0 0 23 65 85 21 68 97 12 31 51 47 39 96 54 95 26 15 41 3 24 72 82 44 41 29 23 11 3 33 75 51 50 46 10 8 76 7 18 47 9 86 22 100 4 69 50 33 84 36 32 74 42 100 17 30 11 68 19 55 86 27 3 97 33 53 12 69 7 84 60 45 30 6 31 69 70 87 63 42 54 82 49 40 14 42 61 88 97 43 55
53 20 47 20 54 77 91 11 61 20 31 91 66 33 42 100 47 54 72 54 98 98 14 86 85 10 6 63 88 44 67 43 59 25 4 15 7 97 42 42 19 21 87 8 19 4 72 21 60 72 4 77 0 46 64 1 38 32 40 92 1 55 79 67 72 22 57 17 80 71 61 30 7 91 31 68 31 98 100 92 86 1 32 78 10 82 75 95 0 96 86 6 33 7 3 65 20 51 71 74 37 4 18 51 84 82 45 22 43 74 28 38 34 25 98 67
33 1 63 38 83 95 48 27 33 7 37 25 24 14 2 92 10 6 40 9 49 87 63 29 89 15 64 60 60 31 57 47 33 46 82 43 16 36 46 99 3 18 10 49 4 32 58 23 4 61 76 11 80 18 5 40 59 72 66 15 57 42 77 20 77 25 40 58 43 9 27 39 15 87 53 82 90 53 16 3 27 41 32 81 39 79 44 2 17 11 17 18 17 76 59 2 15 38 69 30 56 41 71 24 21 68 35 35 82 73 18 37 46 56 15 1
57 68 47 20 99 2 13 87 70 27 82 92 30 91 25 14 28 96 65 52 31 10 5 86 82 5 86 58 36 80 45 49 91 79 9 38 56 40 5 63 36 37 14 39 84 88 93 49 16 15 99 30 56 49 60 88 2 35 45 83 36 80 94 59 5 22 95 96 53 77 31 50 19 25 17 37 31 33 69 28 71 53 92 77 55 97 64 70 44 90 40 72 23 44 94 61 66 33 7 64 92 53 31 47 68 55 34 94 7 0 72 45 71 92 12 78
16 90 0 40 54 61 52 34 46 83 48 61 11 89 28 78 88 77 4 62 70 3 61 61 25 35 93 68 95 57 93 41 38 59 95 67 20 55 68 5 83 23 79 84 24 70 78 51 40 11 16 72 82 35 88 13 13 19 88 23 98 100 62 20 65 77 47 26 69 9 25 78 8 10 91 54 13 52 44 56 30 56 43 94 13 60 34 3 87 8 99 39 79 83 50 92 51 65 91 28 44 64 61 76 91 55 50 38 38 71 39 73 34 7 2 37
38 9 56 73 53 19 4 18 84 70 42 7 23 92 81 70 96 19 89 69 58 40 54 52 92 22 77 74 46 2 71 52 100 19 96 85 90 7 81 74 99 27 77 50 11 14 24 54 78 32 70 50 10 31 75 28 14 60 50 14 94 18 9 64 95 21 0 95 81 46 82 89 2 29 83 36 56 89 67 70 72 22 1 61 57 48 49 66 34 17 35 61 91 89 13 12 99 98 30 54 91 98 85 20 2 11 83 57 21 27 78 48 34 95 19 55
87 95 5 15 26 53 39 12 99 95 25 9 28 92 18 37 34 13 46 90 25 95 47 24 93 0 84 24 2 31 15 41 6 44 33 97 84 6 5 88 30 100 39 86 15 40 39 1 18 16 74 56 9 95 98 5 76 98 64 62 74 98 7 85 90 52 54 55 78 83 68 68 65 53 86 11 26 41 3 100 49 73 94 14 59 32 61 71 55 16 67 57 72 56 73 28 66 85 8 5 46 65 26 79 29 84 99 13 81 26 2 4 26 40 50 82
16 16 59 56 21 3 0 21 8 70 29 85 16 63 100 4 26 61 13 33 93 28 33 98 61 51 23 51 64 64 77 20 98 71 86 100 51 78 7 55 19 44 96 2 59 76 4 28 75 77 58 50 74 100 5 89 67 15 4 33 14 50 86 21 56 92 22 50 90 21 2 87 48 3 22 68 69 33 95 77 34 57 40 57 77 70 52 46 58 52 81 89 58 70 33 66 51 4 8 31 85 45 95 21 84 25 44 40 58 15 15 5 13 18 24 11
70 90 100 9 22 61 53 33 45 87 22 31 46 33 31 50 77 64 62 56 74 59 65 79 93 23 63 61 30 81 61 96 76 47 5 32 41 93 1 64 67 72 56 64 44 50 0 76 43 26 79 95 52 54 15 16 17 31 65 75 100 0 41 97 8 67 3 10 2 72 74 56 36 10 11 87 78 95 71 91 19 96 0 18 1 62 10 31 79 18 3 85 77 48 67 26 74 78 55 45 16 74 10 43 83 49 84 70 3 51 49 33 26 4 12 19
69 76 47 41 58 90 68 18 46 38 75 19 46 1 61 15 26 49 42 8 98 22 57 29 90 45 11 21 33 24 21 20 15 74 99 62 77 23 72 63 20 17 45 32 40 34 93 95 9 52 85 45 72 25 28 21 100 69 62 33 96 39 17 7 66 6 59 51 6 78 50 87 93 63 69 70 36 15 80 39 90 48 9 86 87 100 66 99 1 43 95 1 28 93 80 38 33 62 19 17 70 44 65 91 70 31 83 22 72 13 21 56 70 80 2 11
87 72 4 92 79 16 63 30 81 97 18 18 26 22 99 29 69 49 21 44 47 65 80 80 84 64 33 67 91 31 60 67 68 36 58 2 41 67 11 86 31 36 62 11 50 48 54 45 33 50 79 93 28 71 70 44 62 48 3 89 4 64 43 94 9 7 71 2 17 21 37 59 75 94 93 23 2 79 55 41 40 37 7 64 62 89 78 95 57 13 22 91 92 85 68 11 67 32 2 50 63 7 85 44 25 24 55 0 92 26 65 67 41 7 33 89
60 74 73 46 74 94 42 37 16 65 45 51 43 94 11 32 5 27 35 61 33 76 62 19 1 19 8 89 59 55 94 85 26 27 77 48 92 95 75 94 33 10 42 74 17 26 5 6 72 35 88 47 40 81 25 29 98 35 50 80 35 12 31 8 52 57 35 69 83 94 46 93 35 22 43 5 28 100 99 16 40 15 98 14 72 14 52 85 60 13 78 30 90 12 15 90 8 29 97 47 96 49 72 57 16 40 81 19 78 44 58 67 78 91 0 91
22 25 3 31 51 85 22 73 16 62 59 65 3 72 100 13 73 22 53 38 43 49 62 6 10 90 11 32 3 94 66 9 37 6 55 47 69 3 87 81 96 92 3 30 9 20 9 50 19 48 46 61 36 97 48 48 7 89 14 66 64 22 31 43 3 50 69 50 66 7 0 78 47 90 47 11 5 99 57 11 10 50 74 78 91 28 69 83 37 23 22 33 15 3 42 99 45 67 61 95 26 13 72 94 31 68 28 4 60 30 17 93 82 61 24 52
63 5 15 73 71 38 65 42 22 33 62 70 82 9 13 86 34 77 13 6 64 61 76 48 2 25 85 29 12 64 45 43 84 46 2 63 79 92 12 25 5 2 7 57 7 55 3 10 99 95 42 100 73 31 76 27 22 22 79 27 34 86 21 1 70 25 27 83 73 81 3 76 76 66 41 44 36 98 36 53 17 86 28 53 80 58 25 99 35 53 83 8 98 87 4 12 25 76 66 58 68 22 87 5 54 3 52 53 52 75 64 50 9 34 89 12
65 67 9 95 61 97 6 97 27 70 97 92 61 4 74 28 8 11 15 15 34 26 29 78 23 42 93 65 87 50 44 93 96 49 64 32 73 46 39 53 52 86 46 67 54 34 41 17 76 70 49 0 61 97 12 22 51 6 36 93 91 58 87 79 63 35 24 14 31 38 88 59 29 67 8 100 25 78 49 57 39 17 11 100 64 84 21 50 70 8 3 35 34 17 24 12 39 45 52 75 73 81 14 29 88 74 94 67 48 87 28 65 50 77 94 36
19 29 87 48 8 15 77 51 86 6 83 33 18 38 13 85 42 16 61 29 57 51 80 89 22 40 61 16 55 27 79 87 19 16 58 92 33 31 7 41 79 96 92 89 62 53 98 65 69 56 59 77 27 86 18 40 4 84 6 11 14 46 74 78 41 85 65 74 95 3 18 63 57 43 49 5 46 42 39 84 91 25 37 96 7 20 81 27 62 31 37 70 33 5 36 96 68 90 2 85 28 74 85 59 44 53 97 72 57 55 82 70 4 7 48 57
60 26 70 99 66 32 34 39 65 65 73 72 73 100 8 82 74 5 80 7 79 55 10 19 87 45 61 77 55 64 52 12 89 91 17 88 44 90 53 87 77 76 56 27 31 89 63 57 25 80 14 26 1 75 2 7 94 6 21 28 97 46 77 49 75 5 84 5 75 2 100 84 33 28 8 97 1 73 41 52 8 4 81 79 100 47 46 61 5 45 42 92 1 62 35 28 56 0 68 47 34 1 36 69 14 94 82 28 62 29 9 100 92 2 26 31
27 62 44 17 27 40 63 59 3 93 32 0 94 10 70 21 35 23 22 1 2 24 80 77 90 65 52 4 18 34 30 26 96 19 6 86 98 11 53 39 44 97 59 10 5 13 74 69 78 40 69 81 22 96 4 3 76 87 15 78 33 51 13 56 97 43 70 9 61 71 8 79 32 70 87 9 45 44 61 98 23 44 7 85 51 41 10 65 79 89 19 59 39 43 75 0 30 75 87 52 37 41 85 62 87 47 54 15 24 77 53 57 75 73 34 68
86 40 10 13 77 68 72 100 49 86 67 94 70 46 4 3 11 77 92 58 9 67 56 20 71 42 96 35 42 44 84 63 96 3 4 38 19 2 75 75 32 24 53 94 33 6 91 73 2 5 97 62 91 91 39 40 30 86 98 87 58 87 95 16 56 88 75 0 51 31 84 12 78 61 72 78 80 25 78 29 42 28 66 27 4 43 5 50 92 75 76 75 9 88 50 39 57 10 52 24 1 18 0 67 98 53 60 39 22 25 37 15 97 83 96 27
44 73 38 7 14 73 20 25 13 76 92 78 40 80 35 57 75 10 96 78 41 22 57 0 17 79 8 50 36 96 69 85 80 17 70 1 89 98 58 13 71 75 86 43 27 26 84 94 11 27 49 43 53 61 99 50 87 27 48 44 65 82 10 39 87 15 95 76 12 97 75 95 78 33 90 33 88 73 43 34 86 18 36 67 61 68 25 20 82 58 35 21 14 26 97 46 75 37 25 23 51 11 18 53 94 31 49 5 66 12 10 32 55 98 81 100
27 80 31 0 3 87 44 69 13 55 6 0 82 5 90 42 89 31 43 79 33 21 15 14 1 79 19 65 43 98 32 78 58 53 34 26 81 83 97 39 37 36 55 81 21 25 16 98 86 16 66 74 38 19 100 94 33 38 57 7 62 47 2 43 81 29 71 26 46 80 95 47 0 43 50 22 61 29 56 35 57 78 74 97 81 22 3 6 100 9 90 2 12 45 19 69 35 92 13 66 43 96 62 74 35 3 8 49 78 68 84 53 48 40 67 40
51 19 5 35 22 17 7 18 86 81 17 33 21 22 38 12 73 1 11 7 42 12 96 49 33 35 61 6 43 50 71 87 10 85 3 61 55 47 69 89 5 34 33 20 58 76 95 78 66 9 53 7 1 86 33 51 60 31 97 98 32 53 99 18 34 37 98 33 20 79 78 22 39 99 2 1 42 6 100 11 3 38 87 98 46 35 2 63 23 21 94 26 9 12 100 55 97 68 18 31 5 34 10 93 92 12 75 82 75 28 53 65 6 98 30 98
6 67 30 83 79 85 51 94 30 67 34 19 26 40 23 78 16 26 100 56 73 53 89 54 84 73 52 20 59 100 48 56 41 5 85 28 68 57 29 89 86 100 46 0 82 44 1 41 27 73 0 14 96 90 96 24 16 4 23 74 18 62 92 42 36 2 23 21 63 72 74 71 9 13 56 8 43 90 27 87 80 13 19 25 78 45 83 75 66 6 15 60 99 48 46 14 74 57 51 19 44 59 32 92 37 13 34 98 85 51 39 73 70 29 15 35
43 1 51 8 35 60 35 95 36 29 62 19 62 10 96 16 38 81 27 19 43 63 26 51 1 16 45 63 40 34 87 25 37 4 76 4 93 14 86 84 35 4 15 2 36 3 53 38 4 94 26 15 20 5 19 4 98 80 11 58 14 52 88 2 42 28 41 74 9 95 60 98 70 95 62 39 96 23 67 87 56 50 87 78 5 61 13 14 73 44 96 7 32 11 85 79 21 71 99 20 8 26 55 62 64 55 88 83 43 17 90 40 31 66 36 9
2 49 4 26 70 35 33 63 87 68 95 87 57 31 26 36 81 64 67 57 43 59 57 77 34 77 17 96 10 26 3 53 59 73 83 22 29 22 32 63 21 49 12 0 80 9 53 4 99 5 44 20 0 63 12 15 56 16 63 52 84 36 90 64 82 33 38 58 84 55 68 47 83 48 53 19 60 53 97 55 16 1 94 75 65 72 87 48 56 26 34 47 22 11 79 100 27 40 79 82 50 99 13 87 4 9 59 95 69 45 10 22 14 18 37 61
9 65 1 87 30 23 3 85 8 34 80 11 51 79 5 8 92 85 91 42 25 37 97 43 4 99 66 73 10 65 36 5 92 76 62 43 85 70 11 50 50 61 51 7 9 37 85 30 86 30 3 62 73 23 5 37 99 59 67 17 43 97 13 91 50 44 93 33 18 69 56 11 55 99 64 24 0 4 76 28 55 9 48 48 89 91 58 69 7 31 10 42 53 42 65 2 35 39 98 14 3 85 30 38 24 39 95 13 56 5 83 51 0 23 89 30
37 80 87 63 44 34 58 9 23 11 62 81 22 5 11 84 60 61 35 76 8 3 90 91 5 32 18 16 41 95 14 44 36 90 18 34 39 85 88 0 26 83 15 3 49 7 73 30 84 61 48 85 0 11 83 54 5 37 25 13 75 25 52 34 92 16 6 72 40 93 11 37 33 19 60 54 73 62 38 67 36 81 45 50 17 99 21 88 25 47 52 55 73 34 11 73 42 16 70 32 81 4 12 80 45 74 4 42 24 3 61 41 79 77 24 13
16 76 89 32 19 90 34 54 25 59 87 39 99 77 84 27 79 59 75 1 22 38 2 0 90 7 35 88 36 4 36 99 47 99 89 3 26 60 4 31 81 30 7 90 9 63 9 99 83 85 84 97 75 33 36 10 1 0 11 99 18 2 55 79 61 91 22 24 15 21 41 93 77 96 95 79 36 100 46 11 95 69 6 74 4 80 88 23 86 53 90 42 46 9 85 81 30 53 15 88 96 98 2 17 46 86 76 6 75 89 91 99 54 41 49 57
45 64 81 92 41 65 92 19 54 97 12 13 30 8 96 78 49 2 6 73 70 67 97 49 25 96 99 89 24 64 13 26 73 33 23 4 21 34 22 81 13 92 32 17 28 77 68 15 27 93 54 65 92 48 43 45 20 15 39 12 2 32 97 77 92 43 38 69 23 6 90 2 84 100 13 19 32 91 23 88 96 72 10 32 45 88 52 74 67 1 3 77 5 13 5 66 61 75 87 92 62 4 26 42 20 83 61 89 61 30 17 19 93 97 24 19
86 85 72 91 12 99 52 25 3 86 17 98 9 4 51 54 87 16 96 52 33 75 96 84 71 6 88 24 28 20 46 30 98 55 25 96 34 4 37 76 6 91 93 39 90 31 88 7 75 4 46 94 82 23 21 34 66 67 52 5 63 97 5 39 83 35 72 80 70 20 19 20 58 61 48 0 27 5 90 19 59 20 61 12 33 57 84 19 34 23 75 7 32 63 18 14 23 17 62 88 11 57 78 92 42 8 19 12 88 63 11 9 86 25 74 62
10 65 100 40 78 9 16 96 35 56 85 49 21 73 23 100 85 96 75 94 81 90 98 95 14 72 48 24 85 88 7 50 6 56 80 93 98 23 93 24 6 77 84 4 17 25 92 54 55 84 65 16 42 0 8 1 42 89 14 59 83 84 30 78 73 34 79 89 43 77 48 67 63 72 33 40 6 37 40 88 30 88 94 69 25 94 96 42 64 25 15 59 4 11 99 24 13 46 40 67 86 57 75 62 51 100 79 18 85 78 58 44 34 25 86 19
74 13 60 22 89 87 33 10 32 50 99 18 82 22 88 16 11 88 10 83 79 82 2 4 41 94 48 20 43 84 85 30 86 96 38 60 11 53 78 79 68 85 48 39 47 6 48 39 44 33 47 6 23 99 28 3 99 48 100 87 63 26 53 65 87 28 49 13 4 17 23 63 6 28 45 41 100 64 42 27 35 88 31 23 38 55 30 79 25 9 14 24 35 4 12 67 25 41 57 66 62 51 20 71 28 81 13 29 57 80 84 22 54 52 36 12
52 16 78 58 20 35 37 27 19 55 71 76 71 30 27 75 8 71 97 72 61 67 85 45 2 81 80 76 7 96 99 100 38 73 79 26 62 80 16 78 92 93 87 6 88 85 8 63 8 86 6 86 85 90 77 4 68 8 45 91 97 31 10 18 48 53 53 73 34 96 42 24 47 36 67 14 50 46 69 12 80 46 33 95 72 75 52 68 77 0 63 50 33 65 52 64 37 37 52 62 95 69 100 4 78 81 36 87 79 62 8 6 77 45 86 15
35 93 100 26 76 15 83 68 93 92 25 26 43 77 50 97 82 34 93 47 61 79 93 75 24 35 1 14 37 11 53 44 92 98 68 3 32 76 36 11 48 79 9 66 19 0 86 2 82 58 71 82 81 58 73 74 8 18 19 42 62 36 86 22 98 76 66 10 68 0 100 30 41 72 26 81 44 79 70 28 84 5 20 50 76 72 88 73 12 74 84 8 42 19 10 40 34 88 75 46 17 91 58 29 95 10 62 25 18 6 95 11 94 80 15 52
81 85 6 61 12 16 14 80 16 70 31 22 26 26 26 33 32 58 89 17 79 15 19 15 64 38 83 22 61 75 99 33 17 84 78 68 17 100 8 29 43 38 9 17 65 83 88 43 79 73 33 40 30 26 100 91 58 81 2 60 39 42 47 53 11 16 59 78 39 92 61 23 8 27 33 98 69 11 84 4 82 13 81 37 4 48 71 21 46 77 94 81 81 92 49 48 27 7 7 48 11 56 50 81 52 65 32 69 84 97 3 21 27 90 44 87
75 80 68 41 32 90 83 91 26 44 7 62 55 99 20 8 56 50 22 45 11 60 37 38 85 8 98 25 12 9 12 86 68 22 90 88 65 81 64 24 50 95 29 42 48 70 21 95 72 4 79 95 7 29 25 3 91 23 56 24 96 13 78 56 22 29 66 8 38 46 72 18 57 18 98 0 82 49 29 38 20 64 1 38 76 86 13 33 100 21 64 27 1 93 63 38 48 30 77 13 35 73 61 39 71 43 13 53 16 10 51 19 0 67 23 84
83 45 40 74 62 93 17 54 53 14 5 94 49 3 24 100 72 7 83 89 80 62 76 18 64 66 30 15 65 95 36 83 44 79 87 98 23 17 23 46 20 98 97 0 76 22 43 33 35 89 26 49 55 14 84 72 43 25 27 98 87 55 81 96 15 26 7 18 26 55 6 16 43 45 63 70 38 21 61 38 78 76 5 22 9 5 86 12 60 33 28 50 39 95 14 31 39 1 94 33 40 45 39 91 83 26 88 11 35 6 56 11 5 65 7 14
24 62 64 32 54 57 63 5 75 53 4 17 29 51 47 80 71 52 43 20 49 28 38 76 38 28 95 91 35 100 39 30 3 94 79 21 73 69 82 65 71 1 30 96 24 57 72 78 46 81 92 70 75 71 22 28 62 94 62 77 1 34 69 66 98 79 16 24 57 81 29 13 42 74 69 36 13 6 14 38 89 84 81 81 97 96 8 98 15 88 61 5 21 62 64 38 18 76 17 46 83 32 1 23 95 63 4 0 72 56 71 61 63 80 13 26
59 30 44 17 91 91 84 70 85 11 21 41 59 69 26 66 84 92 69 49 22 22 27 45 82 41 33 7 48 30 66 11 92 91 56 15 21 0 51 30 92 51 55 20 26 58 75 77 17 39 59 40 69 25 55 10 42 4 87 62 40 45 72 64 58 99 45 100 82 64 34 94 30 29 35 90 14 7 59 11 60 65 46 0 24 90 37 50 76 43 73 17 40 85 85 24 22 13 91 86 83 26 48 21 80 14 45 37 39 3 15 37 10 73 77 76
9 59 81 88 4 74 73 7 14 3 39 96 59 61 14 17 47 62 65 96 30 45 79 77 6 26 40 30 35 92 1 86 55 22 59 31 74 69 43 46 51 43 11 83 89 78 80 69 79 16 65 24 88 82 95 65 78 87 54 54 46 10 98 60 36 40 94 21 83 64 79 88 62 26 6 24 46 6 93 89 90 39 11 80 45 31 99 97 37 80 92 67 25 100 28 31 98 10 51 51 88 70 10 11 87 47 25 90 35 10 67 68 55 1 83 10
55 93 46 93 52 11 92 75 11 48 55 56 51 32 1 96 15 78 59 22 14 89 98 30 25 23 49 56 39 38 58 100 77 66 93 73 96 40 55 88 94 80 37 77 60 63 1 45 36 97 82 14 93 8 36 31 28 80 75 66 22 32 90 52 3 83 59 30 27 60 84 92 57 22 12 51 6 58 48 4 2 14 63 16 90 56 90 27 73 7 83 73 98 0 60 32 98 22 84 48 37 19 26 70 41 12 50 98 45 31 33 16 26 26 89 56
4 86 62 96 64 0 31 47 58 70 4 3 30 18 34 4 64 99 14 89 41 31 48 17 8 27 30 90 69 49 14 98 5 72 87 88 78 42 81 35 82 45 3 91 15 15 72 68 64 68 56 51 29 20 54 94 2 38 54 37 9 12 94 26 57 67 42 78 78 17 74 41 77 58 92 72 22 22 39 1 73 48 39 52 7 76 16 78 24 57 86 87 14 48 43 53 85 0 29 41 99 1 31 11 85 80 56 100 49 50 9 22 76 0 4 26
93 66 10 87 98 13 23 48 95 10 91 41 62 84 85 56 75 4 72 98 52 42 5 36 15 42 15 93 32 32 2 89 35 23 15 83 53 7 45 61 27 29 47 27 34 22 91 38 53 3 8 13 38 27 43 93 40 41 24 5 16 87 12 81 77 69 7 68 1 41 5 77 17 61 80 58 73 48 10 55 31 21 12 5 89 84 57 63 22 15 11 91 12 55 37 42 39 96 79 29 4 87 2 79 55 31 8 64 68 42 72 64 4 55 95 72
69 48 64 68 68 70 45 99 59 26 67 5 30 43 75 30 0 40 25 10 63 0 77 81 80 99 96 83 98 55 39 90 85 83 83 89 57 67 37 4 1 65 76 72 89 98 39 70 82 8 16 81 28 67 96 63 78 87 98 11 94 45 41 51 11 97 59 47 57 57 62 86 58 29 70 56 74 52 99 32 79 70 1 92 65 66 34 10 41 57 86 74 92 8 24 87 15 67 20 17 23 62 58 64 96 37 86 97 64 35 82 58 23 60 22 54
96 9 38 76 98 91 81 29 1 79 9 90 45 99 26 59 16 43 40 18 27 88 20 84 88 59 46 58 81 19 43 20 67 81 2 35 44 98 23 44 21 39 80 52 81 51 95 24 12 84 83 80 41 62 74 12 73 43 9 67 11 5 53 77 55 34 63 80 53 9 57 84 79 97 40 14 71 79 53 4 44 13 97 10 93 72 83 23 12 52 82 83 33 72 10 34 52 95 48 69 59 1 52 17 2 72 40 40 52 19 47 54 93 1 100 78
3 24 87 45 90 82 51 33 33 9 2 55 70 13 13 72 98 1 32 82 9 69 19 11 13 70 64 31 46 7 30 20 45 54 98 62 35 9 100 99 100 19 59 33 64 7 72 5 73 63 36 32 92 54 77 65 76 60 21 11 9 44 55 62 85 83 16 71 61 53 21 59 9 58 0 61 68 82 10 55 83 83 15 95 19 47 40 11 49 100 56 41 54 62 28 99 9 50 6 17 42 85 23 27 18 65 21 47 97 67 92 13 31 16 40 82
69 9 65 57 59 63 68 63 57 21 98 9 89 48 64 70 41 85 70 33 60 62 23 11 34 93 57 46 28 89 99 12 31 95 45 84 93 30 97 2 68 43 66 33 97 44 63 46 20 86 49 86 59 94 5 87 83 66 58 92 61 52 21 79 89 23 1 48 99 67 63 57 70 65 18 48 43 21 94 50 63 94 26 29 75 14 31 11 69 41 99 87 87 67 11 62 38 5 26 51 9 83 35 54 73 51 20 85 64 67 68 68 39 45 8 15
62 47 45 24 65 84 6 96 88 2 91 29 51 24 11 61 99 72 95 69 35 55 4 100 51 57 75 92 27 86 75 94 12 69 37 63 51 36 11 43 95 60 57 33 23 93 91 75 99 75 66 25 18 47 8 8 12 40 51 57 39 81 11 28 6 7 41 91 87 13 45 54 56 21 15 53 87 12 58 32 48 50 25 2 24 79 38 8 49 45 1 10 69 80 44 58 29 96 45 81 79 79 47 58 32 66 52 60 87 27 96 50 76 11 4 1
90 77 40 37 8 2 45 43 59 29 48 49 77 96 84 98 63 53 43 61 43 91 30 97 49 22 81 10 45 81 55 83 23 39 51 8 71 43 72 58 47 41 72 10 7 28 44 78 99 9 43 93 23 77 46 45 6 64 51 89 92 31 83 76 10 68 0 71 47 3 56 98 89 23 57 53 100 46 50 87 99 98 10 48 49 0 50 19 92 85 79 15 43 75 41 59 4 28 77 52 49 46 71 79 13 44 76 84 26 64 46 62 76 85 76 7
13 6 46 64 85 98 78 91 65 23 14 31 8 75 36 7 96 16 50 21 94 9 56 63 58 67 96 5 47 32 67 53 18 42 98 88 12 38 12 71 7 75 75 52 51 71 1 88 33 81 34 88 61 35 96 57 86 39 41 3 6 64 94 1 59 73 14 59 50 31 49 84 44 69 60 100 49 48 92 100 48 99 10 66 90 54 77 54 49 25 75 61 67 82 93 94 46 68 47 70 11 79 20 1 68 79 45 70 81 13 66 0 96 75 46 81
92 47 82 79 80 7 89 42 27 92 54 18 79 79 31 4 17 11 98 50 81 50 66 37 7 24 2 30 41 23 23 81 7 84 92 30 81 42 36 15 93 23 52 31 1 57 67 3 33 64 39 27 47 58 3 71 28 82 15 91 56 50 96 79 24 75 96 86 62 4 82 37 76 37 51 49 68 72 79 51 66 98 56 18 86 27 48 3 41 2 30 83 39 39 4 65 80 4 38 75 8 5 52 88 97 71 18 12 91 25 45 57 13 93 70 44
70 84 89 44 43 21 86 68 26 54 73 89 63 41 96 100 1 100 99 5 27 87 58 12 97 42 96 98 59 46 1 99 67 17 9 81 29 48 76 87 16 22 14 75 44 81 28 46 1 60 84 78 56 45 7 43 80 27 34 26 62 88 100 4 57 67 97 48 20 64 34 69 10 24 71 47 38 80 3 29 60 33 81 45 89 72 50 77 61 42 97 15 79 17 53 30 85 6 84 16 34 59 5 24 66 87 16 25 18 47 29 21 24 7 22 23
