33 799
49 67 81 6 23 30 52 66 20 40 59 22 3 40 78 27 75 35 27 11 75 99 47 11 73 89 42 93 16 72 15 78 46
23 43 6 81 74 79 65 29 19 69 28 75 100 91 31 17 12 32 44 69 88 61 51 94 62 95 18 76 41 67 10 25 21
61 86 98 85 45 84 79 4 98 50 61 62 81 15 73 17 30 31 35 29 76 67 31 69 9 9 8 58 5 31 21 1 79
13 49 19 68 90 92 72 55 98 21 12 78 29 99 87 37 1 27 16 29 74 1 69 50 54 98 93 38 13 22 10 42 37
71 63 65 43 35 62 44 21 93 80 30 46 72 58 38 76 51 62 57 89 7 49 66 87 0 95 11 61 52 82 21 49 95
81 41 20 54 91 73 45 71 95 97 38 64 85 26 94 52 53 80 25 39 97 41 47 34 69 2 48 82 2 36 43 21 49
67 5 36 60 93 89 73 5 22 56 40 11 73 8 29 29 33 61 15 25 36 34 73 21 59 96 24 30 69 64 6 84 39
91 5 80 78 60 90 82 98 69 95 64 49 61 83 78 74 7 24 56 96 63 65 7 15 49 82 100 83 63 38 85 26 54
19 90 55 66 7 11 26 25 90 34 21 4 54 6 58 9 78 13 21 52 34 5 74 11 1 87 32 13 63 33 16 9 58
74 44 67 3 0 68 41 24 24 9 25 76 12 83 28 26 23 63 31 39 42 48 77 41 99 17 24 0 77 36 69 77 67
77 88 93 31 22 13 66 91 46 0 20 84 74 40 13 7 0 94 56 59 35 55 25 79 93 91 98 74 78 79 91 73 87
69 31 36 66 0 60 10 14 65 4 82 10 67 22 16 48 10 0 77 89 44 27 51 100 34 68 26 88 32 76 69 27 60
61 10 33 14 37 4 62 47 69 41 24 74 64 86 72 81 83 38 70 95 30 53 14 98 52 54 70 100 48 42 41 31 30
27 11 93 89 37 67 84 12 16 57 44 38 7 26 71 99 14 19 45 23 44 98 99 77 16 92 66 68 76 2 57 43 5
49 41 0 67 90 31 76 70 35 6 79 64 13 14 76 18 27 17 3 23 83 47 86 24 59 52 4 8 8 32 21 52 8
33 74 55 93 98 18 6 70 9 73 48 54 85 73 14 63 69 0 11 83 35 57 5 81 44 41 42 65 77 4 19 0 89
28 84 56 27 55 53 44 77 55 50 89 84 16 53 26 73 29 21 28 23 16 87 46 47 34 28 76 79 100 88 60 42 84
23 87 84 33 47 63 7 57 63 19 20 14 39 14 64 87 51 21 24 87 44 56 68 22 42 19 64 79 8 14 26 24 36
10 57 14 5 52 49 56 19 18 25 20 90 58 60 31 17 93 30 70 1 48 1 98 3 85 11 93 26 90 1 55 50 89
25 3 61 30 100 74 61 21 41 92 32 13 78 75 40 22 84 41 85 3 97 31 99 91 35 36 20 90 93 72 96 95 82
21 97 47 16 65 29 24 94 73 92 18 68 13 80 64 8 57 93 65 100 20 39 9 88 27 15 38 18 82 53 39 78 37
41 54 10 19 80 82 70 79 11 9 61 70 44 80 62 21 86 96 2 25 69 76 59 84 12 56 100 57 61 79 24 55 66
88 51 35 39 55 54 31 45 53 89 82 81 2 76 89 38 90 18 10 73 48 20 27 17 43 77 53 25 35 64 32 99 16
17 6 84 65 33 75 10 36 98 26 12 56 75 22 80 100 50 41 12 80 3 36 52 43 73 7 6 91 48 21 15 35 93
26 28 29 40 90 71 17 66 46 23 59 8 98 1 10 67 0 53 59 66 28 28 93 25 34 3 93 66 78 6 38 56 44
77 19 5 55 38 48 62 33 50 25 68 62 84 73 46 21 33 30 12 89 49 35 26 43 78 77 70 24 6 94 99 12 98
84 55 0 25 56 93 85 77 91 33 75 73 58 53 16 82 52 11 35 66 32 14 52 67 22 53 46 97 60 92 57 31 0
73 47 0 15 49 87 87 34 33 61 4 24 59 76 96 22 19 5 37 4 13 13 50 16 98 5 87 73 25 100 70 9 33
75 26 23 90 69 19 66 94 98 79 62 31 31 62 12 4 12 39 62 79 14 78 98 70 79 18 77 18 61 28 6 23 37
55 71 83 98 25 42 90 72 70 62 62 21 48 43 77 91 34 19 7 66 87 39 33 99 94 91 68 9 2 2 46 76 58
75 3 81 40 86 57 16 66 72 9 43 21 91 19 74 66 17 4 29 74 16 75 92 64 100 48 87 82 30 2 59 30 73
59 40 72 57 9 97 35 1 47 70 45 27 47 35 15 29 9 16 92 0 46 77 18 35 91 24 99 9 69 97 57 37 10
73 10 16 35 0 28 63 78 86 50 37 31 2 28 9 7 68 62 68 60 13 41 13 75 74 7 76 32 82 62 72 42 49
61 54 13 56 78 18 55 8 30 40 40 9 29 51 54 22 23 41 64 82 1 31 96 24 49 91 47 84 74 58 29 69 7
30 42 57 25 31 66 82 15 1 60 14 86 0 39 92 93 87 38 57 50 80 87 88 9 31 7 20 6 57 64 15 20 15
95 17 80 99 7 73 74 69 43 30 95 12 55 50 35 81 48 3 64 53 86 18 55 45 48 20 15 5 68 88 64 47 12
41 0 37 93 82 88 57 20 8 22 11 54 66 82 88 3 13 67 10 28 71 37 91 41 66 26 52 76 73 31 7 1 22
91 10 33 94 75 94 97 25 96 63 81 14 89 98 6 55 69 45 13 86 0 9 24 13 0 89 75 46 88 65 22 8 65
21 65 43 38 81 19 86 72 31 49 14 58 44 13 44 8 17 88 93 27 78 60 30 6 37 21 52 6 10 26 33 98 22
43 57 51 77 13 35 87 63 12 99 2 22 20 73 61 72 87 58 97 99 66 68 21 56 87 79 2 34 53 27 57 82 56
24 95 94 37 68 39 73 37 44 72 3 96 95 3 99 59 3 67 34 58 51 8 37 86 48 12 6 96 61 37 88 3 5
1 33 37 86 88 96 15 33 13 75 37 6 59 28 40 18 3 40 13 70 41 19 65 31 91 7 100 75 47 42 43 78 94
64 1 82 98 8 6 92 40 48 24 82 83 31 68 71 56 10 99 28 91 99 31 100 58 22 16 28 8 4 2 21 24 97
72 56 71 11 27 20 20 36 19 36 1 77 66 46 73 0 97 43 8 67 22 81 99 88 32 38 20 57 53 14 79 95 61
20 45 0 43 40 7 82 48 100 44 54 3 23 56 92 30 83 65 60 18 11 66 23 39 3 39 23 62 53 81 48 22 39
58 99 95 100 8 88 85 92 46 88 40 77 67 62 95 68 58 99 71 50 13 79 50 83 15 79 5 18 49 69 97 41 34
33 26 13 16 99 48 19 87 64 17 12 2 27 34 17 81 51 61 37 60 50 95 98 65 72 23 89 74 43 27 32 29 59
86 7 99 90 88 21 25 99 34 35 79 92 11 20 33 0 54 88 24 35 69 28 45 67 65 62 90 24 34 87 84 52 38
50 12 17 63 100 38 62 85 4 83 12 35 47 100 81 45 78 97 96 23 4 19 2 32 98 90 26 5 19 90 17 54 56
39 37 87 66 29 92 99 40 71 44 0 37 5 68 34 54 14 92 85 53 88 96 63 39 38 16 6 68 46 21 47 66 32
28 74 43 91 11 76 68 91 79 28 88 57 92 48 67 34 77 11 42 5 73 84 94 41 47 80 1 2 0 10 80 57 98
83 80 90 54 75 70 16 88 30 12 14 42 15 39 27 86 47 90 76 34 86 67 90 61 4 55 5 42 47 55 80 47 44
95 60 71 24 69 100 69 71 42 29 70 8 78 47 27 23 65 83 18 93 7 71 23 28 83 45 42 30 64 77 53 63 69
86 92 87 45 42 98 93 13 1 96 78 36 52 72 88 67 53 17 52 85 91 12 70 56 15 86 46 14 56 12 12 79 100
44 37 39 79 86 48 34 39 60 90 51 49 5 88 89 27 14 97 64 50 10 3 72 2 5 63 16 46 76 86 96 55 2
92 18 41 73 65 28 2 45 35 67 97 53 76 93 30 41 50 77 45 53 11 59 75 63 29 75 61 41 79 73 93 91 42
43 0 55 63 85 65 7 17 14 13 33 67 71 4 16 9 3 17 41 59 46 14 3 46 68 76 60 75 92 6 23 3 31
61 37 36 19 60 11 89 64 68 72 33 32 34 40 7 37 1 22 89 83 2 80 15 3 63 64 67 23 1 64 59 97 47
32 2 51 58 18 10 63 29 32 49 35 72 56 10 94 27 64 90 72 94 14 27 37 35 93 44 70 71 27 51 85 87 91
7 64 27 56 87 56 74 60 43 26 24 72 25 75 70 100 35 35 55 9 66 95 62 60 26 27 90 35 5 63 15 12 98
53 76 55 71 18 29 55 55 64 78 29 60 100 84 69 45 92 35 63 14 45 4 26 89 47 52 5 94 71 3 38 73 86
30 37 97 95 25 21 11 77 89 15 53 40 98 11 70 79 17 91 6 26 100 34 61 20 77 24 5 60 11 41 95 95 49
63 1 19 56 33 29 97 56 32 74 29 35 14 85 0 58 49 79 61 77 79 78 31 45 74 95 54 28 89 85 100 98 88
77 37 52 84 81 95 72 88 96 27 9 6 86 61 69 80 95 61 9 62 65 73 83 24 48 95 57 45 20 90 6 19 60
1 69 16 74 95 27 70 33 20 10 52 18 65 66 78 55 37 14 41 47 78 43 64 24 14 27 60 71 29 96 69 95 98
99 50 16 58 10 85 20 67 9 87 50 4 19 92 98 37 98 13 38 11 5 97 66 21 34 67 97 86 39 41 25 92 70
4 6 69 40 15 26 51 35 91 88 49 92 29 23 41 92 42 96 21 29 96 100 67 67 20 67 83 63 81 97 98 32 100
60 45 96 32 83 91 51 51 21 25 82 74 45 45 77 19 41 29 4 21 49 86 15 57 94 100 63 70 89 51 43 41 90
16 68 51 24 54 99 95 67 0 8 6 40 35 82 40 88 2 56 72 22 2 100 93 93 21 51 65 67 61 10 99 18 47
51 34 31 92 65 84 53 20 80 79 96 18 50 24 41 59 0 32 28 69 6 87 49 5 58 39 15 99 33 63 20 57 53
69 0 52 13 58 50 84 91 53 55 97 22 26 87 51 37 8 70 72 90 95 17 53 24 32 44 73 15 5 95 44 0 67
92 92 36 90 95 5 94 23 1 10 94 91 13 2 80 32 66 1 6 45 32 79 72 72 34 79 69 71 44 88 44 9 58
52 31 89 40 1 2 59 62 8 96 34 50 94 43 61 14 11 3 46 75 35 46 47 57 24 93 30 15 78 88 38 29 73
28 48 37 50 56 1 84 94 38 71 61 84 87 48 19 4 72 100 90 93 14 87 98 53 76 90 99 94 38 2 73 18 22
28 35 62 24 99 32 45 83 17 29 98 39 32 34 97 26 96 87 72 20 46 5 17 71 27 51 4 97 44 31 89 47 14
67 49 85 87 49 53 25 36 9 33 68 52 5 89 90 40 62 83 33 69 55 36 13 94 34 65 64 100 44 28 79 29 85
83 35 51 43 58 77 77 50 12 73 31 41 23 39 36 78 82 7 43 87 100 78 68 47 40 67 77 44 52 98 17 91 33
95 85 83 37 87 43 7 16 20 86 97 78 0 61 87 17 3 33 9 26 18 11 53 65 20 10 80 0 97 0 86 29 20
47 29 93 14 47 24 19 27 51 66 92 4 57 7 73 96 1 60 19 37 45 9 48 59 16 96 57 10 34 96 15 92 51
17 2 86 51 44 76 68 92 48 17 50 97 72 39 48 96 39 70 41 59 74 96 21 75 92 26 88 41 50 41 16 13 81
42 4 16 67 21 32 27 3 71 8 69 27 87 78 34 2 93 84 26 65 43 47 8 7 39 89 53 71 41 32 42 33 70
17 46 31 83 59 66 27 85 19 46 94 88 7 93 61 91 22 23 64 36 80 91 71 62 23 40 11 0 1 76 78 35 94
31 80 73 92 27 75 100 50 25 77 46 2 31 95 89 39 54 86 96 46 68 71 17 11 5 92 16 47 50 41 39 80 98
66 72 25 4 91 22 85 58 71 73 26 43 21 12 42 32 58 49 33 40 61 82 64 26 49 79 64 88 56 13 24 37 20
23 62 7 99 39 8 47 90 74 75 62 58 26 85 33 78 30 12 1 57 47 89 37 87 32 10 46 82 73 53 97 29 42
96 41 40 72 95 91 35 75 52 71 5 85 54 41 98 9 6 28 37 32 38 73 46 95 33 20 96 79 34 69 82 99 18
99 97 27 76 62 58 75 20 85 45 67 64 47 55 52 30 67 45 64 91 57 89 25 78 0 18 49 5 19 16 55 44 19
24 66 55 44 80 99 40 83 59 51 81 99 100 55 34 26 39 38 50 72 47 39 55 63 23 29 43 60 40 20 2 93 88
100 33 16 6 6 40 4 100 55 69 62 23 61 89 92 41 35 39 24 71 40 24 39 41 33 7 62 59 39 74 60 95 56
34 20 74 100 87 40 95 86 69 23 42 13 6 99 98 43 78 33 9 17 4 98 76 6 32 94 90 17 32 50 75 59 80
85 11 59 44 2 51 93 35 12 30 7 81 63 97 18 65 17 74 55 52 47 21 86 80 44 60 2 86 38 84 69 91 9
20 64 43 62 12 18 100 75 61 19 13 51 91 60 40 79 82 87 31 99 55 41 28 25 14 77 96 22 70 43 98 95 22
9 97 58 61 52 81 51 46 50 97 76 41 13 28 80 53 28 39 64 0 24 12 54 33 30 44 92 9 28 41 60 56 45
87 55 11 31 21 34 92 23 95 62 61 32 67 14 70 31 89 15 11 17 97 79 69 11 71 2 12 53 66 68 20 20 79
52 91 54 41 27 27 69 55 43 51 87 11 16 80 72 89 90 1 47 24 13 1 96 63 14 70 52 82 56 36 77 89 1
56 18 46 41 8 77 29 6 39 21 76 47 47 39 25 86 22 27 8 20 52 38 53 93 60 94 79 23 24 20 58 22 88
38 79 25 64 34 19 26 55 93 86 30 71 64 27 18 34 37 14 36 78 58 37 82 51 26 86 40 58 23 23 8 16 72
20 86 68 70 32 63 48 54 4 13 19 37 70 96 7 79 39 73 97 70 44 10 13 22 84 59 7 81 62 7 54 86 51
41 20 75 59 8 31 98 47 3 36 45 1 23 49 73 76 92 26 29 84 20 37 19 76 19 97 72 71 45 58 23 97 78
29 23 62 38 81 91 13 34 80 0 34 67 54 6 67 31 83 44 63 65 20 53 9 71 70 56 55 55 54 41 93 33 61
42 64 82 7 19 79 26 33 81 30 7 41 1 88 79 58 54 75 19 55 51 26 1 66 9 46 26 92 28 64 56 50 100
46 53 84 10 93 70 49 28 75 76 0 7 0 58 40 38 27 0 52 77 2 68 96 97 27 32 41 44 38 87 25 35 24
25 39 66 82 56 71 34 46 25 61 84 42 98 46 52 40 61 37 76 23 15 31 9 37 82 72 17 28 61 5 41 78 87
5 62 96 3 99 93 93 41 85 73 8 73 78 33 37 92 62 48 42 17 11 26 17 23 49 94 35 19 24 36 80 96 40
28 83 51 98 76 44 78 91 93 20 84 100 81 79 96 61 10 15 34 10 74 47 73 3 20 98 38 47 47 22 72 48 26
25 9 25 65 29 25 28 31 75 95 98 94 33 44 11 18 90 63 99 32 82 97 99 100 69 85 62 7 99 57 45 12 74
45 84 26 7 79 58 72 75 81 85 23 33 41 28 64 30 6 79 37 39 54 86 56 92 3 22 17 26 89 15 5 49 10
42 43 74 18 0 64 60 76 45 42 99 40 15 16 7 40 20 8 80 61 100 74 19 65 72 76 9 40 98 12 27 9 80
8 98 56 78 76 85 30 16 55 14 10 24 55 45 28 43 1 14 80 31 59 56 63 83 72 56 28 57 16 85 36 21 100
64 62 27 38 18 1 68 41 17 76 64 22 85 26 64 71 62 100 90 86 44 49 1 0 43 6 8 93 40 42 74 5 11
35 27 79 44 13 96 77 58 64 35 96 2 62 45 32 18 70 76 16 73 43 52 37 61 41 91 38 55 41 1 94 84 21
95 50 14 24 51 20 45 12 84 84 45 74 61 25 11 88 0 60 48 92 77 8 8 2 28 90 88 20 40 28 88 1 63
35 66 74 5 79 14 65 59 80 65 6 89 9 82 81 31 64 54 35 86 62 36 52 52 58 68 68 82 34 31 43 7 56
40 30 70 5 79 46 22 1 75 11 10 65 8 84 61 85 57 1 14 38 14 99 65 18 34 42 10 7 73 0 20 46 36
48 35 7 91 2 89 5 9 66 2 20 5 80 65 49 60 85 1 22 51 61 50 37 51 68 96 58 23 37 7 94 57 26
17 47 69 54 52 75 9 34 61 64 95 17 3 2 43 91 41 30 17 98 2 53 22 19 36 8 64 35 13 29 34 30 31
20 98 97 19 18 84 1 15 96 69 8 70 66 61 37 40 84 94 58 96 34 45 48 98 73 74 21 7 6 17 99 49 92
69 100 95 6 79 64 98 74 71 15 22 99 72 100 37 86 95 98 6 21 9 66 78 1 75 2 13 76 3 53 43 29 46
65 4 40 30 88 25 38 35 98 30 60 94 25 68 3 3 34 63 42 17 13 67 45 10 44 14 61 24 32 85 38 48 68
89 58 82 46 82 23 24 78 36 49 41 75 72 65 78 42 82 58 57 20 60 65 61 63 23 31 0 71 79 27 30 64 90
84 97 18 50 19 10 76 76 1 86 44 79 80 18 5 84 16 35 19 59 35 8 7 80 48 68 33 67 73 99 18 33 43
68 2 1 3 84 72 65 51 29 85 34 90 58 9 16 35 61 93 87 38 80 87 83 51 88 8 16 31 87 81 83 93 91
97 82 19 32 89 98 93 40 71 55 14 60 77 15 52 3 68 86 60 30 76 79 72 41 91 75 87 9 94 60 3 25 46
31 98 68 76 77 45 63 3 35 100 23 76 60 64 20 88 51 44 89 62 30 46 43 53 41 67 77 33 17 94 70 53 39
59 61 27 97 10 31 59 32 70 42 75 81 5 22 43 93 3 84 9 36 13 90 92 26 23 48 37 59 11 81 16 70 39
84 8 45 82 36 36 43 18 83 16 39 17 51 100 7 67 100 14 80 60 50 50 40 35 25 29 58 4 40 97 45 41 73
86 42 23 92 85 75 75 43 17 100 66 48 26 38 84 72 42 97 35 7 85 95 81 79 31 37 89 90 36 81 4 38 78
31 61 100 14 61 29 43 32 3 77 34 87 75 91 90 61 2 37 56 40 17 79 98 97 75 57 55 93 87 44 81 68 48
65 18 71 58 78 16 94 21 24 47 3 11 98 91 68 62 69 13 38 89 23 70 59 53 0 54 95 33 44 11 63 41 33
71 99 87 11 64 9 35 67 99 47 78 63 30 51 9 75 67 53 31 49 2 45 25 27 47 71 60 38 41 46 35 20 51
64 100 14 55 71 44 57 28 83 64 21 91 29 90 5 41 75 98 99 30 98 100 1 26 69 45 78 77 88 19 53 13 17
81 33 50 18 58 21 54 25 57 92 89 66 86 48 25 48 26 15 49 86 62 37 46 75 35 70 39 32 25 92 42 69 58
45 2 43 18 78 11 6 49 31 22 30 81 100 63 0 85 53 28 36 5 94 71 56 14 17 32 28 34 51 20 79 24 99
92 16 35 31 36 45 98 32 84 97 49 23 22 98 82 93 14 73 53 36 49 32 70 91 25 7 21 75 13 69 81 92 18
49 82 96 37 85 94 7 92 36 14 63 47 93 30 88 16 12 15 46 53 69 98 54 12 37 76 27 64 77 35 28 49 30
14 3 71 97 53 36 73 53 43 22 4 62 48 52 17 12 68 31 23 6 78 56 32 31 94 60 52 27 76 47 78 21 63
76 16 97 83 15 1 64 48 91 2 19 19 64 24 5 36 35 96 89 50 99 57 19 3 36 45 42 88 32 12 34 0 87
8 91 5 25 66 95 28 7 36 71 78 36 74 81 64 92 66 58 7 41 17 55 31 8 97 75 30 40 89 0 9 96 79
8 71 79 90 43 26 49 38 5 54 67 93 26 42 17 37 69 85 4 34 3 18 95 67 41 43 83 52 27 31 2 65 99
16 58 77 58 32 18 36 21 27 95 63 97 83 81 52 98 62 56 86 15 91 41 39 81 85 45 40 52 86 40 21 91 12
54 34 78 52 14 88 67 34 7 9 81 4 30 0 92 64 49 18 41 94 50 73 25 70 56 10 59 59 0 91 3 32 85
47 4 98 30 68 62 23 45 55 88 51 8 14 62 40 44 98 32 76 47 57 41 96 47 44 5 97 95 38 39 21 90 87
85 67 11 50 78 4 39 88 35 24 35 92 72 20 91 22 37 19 46 89 60 47 42 82 6 61 66 88 99 40 95 47 60
81 34 79 87 24 13 18 38 41 94 67 94 28 38 89 2 41 98 69 60 64 47 68 36 88 98 21 13 87 34 34 69 39
44 8 41 67 43 21 52 44 29 4 55 13 50 84 47 18 97 96 0 86 30 54 97 29 95 64 91 91 66 38 2 36 15
44 95 67 5 49 18 18 82 8 56 42 9 22 52 19 52 72 60 29 23 49 87 83 97 17 12 93 91 86 8 6 37 83
52 40 81 32 90 49 6 40 28 61 88 18 41 4 0 3 64 39 37 46 38 3 37 32 58 86 27 79 31 61 58 17 75
40 80 18 3 56 25 92 94 25 75 97 23 83 58 14 16 71 81 67 59 3 66 98 3 85 16 62 29 88 100 87 13 48
45 46 16 57 73 4 8 78 44 18 22 7 80 27 45 8 17 33 83 79 19 13 55 47 23 45 60 71 55 3 85 46 65
42 41 58 55 89 11 89 51 17 77 73 59 14 0 7 70 59 30 48 17 62 7 87 70 40 30 60 23 23 62 76 33 58
76 60 20 44 91 47 1 0 77 42 32 61 18 37 31 38 0 23 20 0 68 72 44 80 34 43 68 33 81 51 6 66 63
0 72 14 1 25 4 27 39 26 54 62 6 81 64 20 90 24 43 26 72 59 44 61 48 15 45 41 14 85 40 73 99 6
73 44 21 45 66 27 44 75 57 5 76 32 77 59 43 60 72 65 92 78 80 46 45 1 73 62 44 14 92 94 22 13 76
7 31 90 4 73 96 77 49 91 72 22 17 24 86 25 93 67 92 3 99 44 47 54 91 90 10 35 85 53 84 37 60 27
62 3 19 12 55 37 46 77 84 22 6 74 51 71 12 49 22 0 48 76 5 76 48 4 5 89 23 90 75 97 66 51 77
89 0 89 98 86 68 67 10 98 74 33 91 46 80 42 84 28 12 86 44 93 87 74 46 15 98 100 69 25 61 36 55 3
64 74 3 2 36 59 63 82 5 26 70 69 38 99 69 55 41 59 15 42 71 39 10 79 53 24 68 86 27 58 56 90 69
45 1 91 41 84 41 86 88 49 35 51 6 76 19 14 91 33 34 74 46 57 25 71 31 23 52 67 50 75 2 88 86 59
34 62 93 60 59 40 7 37 40 50 17 79 95 81 96 49 47 50 79 10 71 83 85 88 98 9 6 86 75 8 97 54 27
60 95 71 76 81 75 19 97 23 16 75 47 67 100 50 75 54 2 15 68 69 14 36 16 56 37 35 64 84 73 61 30 9
1 58 14 49 63 1 86 65 85 55 69 49 79 78 20 78 96 100 53 0 55 93 59 32 79 59 72 57 93 15 57 39 60
34 3 64 47 62 48 23 9 68 1 57 13 47 100 14 36 58 57 89 87 51 1 38 65 35 77 38 87 50 33 64 38 23
34 98 27 28 67 83 60 68 87 44 96 53 84 72 20 4 69 33 99 23 19 94 46 55 7 11 37 22 81 65 58 62 60
85 58 63 46 99 56 76 60 27 1 70 38 96 28 93 42 18 10 45 27 4 71 86 50 70 43 60 90 80 0 29 84 83
65 31 45 60 29 56 6 29 23 94 95 87 20 100 65 8 37 80 100 76 76 93 57 12 100 3 21 58 26 66 62 31 79
10 96 4 16 68 56 7 42 60 69 7 27 4 60 71 95 29 21 87 13 26 43 20 23 84 48 75 13 56 77 71 35 6
27 62 79 38 75 61 48 14 99 20 56 30 67 65 86 91 88 18 11 67 15 22 46 79 42 19 50 18 17 72 34 35 24
58 78 23 60 36 23 24 68 0 86 47 47 11 14 48 21 90 6 18 30 78 5 83 40 78 63 26 21 89 31 75 79 87
85 26 66 67 64 68 19 67 6 70 90 63 36 45 94 45 9 69 16 42 81 80 15 46 15 9 24 100 68 44 48 87 83
50 97 42 54 49 70 85 26 8 25 74 96 62 96 76 42 55 67 56 5 3 40 6 59 19 59 55 89 66 92 36 82 73
87 11 51 73 55 39 70 84 62 19 77 95 53 48 17 56 40 11 7 100 63 61 36 93 91 98 6 44 12 93 31 98 97
67 78 80 75 6 20 79 98 83 77 94 78 96 36 73 74 30 95 67 2 53 85 60 74 18 11 15 11 90 96 13 93 14
63 75 9 2 88 9 67 97 75 30 40 66 24 44 39 32 52 62 71 46 62 86 0 63 13 10 51 1 93 9 59 97 54
85 23 19 36 51 83 56 59 11 38 8 45 46 11 24 96 67 43 9 73 1 18 5 17 5 23 21 76 66 17 6 21 79
51 0 83 1 39 59 46 38 6 30 51 92 29 26 88 3 94 82 1 24 26 40 22 30 29 42 86 98 87 89 81 58 43
6 94 48 22 9 6 61 99 75 92 92 98 62 23 71 66 72 59 87 23 92 81 55 10 67 13 20 31 83 61 52 26 39
20 38 34 74 34 3 77 5 71 18 55 97 63 99 65 72 53 18 49 17 79 96 68 85 44 39 57 59 66 7 64 19 93
49 35 11 56 29 1 93 63 26 50 75 53 68 77 90 2 33 11 53 2 40 98 79 65 14 31 45 93 100 30 100 88 44
92 16 86 8 83 93 54 25 53 46 26 68 6 15 17 19 63 85 87 76 0 18 46 1 37 52 64 0 4 35 49 60 58
92 8 92 52 33 10 99 67 16 4 29 6 23 16 72 80 17 69 87 30 19 23 46 22 66 72 30 48 57 29 9 7 47
95 2 93 71 17 95 79 19 11 41 43 88 92 68 58 5 90 1 4 71 27 71 70 68 62 73 54 79 94 15 86 78 88
1 62 4 90 45 10 82 88 43 35 8 98 50 57 11 7 48 68 11 40 53 85 53 79 80 41 100 72 38 42 33 13 67
46 5 34 58 17 45 4 67 12 75 76 75 27 19 20 84 31 98 29 41 65 64 61 2 3 53 59 84 16 10 45 83 99
44 84 61 78 9 13 58 54 57 95 83 47 19 68 92 16 53 61 44 48 33 25 70 57 20 81 69 94 97 88 91 44 37
65 4 23 30 25 73 36 82 97 15 75 14 4 43 87 13 26 63 2 35 76 27 3 72 49 23 40 14 88 65 18 95 30
34 45 52 40 23 49 82 70 80 82 21 23 35 94 55 88 60 39 51 25 84 57 47 99 45 90 25 39 62 90 32 69 21
17 39 1 78 85 98 28 77 99 79 100 21 0 34 97 92 16 13 50 7 71 52 57 60 70 95 14 18 93 63 15 0 85
13 36 80 7 70 99 75 24 13 48 16 47 63 30 12 17 99 86 10 44 61 85 55 71 86 43 55 19 10 53 100 3 27
25 93 15 88 24 32 32 100 99 12 84 10 37 79 61 77 67 45 56 59 22 98 59 41 53 31 20 59 12 90 90 38 50
49 44 96 25 84 33 34 78 41 37 94 100 61 83 48 11 68 77 52 37 93 72 86 44 45 99 60 18 15 52 30 6 64
16 19 14 49 60 92 25 10 86 67 18 97 44 99 93 81 13 100 97 11 21 73 100 16 93 28 79 89 58 96 65 78 39
61 78 48 7 73 1 97 16 55 85 60 62 52 50 43 46 6 64 26 54 75 44 3 20 44 14 73 62 4 25 50 78 40
91 38 79 51 73 37 7 7 0 23 45 20 25 81 95 11 56 54 74 10 55 90 10 10 18 53 4 13 41 1 17 41 27
77 69 32 80 87 100 10 7 43 66 52 89 71 2 54 9 84 64 18 60 97 2 19 62 24 19 66 38 57 20 80 93 35
62 48 17 40 14 100 23 77 36 53 92 39 77 19 5 56 1 92 74 29 0 39 9 75 73 20 16 77 4 70 73 23 24
20 6 51 71 87 33 33 56 48 66 91 54 93 52 50 7 78 56 35 6 57 95 88 20 48 64 16 57 33 97 82 61 30
53 96 63 16 89 6 18 22 37 17 56 99 16 54 43 42 51 79 46 59 13 81 59 3 26 66 94 85 71 85 72 42 75
81 49 5 58 65 68 49 70 57 80 23 54 89 9 84 7 45 49 37 65 59 15 43 53 61 1 73 57 33 8 47 52 33
48 42 85 20 69 48 43 68 27 19 65 93 74 26 22 68 27 71 40 54 29 38 77 70 34 12 27 98 50 56 32 20 10
59 46 57 9 98 90 45 46 92 57 69 55 56 10 10 33 14 57 9 62 78 57 55 86 86 10 15 53 74 55 66 18 80
81 63 48 40 12 44 20 29 77 32 89 12 17 70 84 100 62 2 17 30 83 44 46 60 97 74 90 36 22 77 31 86 48
25 39 22 17 72 20 0 26 7 57 51 95 97 50 45 20 93 72 54 40 66 2 21 18 65 4 68 84 53 40 19 70 93
61 75 100 40 77 89 80 80 28 95 59 14 62 47 51 68 57 34 7 74 74 81 33 26 49 98 36 84 28 39 36 85 59
65 22 55 23 12 94 25 54 72 66 96 91 69 28 86 22 63 41 89 70 72 42 45 23 16 38 9 55 2 46 34 86 77
27 80 83 13 92 38 62 70 58 36 77 96 78 57 40 7 57 20 78 47 39 30 58 45 4 49 76 1 90 30 77 45 74
30 42 77 50 39 25 98 49 21 40 13 75 7 72 65 5 81 85 25 66 51 68 12 17 98 75 89 43 7 95 83 73 44
19 93 11 30 51 52 15 95 66 59 76 5 31 23 52 5 99 69 82 71 9 20 13 6 14 97 75 19 35 78 83 57 13
58 43 23 37 13 94 85 63 14 92 48 25 9 10 92 81 58 95 76 77 99 59 86 11 99 87 70 55 96 62 76 56 23
20 24 1 9 20 22 38 76 22 4 74 87 47 29 68 18 19 83 14 29 50 51 83 11 3 86 84 51 36 3 13 87 36
10 98 1 60 23 6 38 8 74 28 78 92 75 26 13 14 16 3 15 1 88 63 57 98 40 66 48 15 98 17 98 59 34
68 32 40 25 38 85 37 87 76 15 34 99 6 63 1 30 80 51 26 37 90 66 38 44 10 0 9 48 41 81 64 49 33
37 14 69 96 70 99 55 63 76 92 65 76 94 13 45 63 69 93 22 19 74 69 100 24 39 65 6 70 18 100 5 78 74
15 78 47 13 44 23 5 82 70 19 22 67 15 45 75 70 89 10 44 71 25 38 58 81 100 95 72 4 29 76 95 60 70
78 97 50 82 32 4 11 51 96 15 89 65 48 21 98 100 70 31 96 72 94 47 89 45 40 54 77 12 92 87 36 96 14
86 66 36 41 78 83 67 14 66 23 91 15 62 97 52 48 91 17 44 68 99 71 7 30 42 96 29 26 40 21 59 85 84
35 25 55 68 82 96 66 68 73 62 35 45 67 66 25 24 14 39 72 35 62 97 90 88 74 44 58 64 57 50 75 51 80
4 37 82 15 97 31 34 80 6 4 33 31 73 82 88 39 22 62 98 44 44 5 89 74 19 3 81 29 74 76 4 22 43
90 99 22 38 87 23 46 8 59 56 95 94 16 61 1 4 73 99 4 2 47 25 62 35 77 27 99 2 29 49 22 21 60
72 65 55 39 98 90 72 83 43 22 79 57 6 37 67 90 33 29 29 94 70 35 68 99 14 24 99 88 14 6 45 11 55
93 31 46 28 24 66 83 67 16 4 91 41 76 57 81 55 96 68 60 47 5 58 22 20 97 67 59 57 88 58 93 27 15
32 14 59 12 64 92 49 0 73 40 25 53 78 55 32 28 22 19 99 72 14 30 81 34 48 47 16 46 76 35 22 85 57
100 68 9 58 61 56 38 55 25 86 61 98 96 95 26 2 86 11 28 82 26 1 65 7 69 35 66 66 5 26 65 82 58
92 0 13 51 87 43 45 19 35 97 6 22 55 91 31 74 74 49 50 4 60 18 64 83 69 34 51 12 66 24 13 44 94
76 78 44 34 27 14 23 79 69 84 26 52 69 36 59 60 2 32 73 15 38 45 8 53 8 94 91 21 58 8 62 55 46
91 68 88 87 10 39 69 83 100 84 55 44 17 19 37 25 37 55 65 68 81 90 64 8 3 68 5 70 58 14 15 9 36
65 40 36 30 30 62 5 32 11 67 41 36 82 67 94 76 4 83 69 35 99 78 73 62 5 38 86 51 18 87 66 0 54
98 59 42 58 98 5 88 63 84 49 98 62 37 0 15 40 46 76 99 82 9 60 84 82 82 2 5 0 52 45 98 96 17
76 25 7 15 36 48 6 96 96 65 53 17 27 33 31 46 96 61 34 82 65 82 52 6 38 11 99 24 68 40 21 86 64
61 59 42 41 87 2 50 90 20 47 84 6 82 8 16 10 15 75 98 48 97 12 90 99 83 99 55 53 91 90 33 65 67
11 1 20 27 1 30 91 68 32 73 92 12 43 65 46 0 36 71 35 68 51 95 57 98 20 59 47 58 27 3 36 17 3
46 41 4 92 74 41 87 85 31 4 40 51 51 64 52 80 53 80 39 5 50 14 32 95 90 73 31 12 33 68 78 71 55
45 56 31 94 34 88 38 80 63 11 86 65 0 35 37 97 58 15 92 92 25 94 99 75 54 37 51 40 70 10 51 24 17
11 10 52 54 58 43 55 69 28 46 29 40 61 52 56 1 10 0 31 30 64 0 51 69 44 19 71 89 51 46 95 95 48
79 15 53 22 75 88 61 74 90 19 72 93 2 15 40 35 98 82 3 87 25 3 63 0 21 61 68 8 67 49 65 49 14
35 10 12 90 83 1 54 7 97 75 1 88 10 72 2 37 57 58 83 51 87 2 44 97 77 14 90 9 56 49 94 70 36
82 41 88 76 30 54 6 89 69 0 24 82 13 85 66 59 50 100 91 3 62 31 96 35 96 33 28 48 47 96 31 89 38
62 79 21 10 6 47 42 74 41 14 18 74 43 64 75 24 54 85 63 24 81 28 42 84 94 68 55 88 57 34 30 11 90
44 92 71 17 97 68 74 93 36 33 46 1 15 88 70 80 64 57 64 89 46 93 27 96 5 37 99 7 67 59 2 51 98
15 1 36 65 84 75 72 62 53 91 51 73 70 92 68 19 90 93 50 5 72 11 44 22 96 31 24 84 35 23 70 75 8
53 48 5 40 8 0 12 50 13 99 75 38 32 66 46 22 67 47 42 45 8 16 32 17 39 35 91 57 81 71 97 15 54
6 66 54 43 22 8 83 21 62 53 56 65 51 56 11 32 53 31 50 0 31 19 61 92 73 80 83 70 27 73 31 46 92
63 94 16 37 82 92 94 80 48 64 33 15 40 58 37 87 41 9 19 29 16 30 85 35 28 23 90 85 40 5 95 83 8
97 91 12 41 68 71 38 76 50 86 51 9 84 45 64 24 31 26 22 75 67 93 73 92 80 65 93 37 13 24 93 51 53
30 98 60 73 50 87 86 46 18 78 33 11 21 86 72 73 92 91 30 78 72 36 32 25 21 0 86 73 91 99 41 80 5
35 32 34 81 14 21 51 92 54 89 83 36 69 68 33 24 43 12 83 37 6 26 94 90 39 25 6 100 24 57 60 1 50
47 14 47 14 69 18 54 75 11 86 9 46 14 5 56 11 79 0 56 32 49 61 39 17 71 44 5 57 2 96 41 33 30
81 3 90 5 17 84 91 85 20 8 68 36 12 55 33 55 75 82 38 26 15 42 57 83 14 94 62 46 85 96 31 39 39
96 59 45 1 36 44 69 17 69 76 41 4 1 28 84 95 4 23 58 79 90 20 81 26 2 8 2 56 16 59 89 31 78
8 94 87 46 46 27 88 4 81 7 77 42 93 88 2 8 93 87 82 35 91 17 25 50 33 46 29 25 53 63 97 18 64
71 29 16 26 75 64 37 42 47 93 87 48 37 32 63 37 60 52 31 46 38 69 88 43 69 55 41 82 56 54 6 35 87
3 36 30 19 86 2 78 57 29 76 4 60 1 92 44 33 76 92 80 63 98 33 23 32 3 56 51 95 63 59 39 29 26
25 4 43 39 39 33 57 45 52 57 75 84 84 45 56 44 31 36 54 38 87 11 95 38 36 78 8 47 57 97 45 85 75
10 59 93 25 37 46 51 80 87 95 84 62 65 76 63 69 50 28 17 94 25 35 95 7 90 30 13 21 10 23 73 10 96
19 100 23 68 77 32 58 56 37 14 70 2 86 55 87 62 11 6 34 37 67 67 96 98 97 43 33 30 51 5 84 39 61
68 9 44 68 27 14 25 53 85 43 98 13 84 7 73 77 64 3 63 65 15 38 41 26 71 91 42 81 65 68 87 12 38
80 41 17 47 58 67 79 83 91 11 39 71 52 0 83 99 79 94 74 73 79 47 87 35 19 31 59 38 85 95 34 75 12
37 1 71 5 46 59 36 2 81 63 65 91 44 94 67 87 75 73 19 86 55 39 70 61 52 15 58 58 84 78 54 74 15
34 83 25 76 50 56 67 8 54 61 35 65 65 81 69 47 24 39 10 6 34 90 86 40 99 89 83 34 42 93 13 13 29
73 60 37 86 91 76 19 84 62 65 28 92 8 7 71 33 13 34 36 50 6 79 53 22 59 34 67 89 63 19 84 100 5
11 61 98 6 51 68 24 16 50 29 49 49 4 45 19 84 56 84 78 38 31 67 11 68 55 27 94 89 37 99 68 6 82
47 24 95 10 71 27 93 54 24 65 16 97 11 83 83 14 40 100 91 100 89 61 36 56 73 67 68 12 0 79 28 43 93
40 9 93 40 82 85 38 70 74 39 77 81 88 49 1 75 93 6 53 45 40 49 40 60 25 24 82 29 61 42 10 48 90
42 51 99 38 2 76 22 90 0 48 43 10 18 24 63 75 0 40 64 98 86 39 94 53 42 63 59 83 62 44 41 10 98
36 15 40 50 11 14 92 2 27 26 51 26 64 5 14 25 9 69 33 23 9 57 9 87 18 49 0 79 23 42 63 17 11
24 38 32 30 56 57 98 5 11 76 98 88 52 10 71 36 38 63 93 75 61 57 77 77 70 21 99 19 42 35 42 43 88
77 32 48 40 83 76 72 52 90 23 3 11 98 37 76 37 25 6 85 40 15 58 58 54 8 93 34 58 29 10 7 27 85
99 11 44 75 55 76 90 59 15 16 99 86 2 18 93 31 82 10 31 18 97 41 37 42 78 86 30 63 46 70 63 50 61
30 62 9 46 32 19 42 8 45 31 85 17 9 89 94 47 30 33 83 11 50 91 4 89 96 25 64 13 50 33 48 7 64
66 11 21 82 97 87 67 25 22 44 2 42 19 47 72 75 87 72 28 99 44 59 89 16 68 86 76 73 91 14 16 31 14
48 93 92 69 36 0 16 17 77 54 49 31 28 82 96 98 88 1 62 92 32 17 45 69 86 86 11 68 89 38 70 47 7
15 100 27 90 98 71 29 55 27 0 19 64 53 21 43 99 42 76 49 88 30 40 1 99 82 78 54 29 11 42 95 72 14
89 9 97 7 65 99 66 71 27 37 4 43 27 61 100 54 43 5 50 68 35 89 9 68 5 3 90 12 53 2 55 0 10
7 12 20 60 70 0 56 61 10 31 81 32 44 81 44 46 18 15 65 12 40 64 48 56 65 40 81 56 24 65 34 100 64
70 60 12 74 99 18 76 35 27 81 76 65 31 42 100 49 42 6 3 29 0 72 5 19 24 57 39 65 99 27 38 29 8
33 33 32 72 38 26 62 9 9 16 27 17 28 25 88 39 67 37 73 47 45 69 84 87 21 16 63 54 55 41 83 7 14
38 94 53 21 16 32 8 16 26 55 52 8 26 70 61 4 95 33 73 22 47 75 93 18 50 50 28 14 46 14 55 64 11
30 77 74 68 95 66 99 76 44 44 79 91 58 80 16 96 86 99 98 78 45 0 25 26 18 4 40 72 19 62 63 8 66
52 97 62 44 81 81 0 73 17 51 78 41 56 69 42 58 94 45 28 93 94 79 100 45 68 32 56 43 68 48 60 41 40
43 83 26 52 70 8 76 77 40 75 25 30 71 66 54 27 20 41 44 41 56 21 41 69 85 21 42 67 58 91 7 85 60
17 20 47 74 29 74 95 97 58 36 65 57 57 45 11 95 30 19 85 65 25 33 99 31 84 91 8 16 59 31 39 22 53
54 27 34 55 28 90 78 52 46 16 14 95 13 67 55 59 72 12 66 62 98 72 93 74 75 78 5 38 56 36 23 47 18
16 52 73 53 83 52 94 45 97 90 40 71 65 67 1 25 20 22 97 80 97 66 21 61 69 66 76 24 26 0 99 96 23
88 86 51 55 88 25 100 48 86 29 54 11 87 93 85 19 19 98 38 57 6 53 76 78 66 56 3 81 57 28 33 68 75
79 25 15 98 5 80 93 18 98 33 13 67 85 58 57 36 76 38 15 25 7 65 52 91 99 81 92 57 77 64 9 7 33
53 39 94 95 29 81 0 30 35 78 65 67 75 52 45 1 34 63 11 33 94 83 35 55 85 18 49 63 78 88 16 91 78
34 93 31 79 36 8 14 34 89 76 37 75 89 81 61 75 47 57 12 24 2 58 33 45 89 73 44 68 76 100 80 29 20
35 45 10 98 77 13 12 73 71 70 62 69 69 44 10 2 56 50 71 27 49 66 12 11 20 25 76 51 33 76 33 74 28
82 55 25 52 37 8 21 92 36 91 22 84 77 31 17 46 46 38 82 87 64 80 28 10 23 47 10 45 37 28 72 3 12
48 25 78 19 39 75 23 80 58 31 25 59 70 78 29 25 4 60 60 51 22 2 15 73 70 52 89 18 40 85 91 15 82
49 11 90 36 22 44 3 45 10 76 14 48 80 55 66 81 40 79 36 59 39 61 51 80 22 67 94 37 10 13 60 80 22
16 33 76 93 12 19 6 45 92 59 88 0 32 44 19 93 42 86 67 66 89 26 88 72 24 34 13 89 78 15 8 20 96
38 25 6 82 84 92 65 75 8 20 38 11 82 35 72 58 64 74 70 88 36 94 57 35 38 74 48 63 18 34 99 51 3
46 28 31 17 25 23 9 31 10 66 70 99 30 92 69 6 61 38 97 62 55 10 78 83 96 86 76 80 48 51 20 16 76
53 87 20 70 19 36 3 90 35 50 9 13 70 26 92 3 76 95 26 69 50 82 38 6 40 74 85 72 65 36 27 33 1
90 50 99 43 100 91 87 41 53 40 42 40 20 86 67 80 4 33 91 37 63 18 16 5 99 45 72 47 79 74 74 21 35
40 71 45 69 16 49 100 35 10 47 11 33 75 100 36 32 6 22 13 51 43 15 41 62 90 86 69 6 24 35 88 98 73
81 8 3 77 41 71 67 38 57 54 83 41 84 22 23 16 20 11 68 56 83 32 92 73 21 5 57 78 40 28 87 72 61
73 8 6 55 24 97 5 58 16 73 30 6 85 98 80 100 83 18 65 95 76 66 67 31 48 27 92 66 41 30 23 7 42
54 14 61 15 35 62 33 36 77 70 16 39 64 73 14 24 55 89 69 68 41 95 84 69 47 63 32 50 37 30 6 54 89
33 92 44 59 36 59 61 15 22 56 9 76 59 81 97 88 46 73 15 52 26 13 47 63 0 60 78 55 32 57 59 59 50
89 87 81 19 97 49 32 16 96 2 44 29 1 66 45 85 83 78 95 32 26 93 36 72 25 4 4 13 34 84 98 20 1
66 56 49 0 84 25 73 89 60 22 86 79 3 100 64 74 66 7 90 39 15 27 54 17 37 7 2 22 84 71 92 75 88
59 66 94 54 28 10 22 67 7 2 22 11 94 9 74 61 47 59 76 41 88 55 30 8 91 97 15 39 73 67 72 39 87
21 42 88 93 21 14 27 92 39 30 86 56 77 95 51 49 43 7 63 41 95 19 72 45 59 44 50 77 24 3 91 18 51
52 43 14 94 94 38 34 6 92 47 20 60 32 49 52 79 13 4 84 61 58 46 56 83 89 67 55 97 84 16 67 100 81
96 81 94 23 74 95 78 29 84 93 57 4 21 7 26 60 2 47 1 69 8 88 82 40 89 77 37 26 65 36 46 44 6
92 62 14 23 75 37 78 90 17 6 79 90 96 44 4 5 55 57 18 6 90 42 77 6 91 15 57 54 83 43 66 24 47
66 25 93 34 94 92 26 76 8 5 85 75 16 47 17 33 6 15 33 39 94 28 54 100 54 49 90 17 90 13 32 98 78
17 88 7 58 14 6 97 28 83 91 4 99 3 40 100 50 45 53 51 10 41 41 57 98 35 99 77 95 54 19 27 100 13
95 17 66 59 31 85 7 66 56 61 41 65 57 69 12 79 85 33 12 52 29 33 77 77 57 43 13 94 1 8 57 29 82
7 36 63 1 35 25 24 45 34 87 82 2 32 56 1 13 72 35 15 78 96 36 40 58 60 1 60 80 66 37 89 19 12
53 65 84 68 18 21 43 5 75 63 19 36 88 82 83 42 96 27 22 75 38 44 20 60 74 94 59 83 48 47 65 41 24
82 19 7 30 11 81 89 29 75 10 55 13 50 3 77 77 90 6 12 27 56 75 54 65 51 76 64 71 47 94 39 5 88
25 56 49 75 27 97 52 19 13 22 16 82 55 72 60 75 7 72 25 100 92 64 33 94 21 45 18 84 44 6 16 59 82
73 70 79 58 100 59 29 65 11 58 55 68 83 9 66 51 23 18 67 17 35 60 86 0 88 6 66 34 19 72 57 7 98
8 56 21 53 52 13 80 13 43 19 60 40 12 4 99 57 9 81 0 51 34 55 54 69 74 86 92 11 72 80 9 63 82
26 58 53 55 81 57 16 92 17 98 0 97 97 64 27 19 45 9 3 71 76 14 47 57 14 81 31 80 99 19 55 1 67
27 80 17 85 24 94 81 79 73 13 83 67 8 87 96 65 50 22 79 16 61 19 99 31 37 74 28 36 55 14 91 68 71
0 38 51 86 66 37 86 42 65 94 16 50 79 59 50 73 0 62 78 54 61 1 58 20 88 19 95 100 21 17 44 74 85
69 11 23 20 37 54 87 56 43 89 68 15 14 38 66 78 100 41 86 70 69 20 1 94 88 58 40 12 45 9 42 0 41
54 62 58 33 40 68 81 8 46 3 48 72 71 41 79 93 30 8 29 34 15 29 88 12 48 17 27 54 34 12 69 34 18
10 23 0 82 45 19 43 95 2 40 70 31 2 12 15 68 45 89 44 62 75 83 83 97 19 17 33 9 51 66 88 72 5
20 98 42 15 55 17 65 3 91 72 92 3 26 79 0 93 12 3 84 59 91 99 39 68 58 45 87 35 85 53 65 14 68
20 29 6 54 0 62 9 10 60 41 31 82 16 31 4 98 93 91 56 78 79 28 89 1 21 48 68 41 68 40 63 77 63
26 16 80 61 48 38 3 62 2 75 39 18 35 82 83 48 45 87 30 8 62 49 25 79 97 23 55 59 22 65 42 8 44
5 94 49 38 79 74 19 97 42 26 82 37 81 58 53 59 39 98 91 84 20 26 1 63 47 56 43 88 11 93 22 60 46
91 15 88 82 29 5 36 29 72 26 98 87 22 57 42 72 43 16 51 71 52 27 51 62 69 93 51 62 14 0 22 48 69
36 31 36 7 73 96 33 52 72 7 47 24 31 90 82 74 30 49 72 86 61 87 76 63 95 53 44 93 55 55 13 29 96
54 72 57 3 29 76 85 75 25 91 12 8 82 61 35 73 43 65 4 50 5 44 49 52 8 21 76 86 86 32 24 57 99
84 94 79 56 78 35 53 55 32 19 81 2 78 22 37 24 0 97 65 76 75 82 96 93 23 69 81 71 68 42 36 71 31
65 83 26 72 45 67 78 79 47 64 20 40 12 36 51 55 60 63 56 34 58 50 7 48 27 22 2 92 15 63 14 91 9
81 50 1 73 10 58 41 56 30 44 89 6 74 37 40 13 98 58 22 93 14 93 30 58 34 17 39 31 44 96 10 11 30
7 16 22 21 2 6 94 14 56 60 35 63 63 36 22 38 32 24 53 6 54 45 89 21 39 62 90 79 1 0 82 49 13
28 1 86 86 27 45 81 37 4 46 70 78 30 95 94 71 73 92 15 66 37 56 0 7 48 55 20 73 30 33 52 61 97
37 20 2 15 54 98 86 65 42 35 44 35 68 52 44 39 65 34 25 87 63 72 88 83 45 69 81 74 44 83 22 38 28
93 43 5 55 43 35 14 39 6 82 49 44 61 62 80 4 93 62 73 76 16 59 81 75 20 89 2 75 38 44 79 16 96
65 43 62 32 95 94 93 64 16 17 8 61 5 66 60 21 69 43 6 79 33 23 54 35 1 11 51 71 100 59 64 41 85
36 58 20 85 72 24 22 4 69 66 87 71 37 94 82 77 38 56 78 15 61 42 83 63 79 49 76 82 9 41 83 82 11
99 62 65 82 83 51 75 34 40 29 36 0 80 35 44 28 91 23 68 84 100 55 58 89 35 90 17 56 32 42 65 61 75
77 88 31 78 50 35 90 92 22 37 88 14 53 92 15 86 29 87 4 66 45 39 48 2 96 1 47 60 53 66 88 69 60
69 89 79 40 89 56 96 96 80 12 34 62 21 56 38 50 46 9 78 79 68 59 76 93 43 70 4 100 66 39 79 42 41
10 33 89 63 47 100 62 83 1 98 15 74 33 82 14 11 39 81 36 43 33 93 36 36 62 18 76 89 6 81 17 78 18
51 87 14 4 64 80 93 82 84 65 100 88 85 67 50 23 57 80 63 58 35 24 72 15 68 52 74 5 9 75 7 18 44
78 15 31 39 74 44 61 93 25 27 6 86 22 46 29 28 50 91 89 36 89 21 98 72 8 8 47 50 100 60 1 59 78
12 49 57 5 58 30 36 33 41 22 86 73 8 9 95 62 14 45 43 94 56 95 28 2 61 43 74 43 40 43 49 69 73
6 41 31 96 87 9 20 55 28 83 17 56 92 48 20 32 44 86 65 15 40 71 61 27 53 80 60 20 41 11 35 31 93
67 23 18 17 100 60 21 29 48 8 82 67 7 30 21 36 69 57 23 10 0 55 24 24 71 9 64 0 72 84 40 13 19
29 3 0 60 95 66 51 10 31 11 0 75 77 84 28 90 91 8 61 77 32 28 3 70 83 66 71 47 16 62 18 71 67
50 96 37 40 64 69 93 16 4 4 99 67 92 99 11 98 2 81 59 4 83 71 16 26 45 70 91 64 69 82 54 56 5
37 0 8 27 74 21 17 4 33 71 44 16 92 1 51 79 20 57 85 43 20 68 98 73 97 52 61 7 55 5 68 54 96
11 55 24 50 94 1 19 81 49 30 62 39 90 21 86 65 39 23 14 56 4 19 44 83 65 30 47 30 87 30 92 58 21
26 92 85 43 71 26 93 100 26 2 80 46 23 85 75 100 15 52 70 1 13 29 62 18 31 51 31 54 38 20 58 8 60
12 86 55 30 84 97 2 0 22 81 30 41 53 76 52 38 6 19 98 28 60 65 6 98 30 33 95 22 35 62 87 99 72
49 10 6 82 99 50 49 79 54 48 27 52 12 99 68 58 12 58 90 24 9 97 53 12 58 16 53 0 2 41 36 84 50
25 85 27 25 41 31 51 72 59 40 71 5 76 43 55 41 95 53 69 84 74 75 85 27 57 91 15 37 4 47 80 45 16
29 56 27 82 81 80 51 68 74 93 7 78 51 60 15 68 78 52 68 65 23 19 12 24 84 11 0 30 20 4 0 69 25
11 0 17 7 95 86 48 89 25 62 27 83 97 28 73 83 36 53 55 9 37 86 61 98 48 33 29 95 3 44 56 34 88
58 38 23 19 69 55 75 24 51 41 23 67 76 97 29 37 59 77 35 10 38 62 37 74 69 31 67 22 13 45 100 17 40
70 72 75 78 92 84 15 73 87 28 57 43 28 8 22 48 51 8 36 22 61 94 17 41 17 38 91 29 58 95 61 99 56
21 70 49 82 20 95 36 94 41 56 86 14 99 63 95 7 16 46 33 21 24 27 76 85 38 53 36 17 26 17 31 89 15
73 7 43 22 27 27 23 99 21 17 98 36 20 67 95 15 1 79 62 24 94 5 76 41 9 27 100 63 67 14 96 92 93
47 9 55 15 75 41 46 82 80 0 81 54 51 92 5 52 71 50 66 86 74 92 81 12 58 28 9 12 2 86 85 89 50
36 44 95 19 82 69 71 95 53 73 52 36 11 84 11 83 47 57 63 8 93 6 25 48 4 58 96 45 91 18 98 45 95
20 25 87 52 17 45 15 57 69 52 61 40 81 50 31 99 80 100 28 6 89 71 75 93 31 53 13 94 94 25 88 8 95
44 25 56 35 93 30 41 11 7 9 71 5 78 76 17 24 18 81 9 67 27 34 49 1 98 80 7 9 38 72 76 16 48
83 76 42 63 57 14 11 86 61 36 81 18 77 61 20 76 6 58 61 68 89 47 17 98 24 98 50 45 61 48 57 28 14
88 51 48 66 60 26 50 85 82 6 1 70 24 68 9 70 31 70 97 90 11 48 70 70 3 31 81 86 47 4 37 5 19
58 28 99 59 49 40 70 18 68 56 3 16 83 25 15 14 10 11 65 17 48 47 7 77 37 88 0 2 62 47 61 88 1
85 14 60 73 31 42 13 99 19 61 1 71 30 87 48 30 91 34 67 40 14 92 39 22 52 22 60 75 36 63 82 79 7
72 46 64 47 25 8 67 23 42 53 44 56 36 89 91 45 21 30 23 55 12 89 75 46 14 50 30 89 13 77 56 27 31
8 1 37 35 91 90 17 96 62 21 11 60 69 83 70 64 78 39 91 3 3 57 76 41 27 90 40 71 61 44 35 78 13
75 8 56 47 13 1 60 53 91 38 6 31 83 42 6 93 85 89 40 8 37 30 1 26 7 60 0 45 8 7 66 64 67
19 83 53 91 43 33 35 67 9 21 4 36 81 40 58 56 68 35 78 15 54 34 24 13 26 2 100 5 31 92 36 86 67
29 65 38 69 94 23 63 70 21 13 32 95 62 20 1 0 77 16 5 58 27 89 54 9 53 15 78 18 13 96 24 99 43
22 48 6 0 88 9 9 61 78 24 30 17 45 45 26 80 82 72 84 60 80 21 54 38 59 64 7 87 3 67 64 80 75
53 52 71 55 52 27 72 11 48 51 49 30 29 19 54 56 19 43 4 31 14 88 72 47 50 11 55 23 93 15 46 9 94
28 3 21 8 42 76 73 24 92 79 13 86 68 40 76 56 23 40 81 30 47 34 34 37 4 85 84 0 18 28 5 57 34
11 45 60 70 4 13 91 96 9 51 96 54 75 12 54 8 63 86 71 73 33 79 53 89 18 41 59 46 22 2 2 14 54
48 84 84 72 52 28 46 100 3 76 4 13 52 43 56 19 86 89 96 71 91 29 76 46 70 85 68 90 91 90 12 76 4
92 58 61 66 39 53 77 35 15 55 96 55 2 18 42 90 30 23 82 65 93 63 40 42 2 13 78 77 20 19 64 83 39
93 69 51 98 37 38 35 6 54 90 14 80 20 28 92 3 20 99 87 72 61 5 61 60 88 22 49 18 99 6 43 75 93
31 33 65 79 47 30 13 47 95 8 38 73 96 17 1 92 30 24 15 9 84 48 58 69 16 41 69 74 15 21 61 55 1
100 27 13 91 100 45 76 39 42 40 47 33 15 80 1 19 74 65 5 87 33 11 21 62 78 69 45 48 22 10 93 58 17
49 86 0 70 13 78 53 20 38 37 87 60 52 41 61 73 86 89 7 71 64 9 69 88 95 65 21 29 65 55 98 29 98
31 69 66 98 34 46 95 97 5 92 71 41 24 77 21 98 59 55 92 11 59 22 25 60 68 5 88 79 95 5 0 44 98
43 72 95 20 76 12 9 71 12 21 37 71 78 70 82 32 3 82 16 18 6 13 63 85 23 31 37 21 46 42 30 65 26
89 27 59 27 47 71 23 77 74 5 64 23 61 62 86 8 99 77 91 80 76 97 28 34 10 100 66 64 47 77 41 50 44
39 24 85 94 35 54 23 68 68 92 91 42 43 26 93 70 97 55 34 91 27 9 13 60 53 65 44 61 85 69 43 90 99
18 7 81 92 98 55 64 23 59 74 94 86 68 75 99 59 64 34 74 97 28 30 57 52 87 79 76 79 3 84 18 98 99
57 71 91 50 9 65 70 59 45 51 86 7 57 25 65 21 37 77 20 19 7 95 100 43 77 37 18 87 33 20 98 70 4
47 4 23 39 29 80 70 31 30 52 49 16 83 72 59 22 84 85 42 36 21 98 43 24 18 6 55 52 5 41 23 26 3
83 39 54 43 45 36 71 67 100 16 83 95 45 15 83 79 22 51 85 22 95 9 48 8 25 92 89 4 53 82 15 69 53
54 92 8 94 17 62 92 84 94 24 15 88 36 3 9 58 56 99 60 4 14 59 94 23 54 82 8 39 61 4 90 97 80
54 72 70 55 47 7 64 40 78 79 6 9 98 74 39 1 62 16 10 21 25 88 99 5 12 70 36 99 84 25 25 97 72
35 45 23 90 99 87 73 51 26 60 52 86 40 0 82 91 10 38 14 59 92 96 98 35 73 43 71 5 90 37 44 84 37
10 75 100 28 94 13 20 52 52 63 35 61 61 2 13 70 9 39 77 14 14 69 36 34 95 55 99 27 100 73 86 15 16
25 54 89 53 63 35 68 35 48 50 90 1 61 8 85 95 49 40 51 27 87 85 85 40 15 13 32 24 60 42 32 19 50
4 5 97 1 38 70 78 29 50 90 58 72 22 24 13 8 7 88 21 59 7 74 3 70 96 52 36 74 22 11 55 69 15
18 63 82 86 90 20 60 1 70 23 45 16 94 77 93 26 68 95 38 71 14 15 83 45 41 17 19 9 79 52 48 78 0
40 83 27 15 63 42 88 86 0 89 92 40 63 51 14 15 65 32 56 72 70 16 96 91 59 73 7 47 37 43 67 92 90
84 0 78 76 2 53 39 21 21 20 39 14 97 88 8 14 4 31 34 58 72 13 78 26 0 12 9 2 63 31 40 95 38
78 44 66 9 34 28 63 74 10 99 21 49 28 65 70 91 59 35 1 96 51 8 59 74 78 34 52 63 100 100 44 2 47
68 14 23 44 90 91 62 47 29 28 25 12 76 36 6 62 96 11 7 6 64 39 15 96 51 99 16 50 49 38 3 29 63
10 5 83 97 22 13 27 75 97 95 15 36 68 76 94 67 2 5 48 60 18 24 68 29 17 74 64 8 92 40 58 31 29
44 9 27 30 78 56 18 89 50 79 44 18 36 42 47 98 15 33 89 16 86 2 75 50 92 49 46 76 40 24 77 37 44
43 48 29 28 82 64 4 67 50 60 48 11 20 43 22 94 18 87 13 84 80 13 43 69 74 3 64 79 100 15 87 31 26
38 90 71 70 60 9 99 7 49 1 51 49 80 82 8 5 54 70 92 1 23 0 1 82 100 95 93 57 34 73 69 95 56
44 83 5 48 91 3 76 78 52 32 26 61 53 64 78 45 44 12 33 84 90 90 10 20 69 56 23 47 10 100 67 47 58
78 34 2 80 83 91 34 28 3 79 40 53 27 35 21 93 20 21 63 36 77 20 38 99 30 93 46 95 8 56 22 28 47
55 69 62 42 37 62 75 6 15 37 10 86 16 88 6 71 31 37 12 3 42 56 50 51 84 40 58 71 22 15 59 68 40
97 65 100 73 23 22 42 4 14 47 85 71 16 96 24 95 44 70 7 94 70 4 94 78 9 4 58 84 53 55 25 78 95
73 74 100 0 72 17 71 9 4 27 22 46 82 76 96 1 53 50 84 58 30 29 22 37 72 49 49 69 74 56 53 57 69
21 18 25 42 45 77 93 29 34 41 29 36 37 2 39 72 26 81 69 94 35 74 40 0 39 15 100 44 74 16 44 99 26
9 85 67 45 54 49 95 99 6 32 5 24 36 58 48 35 65 71 48 41 14 41 32 3 73 67 56 72 86 20 12 39 13
60 21 89 78 79 54 8 46 82 64 71 25 21 44 55 1 97 7 85 59 38 74 73 52 66 72 49 100 95 44 28 15 3
86 49 49 78 70 96 13 48 29 28 7 70 82 16 24 21 63 5 82 42 98 83 56 1 6 21 60 8 20 51 64 50 86
87 25 29 22 36 67 11 10 21 55 22 52 7 83 36 12 62 28 93 42 95 25 19 52 86 12 63 5 32 76 8 31 67
31 56 39 91 13 80 10 65 19 43 21 75 55 34 7 68 13 4 95 10 47 5 22 78 20 77 23 56 22 58 0 1 17
9 23 29 31 16 33 23 34 91 14 60 94 16 76 38 38 8 59 51 30 69 79 14 69 75 56 1 78 48 100 44 85 4
50 34 73 96 64 21 15 82 73 14 70 7 88 48 47 36 99 41 1 35 17 10 98 50 6 84 58 24 90 61 22 80 81
43 52 35 23 10 94 88 63 2 84 71 39 25 95 7 46 65 96 40 49 90 90 41 98 60 34 38 34 69 95 15 44 77
63 91 37 14 44 5 47 48 2 35 65 76 45 64 88 8 68 65 46 88 52 78 92 49 64 27 9 37 50 36 67 6 36
6 73 85 32 34 40 22 41 97 62 76 56 28 81 83 78 32 30 84 22 48 78 96 85 57 94 62 18 85 32 84 17 24
42 5 17 2 44 64 56 9 89 14 32 32 13 35 54 18 82 37 100 34 86 50 4 49 51 1 83 92 40 75 18 57 95
40 20 9 60 29 27 84 75 19 44 89 90 11 51 20 17 54 20 90 35 36 74 8 94 92 13 49 99 19 33 78 19 77
65 100 96 99 12 19 85 11 37 44 70 35 59 34 72 0 95 61 53 51 47 53 65 19 12 54 20 82 12 36 91 13 78
44 68 52 0 78 70 36 46 59 63 67 49 75 20 88 49 41 65 44 16 78 72 67 30 90 95 5 32 53 69 98 93 54
70 6 89 23 87 75 24 99 72 84 67 21 92 100 66 56 89 37 69 54 91 90 33 62 55 45 31 91 25 4 97 93 96
64 88 48 70 71 88 92 26 25 59 7 44 87 47 68 36 79 45 74 58 75 93 53 78 3 19 28 97 48 11 77 94 84
24 77 86 1 63 10 100 97 71 59 27 79 56 44 60 39 16 17 14 54 18 66 36 87 29 27 9 23 99 21 46 22 55
36 71 16 62 81 55 9 93 43 42 39 70 47 73 5 21 96 16 41 24 38 31 70 52 92 30 4 34 52 50 24 61 74
68 1 70 32 7 8 59 50 97 18 57 71 55 0 99 31 23 44 89 41 10 75 8 3 43 83 0 88 6 74 69 8 49
16 68 72 85 17 99 76 41 8 51 87 58 88 81 15 14 63 19 64 83 66 86 7 22 34 71 57 75 53 86 74 56 32
53 82 31 80 75 30 23 44 78 31 51 59 48 24 89 4 7 55 77 84 66 3 65 58 13 28 54 58 73 82 10 14 89
19 80 71 49 76 58 22 43 92 76 53 0 57 80 100 91 67 91 18 80 9 55 54 8 36 1 35 49 50 22 59 23 0
82 90 68 27 73 0 23 85 73 11 43 63 13 12 83 97 17 91 81 58 8 75 75 25 92 36 3 1 18 84 46 22 32
84 91 59 100 54 24 98 81 18 46 39 68 60 1 52 37 7 67 12 66 94 74 53 73 84 15 46 20 91 88 8 42 37
27 99 69 96 80 36 9 61 54 45 82 32 20 26 49 65 19 96 80 56 26 94 5 97 65 98 22 46 23 25 55 22 33
8 39 63 16 61 83 36 77 71 45 71 87 6 98 3 97 65 3 78 77 37 47 2 84 89 37 9 42 4 79 8 28 18
65 22 46 37 6 43 1 3 78 48 66 79 24 100 23 66 65 52 64 43 61 43 46 14 4 43 12 12 64 80 50 17 92
51 76 20 43 30 36 38 36 33 50 31 41 26 51 68 84 14 76 2 64 45 81 1 71 63 23 4 65 10 25 42 11 81
32 80 52 84 1 40 28 30 96 71 40 60 0 53 42 100 22 25 61 0 20 4 6 70 3 72 53 88 32 93 62 74 9
90 42 88 9 29 96 10 32 86 42 97 47 67 62 78 87 63 31 39 77 59 48 69 74 92 76 15 47 94 99 88 58 0
3 64 18 32 71 58 36 4 87 86 53 59 0 65 49 30 65 26 7 37 0 95 98 23 19 13 5 53 55 36 15 69 66
68 10 13 6 71 94 50 32 71 45 81 22 83 73 83 40 50 93 91 12 35 43 27 13 25 87 52 26 56 91 47 43 83
44 66 54 39 57 25 85 84 86 91 79 76 75 3 2 69 53 56 32 97 81 43 74 60 63 36 26 73 98 6 9 44 19
78 21 73 43 12 44 59 11 3 51 56 52 93 55 46 29 48 12 94 44 31 60 21 20 15 98 44 74 23 25 66 47 95
42 49 34 62 84 18 85 40 11 80 47 98 20 97 38 88 18 85 96 69 74 6 99 43 61 55 10 56 27 74 47 78 32
68 62 55 39 24 100 90 78 47 16 92 37 10 73 31 22 3 41 40 91 26 89 93 81 83 74 10 17 99 2 24 49 100
56 22 30 14 28 98 68 50 83 92 66 89 90 27 26 54 46 31 32 85 99 71 91 7 81 64 15 62 91 85 22 93 14
6 75 1 38 10 81 40 10 60 69 54 31 30 96 22 89 38 64 67 77 79 52 86 87 35 79 61 47 39 79 32 18 33
9 98 95 7 72 21 5 66 40 24 77 86 49 9 82 69 88 71 68 19 46 37 34 15 36 2 72 59 98 82 33 17 53
83 85 74 46 37 62 87 30 98 29 91 80 25 83 25 34 13 38 86 2 24 42 39 58 37 93 27 23 37 64 81 10 88
20 26 17 67 44 36 38 18 35 29 35 96 27 34 68 27 8 71 37 0 57 12 34 81 65 8 0 31 55 14 49 74 36
62 85 26 58 12 17 90 78 99 58 42 11 19 58 98 55 26 6 30 49 73 39 11 4 13 54 84 18 48 1 36 0 0
10 95 15 88 34 88 0 75 51 65 38 24 28 98 35 63 61 88 34 89 86 2 0 75 4 91 0 73 56 40 45 49 65
70 0 31 34 2 6 74 77 6 56 8 57 66 2 19 21 29 43 7 56 11 48 97 13 0 53 82 88 87 86 13 24 81
8 61 11 56 60 21 56 40 3 16 11 45 86 49 98 19 59 54 93 50 33 12 41 34 54 5 97 44 65 86 87 92 15
36 59 42 8 37 13 47 31 43 41 73 2 14 90 91 46 10 2 92 49 32 64 84 58 85 79 50 98 7 21 59 7 11
70 39 67 29 76 13 42 20 32 27 21 56 53 22 1 97 1 71 63 49 44 0 44 0 32 87 29 25 4 21 16 1 19
3 21 22 62 72 45 92 18 49 74 71 89 69 34 7 17 63 56 26 100 9 63 41 12 5 2 27 18 11 68 4 73 35
55 9 22 51 25 26 12 71 78 61 32 40 76 19 92 48 87 30 22 96 59 62 12 77 80 56 68 74 89 68 71 79 82
52 63 55 84 40 20 99 4 69 52 55 81 61 11 7 71 36 69 10 39 46 90 17 64 32 67 45 56 88 76 94 7 73
32 51 54 40 22 99 10 2 26 77 3 31 40 1 38 57 16 77 5 58 58 34 7 78 23 20 36 62 52 9 2 7 9
55 5 58 27 60 90 34 95 49 54 8 48 72 4 98 33 30 45 76 91 13 70 29 6 65 15 4 62 38 32 91 88 65
47 85 83 54 30 50 76 60 67 29 95 16 17 83 56 31 57 51 33 81 49 27 32 33 40 18 6 29 38 36 89 97 61
78 32 85 56 40 93 23 40 93 95 32 13 33 73 30 43 61 49 50 50 47 95 16 35 14 96 33 16 53 34 37 51 63
36 28 55 51 43 48 41 83 14 68 75 46 27 29 80 24 58 79 35 76 80 41 50 35 56 45 29 89 59 44 18 66 41
19 17 21 46 30 30 70 100 34 61 23 92 77 27 37 61 73 20 22 93 41 93 36 53 81 56 66 88 48 72 8 6 25
56 45 62 100 30 11 60 41 59 58 83 48 9 86 20 27 87 24 44 93 7 15 32 36 6 88 47 67 74 54 99 47 14
40 33 77 2 63 78 63 29 37 38 89 75 21 85 9 7 12 53 31 87 95 13 65 51 93 74 18 32 17 47 35 26 62
97 41 31 18 20 13 22 94 67 18 72 90 71 37 98 12 58 1 36 23 17 94 96 90 40 4 50 98 14 2 9 88 2
73 84 3 67 31 27 73 31 14 85 28 33 30 65 20 74 19 67 45 66 41 41 86 0 3 58 13 62 49 42 77 38 46
16 100 97 77 58 12 89 32 99 37 39 33 21 2 61 12 0 23 53 83 6 76 62 80 29 67 87 7 87 51 28 32 25
35 56 67 51 15 4 18 7 90 11 43 31 49 82 54 52 69 59 66 78 100 85 67 27 77 44 69 58 20 20 74 78 84
65 33 69 6 44 89 28 67 37 12 51 85 41 59 11 31 7 71 65 63 92 17 88 98 19 66 69 44 71 89 56 15 59
71 93 45 1 74 31 34 88 68 87 57 54 83 100 14 65 18 42 92 48 75 21 54 87 61 46 37 68 48 68 52 54 83
94 33 71 88 63 39 16 73 7 31 70 98 89 73 68 34 21 62 50 48 63 71 73 10 28 19 30 38 50 65 63 10 40
57 42 15 97 10 61 86 32 78 24 70 31 9 58 45 2 46 19 65 56 52 86 60 33 57 9 72 83 60 95 84 39 29
61 94 38 0 10 92 23 68 33 59 14 62 36 85 7 41 90 95 51 26 13 99 21 23 4 76 78 34 23 61 65 8 98
60 88 70 59 1 60 66 37 25 30 35 64 52 7 4 72 53 41 34 52 31 100 26 92 33 93 98 56 28 54 90 61 36
2 91 9 9 85 59 36 63 15 20 34 53 75 91 47 79 8 92 61 21 70 14 33 11 10 60 68 22 74 27 67 19 45
30 8 87 66 24 69 11 58 47 85 46 0 4 73 3 56 90 19 26 7 25 58 2 30 25 39 28 43 28 21 5 7 80
63 73 64 31 82 25 76 48 28 71 51 58 78 27 27 23 7 99 54 9 51 16 19 65 38 69 49 40 22 92 45 58 24
12 60 50 20 80 63 85 5 42 48 13 52 19 25 32 80 25 75 53 58 53 15 77 10 6 26 26 13 60 99 52 58 63
89 24 71 96 60 15 60 35 20 1 16 83 57 42 27 29 77 62 91 56 52 67 69 52 99 46 18 17 13 13 84 85 94
57 79 49 43 49 38 6 8 86 82 97 74 77 66 18 55 16 34 84 93 23 0 75 24 43 30 43 78 84 53 81 14 94
66 82 73 70 42 22 60 92 51 71 76 34 17 33 3 14 37 8 51 73 0 89 16 99 41 23 76 77 1 34 42 53 8
18 54 4 66 77 13 91 33 35 18 3 94 37 45 68 15 36 71 64 49 13 66 50 95 79 6 2 68 54 44 78 94 52
34 10 6 64 42 26 7 44 11 86 72 63 99 74 10 85 6 85 16 39 25 57 30 53 82 46 18 88 61 74 85 8 59
82 29 81 8 58 43 75 15 11 98 86 53 32 64 97 70 75 79 22 62 99 6 62 89 36 84 24 64 75 14 66 63 84
60 36 31 81 89 56 86 80 91 31 23 59 62 41 19 68 48 28 89 77 0 23 10 11 28 15 91 88 53 35 40 6 98
83 67 78 33 48 82 70 76 5 72 73 43 58 80 3 76 38 92 99 94 89 18 18 46 30 20 53 92 26 16 98 5 4
63 13 46 62 50 19 27 38 28 31 97 32 48 86 98 36 74 87 84 84 71 6 31 8 34 6 31 48 52 83 14 51 97
44 37 7 63 87 22 47 4 18 59 33 99 82 23 87 9 82 52 53 68 44 56 26 24 22 35 94 99 3 21 46 2 90
37 21 66 51 15 11 41 95 99 15 14 49 70 5 92 14 71 5 72 50 51 51 82 47 68 83 30 49 33 49 55 43 21
33 55 4 64 56 26 62 13 83 86 73 69 35 83 89 24 28 0 29 91 0 65 69 40 72 31 56 86 92 62 15 32 87
40 34 58 24 4 8 11 33 54 50 87 35 41 99 20 71 46 37 3 63 57 17 53 9 70 36 97 40 25 49 80 68 84
33 19 38 9 47 51 60 61 68 23 88 7 33 10 49 24 36 2 70 39 36 74 57 71 14 35 1 53 15 23 73 51 92
92 48 90 58 80 41 48 29 7 39 57 11 76 18 0 73 51 6 69 92 92 99 9 92 92 34 56 86 66 10 82 21 4
87 48 20 75 79 8 14 19 47 19 47 34 7 52 72 38 87 68 62 87 61 34 76 67 4 96 29 18 39 98 83 34 30
89 54 76 96 23 49 61 8 71 69 44 65 40 93 83 31 66 1 82 16 77 68 38 49 12 58 86 21 81 14 86 26 15
92 6 8 14 83 70 32 19 38 65 80 92 92 57 45 0 53 28 8 96 2 74 3 28 5 10 45 12 48 42 82 77 66
16 71 56 51 18 59 83 78 0 4 19 23 67 98 45 89 49 90 25 18 80 58 7 83 10 47 44 32 9 23 6 92 95
100 27 31 17 91 88 63 64 2 24 31 40 17 27 94 77 97 78 45 56 16 87 1 69 98 90 81 29 10 26 29 4 48
84 88 2 10 63 29 65 31 47 93 44 47 9 49 62 63 32 88 72 39 51 16 98 14 100 30 49 57 43 17 91 24 73
32 5 7 46 35 51 49 99 12 5 74 76 81 57 69 15 67 75 54 13 44 18 26 25 21 73 31 81 96 16 38 46 17
88 10 43 1 2 57 41 65 26 17 21 10 9 85 16 96 51 47 2 45 54 43 68 95 59 91 64 78 67 68 36 14 33
92 18 30 6 63 55 98 43 35 16 89 55 27 82 47 82 20 10 2 36 37 30 83 49 60 88 20 17 5 53 11 8 10
77 5 72 22 41 64 14 15 100 38 6 80 77 14 86 37 94 21 5 84 30 79 6 22 74 49 92 58 53 39 56 38 5
45 67 49 28 0 72 38 2 21 51 48 86 27 72 82 43 93 41 1 96 1 45 39 60 28 36 31 17 72 73 97 11 64
45 78 59 40 55 46 87 82 57 43 10 12 12 6 36 85 20 96 23 9 63 66 64 96 54 94 51 0 42 84 1 75 44
5 34 78 17 42 50 67 64 86 16 81 77 75 95 78 14 9 27 17 38 63 25 92 75 35 35 16 74 65 43 64 90 83
34 83 22 1 58 76 12 74 71 83 70 27 73 35 7 37 73 5 40 32 30 55 85 79 71 49 75 61 81 75 12 59 56
29 37 93 64 61 4 0 69 91 57 43 27 31 99 47 19 22 83 14 91 72 50 92 75 89 100 91 12 25 13 15 84 65
25 8 81 80 37 47 79 38 32 39 38 92 21 94 25 82 71 85 12 89 49 85 24 0 68 87 61 55 47 37 91 5 58
9 100 3 49 41 71 55 3 20 80 63 23 64 37 95 36 99 73 50 11 67 25 1 77 96 68 60 85 34 33 68 74 70
16 60 46 73 21 28 84 47 56 1 1 6 15 29 87 0 52 30 91 36 58 86 9 80 37 97 31 94 17 74 14 96 30
79 60 29 36 14 3 16 30 63 42 50 36 8 69 59 56 17 14 21 87 83 80 14 31 55 54 65 82 68 28 18 53 28
97 59 41 63 57 72 0 76 90 92 2 62 3 12 85 60 98 48 30 66 98 81 83 23 22 88 60 96 45 69 99 47 69
6 56 84 45 52 45 87 26 15 21 18 89 84 43 65 91 53 72 17 7 31 67 19 54 9 100 29 62 47 100 78 7 28
17 61 52 37 98 51 6 71 96 77 40 12 72 94 82 27 66 68 63 15 96 84 70 55 1 6 89 27 47 75 4 88 41
58 33 61 89 95 52 88 76 40 14 60 73 63 79 68 93 19 63 5 52 73 18 43 65 82 67 36 45 61 14 26 38 34
19 14 84 10 48 52 66 38 2 13 55 18 16 91 23 10 69 97 13 60 100 84 17 23 100 99 14 62 8 44 42 58 7
82 5 41 49 72 58 1 60 38 97 36 95 48 91 19 94 32 80 6 76 72 44 75 28 45 21 58 5 85 44 93 17 1
23 65 39 59 55 25 41 81 31 94 4 2 93 67 81 53 85 8 81 76 13 85 62 60 27 70 42 39 0 91 97 61 35
38 26 81 96 58 3 2 80 17 17 75 77 73 35 25 80 36 44 31 92 84 97 64 83 91 59 17 18 94 86 85 14 24
48 24 9 1 30 59 21 58 53 69 62 15 26 55 68 58 68 25 74 30 61 80 11 23 74 93 64 95 89 55 54 28 100
60 28 7 56 76 5 75 2 82 51 48 39 55 12 78 39 28 2 76 42 26 34 83 11 1 41 5 16 11 84 42 39 100
73 22 97 64 84 57 38 14 67 35 24 66 30 71 89 15 6 27 69 72 40 54 60 89 100 81 29 65 45 32 34 52 59
11 38 37 34 36 52 7 18 66 94 82 10 60 22 26 57 55 30 41 10 99 2 0 66 86 59 2 47 5 78 68 87 58
12 91 37 53 67 61 1 55 27 47 75 51 40 78 95 91 84 20 81 82 12 62 10 25 54 89 19 21 50 90 91 34 65
5 47 36 37 3 27 84 89 82 15 2 40 77 1 70 50 8 24 62 11 44 70 33 98 19 31 11 20 3 94 22 72 73
22 83 1 75 45 33 96 69 56 53 84 0 25 28 41 77 27 98 61 70 52 45 49 87 88 52 35 69 84 63 67 15 53
47 63 95 67 98 33 6 11 85 99 3 60 16 0 100 18 16 26 24 32 28 3 39 91 30 82 72 56 81 63 3 45 41
97 77 69 98 29 81 24 32 47 59 88 13 76 29 25 46 4 26 84 70 72 0 99 37 6 12 45 84 11 62 23 5 94
99 48 11 96 55 91 34 79 7 35 28 50 49 38 9 73 81 64 75 22 4 56 16 100 21 81 95 78 62 100 44 88 55
7 71 28 38 82 48 25 66 29 57 38 7 12 65 57 63 95 93 94 7 16 5 43 13 58 56 60 95 79 88 15 93 2
39 79 80 43 45 3 84 95 51 42 78 57 2 3 97 63 5 49 59 29 15 99 90 31 91 15 95 36 96 19 44 33 77
73 69 12 0 1 67 24 64 54 34 0 1 34 2 27 11 78 28 81 27 78 11 80 54 58 8 21 20 50 33 0 37 57
24 43 47 25 11 28 52 39 79 77 35 90 56 99 89 49 63 70 16 31 6 19 35 100 46 9 25 76 53 97 26 50 42
42 78 11 8 60 34 47 41 15 72 66 7 71 87 62 39 27 76 26 23 37 6 32 81 50 41 53 88 77 47 12 46 92
61 11 69 20 25 36 67 56 6 58 85 29 3 47 46 14 98 60 33 85 19 23 66 10 93 69 53 48 95 17 99 73 61
4 94 70 4 65 82 26 93 50 64 24 78 55 28 94 6 30 9 46 76 61 69 89 75 26 54 16 44 52 38 56 3 27
96 15 95 69 77 31 21 90 3 61 54 74 19 90 6 60 13 41 6 36 5 48 58 83 83 67 56 16 80 37 5 18 13
10 20 73 39 70 39 65 60 15 86 77 55 38 80 64 15 90 88 76 2 42 87 98 21 41 34 0 40 72 56 55 34 36
34 44 36 26 45 93 28 62 45 12 100 90 11 7 5 19 58 14 29 52 46 56 60 53 33 45 64 48 62 2 30 81 42
7 4 14 62 59 77 31 22 30 21 32 19 16 95 100 6 50 7 95 12 23 67 90 68 40 23 22 73 30 95 70 44 77
5 90 11 10 40 11 11 7 12 78 76 62 16 49 28 24 85 29 14 65 31 53 17 92 9 25 26 11 62 50 68 93 71
21 92 26 17 14 2 29 40 17 93 59 23 97 10 43 55 82 4 20 15 23 29 9 88 45 63 48 3 87 44 7 8 57
81 74 0 88 29 61 37 46 17 74 81 54 80 52 16 17 100 27 92 19 83 20 4 9 77 83 36 97 56 43 1 82 92
21 82 14 95 92 3 93 58 46 68 64 90 91 20 31 1 72 72 90 13 11 74 32 33 67 52 48 83 34 92 80 33 74
80 32 92 8 10 21 74 14 69 49 10 98 6 19 19 93 28 24 97 43 77 24 96 33 49 64 27 5 69 95 29 68 38
86 43 29 23 93 90 89 96 92 76 3 3 90 6 20 47 3 35 15 8 14 64 8 5 16 63 97 91 21 31 35 32 82
65 52 20 37 79 39 40 38 90 47 64 58 100 6 83 13 48 44 50 16 3 80 0 77 5 15 59 26 8 12 10 18 91
47 7 49 79 58 6 9 6 89 70 86 16 91 20 51 37 55 77 3 92 30 0 87 44 20 34 31 39 7 84 41 13 44
44 63 16 26 67 71 18 2 46 75 57 35 13 96 29 13 92 77 75 25 58 61 40 52 39 7 17 23 8 26 23 4 15
11 84 68 10 73 12 42 84 0 53 80 31 58 43 34 3 44 78 26 16 50 10 84 12 51 31 18 26 10 66 83 67 81
63 62 34 24 1 18 99 65 93 26 52 52 84 52 78 84 42 52 22 80 41 76 31 30 90 24 18 24 2 77 49 79 12
16 15 58 48 32 5 30 38 91 23 65 40 91 48 48 21 82 71 70 43 17 68 50 93 95 66 50 98 72 57 68 61 85
3 12 96 22 81 18 10 79 53 96 3 60 21 63 23 24 96 55 4 5 0 92 35 92 97 1 54 78 13 8 41 16 28
65 41 88 20 47 100 0 4 79 16 93 11 10 23 6 2 67 82 32 46 28 89 90 19 70 24 22 89 37 2 51 33 56
2 90 16 19 59 52 36 32 64 91 50 37 100 54 79 59 24 30 2 97 96 3 85 15 46 33 68 56 24 16 96 30 48
56 49 57 24 55 46 49 63 39 30 95 79 42 14 34 94 17 6 100 87 4 90 32 46 23 52 76 20 44 95 9 11 9
63 43 58 47 32 30 55 23 3 43 10 26 86 1 17 92 42 4 43 14 78 42 55 4 30 9 53 10 2 71 21 17 57
74 74 74 12 28 93 94 49 58 26 66 80 40 68 64 26 22 54 69 16 72 93 65 51 89 35 85 64 29 45 97 95 56
68 23 91 35 93 31 94 72 64 22 40 73 23 7 2 81 38 81 61 50 56 85 64 41 41 16 63 13 70 32 80 93 71
59 59 27 58 69 100 93 94 83 67 68 89 64 27 36 90 70 17 49 60 92 82 8 15 84 39 24 51 96 54 51 82 1
43 38 2 19 91 37 75 49 80 61 72 81 0 30 64 16 55 29 25 95 95 67 2 17 33 31 69 79 78 69 48 75 96
60 16 68 39 21 69 16 40 21 6 13 25 87 31 37 79 66 90 99 42 18 76 0 100 4 70 51 85 0 40 48 100 62
85 29 100 3 43 87 72 65 89 52 41 68 43 18 80 39 30 54 9 3 46 91 69 13 76 19 38 59 29 31 11 32 18
39 39 27 45 69 1 76 86 29 0 3 69 6 94 93 95 27 35 89 99 61 4 21 1 70 41 93 24 48 0 90 35 44
71 15 15 84 58 73 51 61 4 86 39 84 57 52 59 12 55 55 53 5 75 56 41 81 3 25 63 37 7 28 3 6 98
19 82 64 61 83 31 11 21 63 49 89 29 69 53 100 92 92 19 17 44 58 13 61 10 45 87 24 39 53 56 67 43 97
80 87 40 13 75 55 58 86 77 73 83 12 5 19 17 45 93 61 100 65 57 41 78 19 59 43 66 4 72 80 61 12 62
50 62 17 86 58 40 42 31 60 11 28 51 58 5 65 20 32 41 69 65 36 70 16 33 75 87 29 21 61 54 10 63 97
53 14 9 47 29 29 96 47 80 17 20 91 11 99 48 82 15 16 9 18 82 89 43 14 90 0 22 72 39 49 58 10 27
84 91 9 2 86 50 71 10 15 74 88 63 48 62 27 36 0 57 57 97 29 28 79 61 83 67 78 29 46 54 69 98 40
68 62 70 72 48 66 71 17 28 21 50 71 65 46 11 6 72 95 76 61 45 38 52 66 13 42 68 38 16 10 17 70 19
52 51 27 58 54 7 50 82 56 97 31 5 79 15 28 78 82 70 53 77 10 62 71 82 21 46 89 1 75 87 38 89 1
46 90 14 78 39 78 95 95 42 59 27 49 86 96 8 49 3 29 26 47 59 79 82 44 0 24 75 96 26 56 39 54 40
79 25 75 84 52 25 5 89 29 84 37 28 63 37 51 38 90 22 32 38 66 50 24 34 66 58 56 85 31 78 14 33 32
23 40 37 96 12 60 87 2 44 71 93 53 22 17 16 40 26 30 67 47 72 20 13 60 91 87 94 10 79 99 52 83 48
78 73 68 73 9 15 37 93 0 47 56 38 71 87 40 8 92 51 78 74 19 53 18 31 27 71 63 32 23 96 36 29 36
9 12 89 88 66 100 80 34 49 5 89 53 89 15 4 92 50 37 49 1 86 83 81 37 66 7 29 80 50 47 69 15 15
55 20 4 26 38 94 13 39 89 31 34 43 70 99 57 60 80 9 24 38 10 80 35 61 22 92 28 68 32 61 97 47 87
93 86 98 73 95 88 62 78 12 28 99 68 85 63 75 58 14 9 90 93 58 74 78 7 65 54 30 34 43 94 50 17 13
7 86 92 49 13 98 55 20 62 93 86 75 70 20 54 50 63 31 9 69 23 52 32 11 66 89 100 68 25 47 87 49 80
22 94 50 65 63 67 73 56 5 1 51 22 29 26 14 98 34 83 98 0 27 0 88 44 71 11 44 44 88 91 15 43 92
15 94 16 85 26 70 35 20 100 38 6 60 85 77 5 80 4 79 89 96 81 99 99 42 40 90 47 40 63 36 59 79 5
95 41 53 39 25 40 82 55 33 100 43 91 27 3 12 37 16 0 65 75 18 64 95 34 98 31 99 47 77 66 99 35 70
31 27 71 52 85 8 8 19 91 43 94 65 57 85 12 28 96 69 84 56 71 86 63 35 74 63 31 13 52 96 53 9 41
40 96 13 43 76 30 10 68 13 12 95 28 83 99 34 4 17 16 33 14 25 100 98 81 59 2 78 83 75 87 49 74 17
32 37 100 42 34 39 30 96 46 57 91 79 81 99 76 44 73 8 96 15 36 51 83 65 77 49 26 91 0 1 56 41 47
95 92 32 49 25 87 14 30 25 47 36 31 43 40 33 25 76 13 17 21 42 69 21 93 79 74 11 28 15 46 73 21 39
78 52 37 14 91 55 37 48 84 15 35 35 68 29 77 71 29 31 41 100 44 80 11 82 84 79 69 63 98 82 29 71 12
66 9 18 45 95 87 49 11 22 89 67 26 18 93 37 62 54 39 70 86 25 93 39 90 52 89 95 28 94 83 31 79 24
55 63 38 64 52 80 6 56 22 58 87 71 29 76 96 86 93 70 93 0 74 84 14 71 53 27 51 87 26 18 22 78 30
21 6 73 25 67 70 69 88 96 9 52 57 35 49 34 81 58 3 67 12 86 91 68 10 7 12 0 82 82 94 63 84 33
19 21 2 3 4 40 3 91 78 33 89 97 0 76 64 73 8 19 98 29 30 10 19 71 87 8 61 14 72 99 71 84 39
6 5 50 71 81 44 18 29 60 88 71 52 85 91 5 52 51 41 82 6 0 90 3 29 9 10 43 31 48 33 81 15 68
22 93 79 54 28 76 38 100 88 37 74 41 13 25 26 69 90 14 75 71 65 22 87 72 88 88 67 25 99 1 58 0 29
0 62 33 91 55 64 82 11 56 56 90 80 88 72 37 24 61 28 54 32 2 4 17 23 34 29 70 36 85 8 86 40 26
87 70 95 40 37 55 3 82 5 23 72 86 79 45 99 87 43 16 97 74 63 95 33 12 20 21 47 57 11 48 43 6 12
4 0 68 1 5 21 95 88 58 43 59 8 10 40 46 10 2 18 44 73 51 27 31 99 86 52 38 2 6 33 56 85 0
50 1 60 45 16 86 28 49 11 8 72 71 50 55 93 63 14 45 9 85 12 41 53 76 86 10 1 0 60 64 36 100 73
13 1 18 11 57 25 76 35 90 48 70 39 74 95 25 17 42 30 84 26 37 44 65 63 68 28 67 81 30 41 19 32 9
74 52 66 19 69 52 20 39 56 92 42 66 19 7 77 19 87 10 13 7 76 79 29 1 3 0 35 13 23 41 95 59 3
60 69 69 26 59 20 0 26 29 16 8 16 14 1 16 100 14 13 43 5 4 38 61 8 89 92 2 40 55 0 41 10 9
29 87 33 33 40 57 44 27 28 62 79 79 60 70 6 44 50 99 9 29 54 0 70 50 62 35 64 98 27 24 31 66 15
19 4 1 20 59 84 3 73 53 87 42 17 0 17 48 99 30 20 3 29 61 45 33 19 70 94 70 91 100 77 99 84 0
97 93 47 87 31 33 77 100 24 10 96 43 50 93 18 98 59 21 9 73 74 79 46 21 56 99 85 42 84 47 86 99 2
15 68 74 42 68 35 51 61 34 95 0 44 55 27 58 81 74 31 17 83 91 100 70 95 40 67 16 55 42 96 40 53 1
7 20 37 24 10 47 46 41 12 51 12 68 42 44 12 8 4 59 98 48 74 59 56 56 15 2 95 60 42 51 68 61 98
43 13 69 18 13 43 82 0 10 12 54 0 20 3 46 44 63 96 99 90 20 24 26 88 9 86 59 19 75 82 45 37 72
57 57 88 22 24 87 69 62 89 13 73 78 79 8 35 62 13 40 45 66 68 86 79 92 52 21 58 32 16 48 71 66 47
37 24 23 80 90 3 52 52 77 64 37 36 80 56 60 14 17 17 13 85 1 6 0 32 80 82 75 8 6 3 35 4 23
81 15 87 53 87 91 68 4 95 16 91 0 95 64 99 63 52 29 62 60 31 88 5 46 55 48 61 23 42 8 40 52 63
83 69 75 62 35 16 7 80 26 93 62 64 95 54 42 49 54 10 54 87 73 86 26 22 54 22 17 51 39 59 23 10 77
33 70 24 55 85 22 79 52 63 76 57 60 78 37 100 38 28 81 25 8 53 29 71 7 11 93 47 65 85 4 68 51 43
59 85 10 86 60 37 14 97 45 88 90 94 52 87 79 75 36 87 39 99 6 20 72 8 1 79 73 14 73 44 91 67 0
64 5 23 87 37 49 92 42 89 9 78 50 23 49 3 59 32 11 93 72 41 42 30 17 26 36 58 6 46 87 63 1 75
40 54 93 20 86 17 40 13 56 56 96 19 73 63 53 38 45 94 58 37 80 14 96 49 57 76 94 3 25 59 96 71 87
62 75 1 22 89 98 72 89 66 44 67 97 91 14 98 19 20 32 44 99 71 84 38 49 47 70 54 3 17 4 2 7 19
47 74 5 25 3 82 60 87 81 70 25 55 67 91 49 52 8 61 82 66 74 8 99 56 30 78 23 76 84 10 34 86 44
69 16 80 50 50 2 37 10 31 81 45 76 88 56 44 46 50 33 10 100 88 27 71 40 73 74 1 57 88 71 93 27 59
57 80 12 75 47 37 35 19 6 92 38 84 98 5 26 19 5 23 20 39 19 76 34 10 71 28 53 13 92 44 44 35 39
11 45 23 34 61 28 95 12 58 70 18 74 5 11 87 25 21 72 17 26 35 94 37 71 58 68 58 46 73 61 43 64 68
70 54 44 17 42 85 86 12 63 98 91 26 89 35 67 94 61 85 21 66 70 97 10 86 63 95 68 63 18 84 17 29 10
1 26 75 29 54 76 18 15 0 62 15 63 84 73 23 22 86 56 22 42 70 61 98 11 4 7 71 53 31 55 69 24 39
84 12 48 10 72 63 99 90 55 68 73 69 55 64 46 96 57 98 16 64 1 21 11 15 83 21 57 69 66 23 67 75 73
73 6 66 60 60 4 63 86 57 31 68 2 54 68 40 57 100 44 99 30 65 26 53 33 98 2 65 38 24 21 89 37 92
27 86 30 58 41 85 10 39 26 50 1 51 92 96 19 71 96 83 30 81 54 85 26 17 58 14 64 57 79 83 54 10 88
28 76 60 3 49 83 13 70 53 36 6 75 26 54 42 90 4 45 71 69 25 38 57 84 42 63 35 41 28 46 27 43 73
24 37 58 12 65 69 80 69 29 39 92 1 58 91 38 83 32 19 10 72 43 87 13 21 87 1 16 77 36 9 82 95 81
8 76 65 41 77 43 10 35 7 59 70 26 41 69 0 74 82 42 86 16 62 71 52 56 100 3 15 20 15 99 63 97 76
32 21 47 53 85 81 34 1 79 70 29 24 9 36 74 61 47 45 8 90 64 69 21 85 96 5 19 61 93 49 82 22 98
2 58 96 50 100 52 5 67 46 76 93 55 47 47 20 58 71 15 95 54 27 11 93 76 27 88 62 84 56 75 25 26 0
5 43 37 90 44 12 1 97 75 86 15 29 4 54 88 15 32 46 81 84 70 49 24 91 47 80 80 47 45 42 30 18 76
2 6 31 74 97 91 19 24 1 95 4 85 99 89 5 95 89 15 65 83 18 57 16 0 68 97 93 12 52 2 91 7 50
17 69 14 28 91 28 71 79 49 10 22 75 11 47 3 38 30 82 32 94 28 20 95 97 89 51 64 26 52 47 24 46 23
76 79 19 54 40 58 11 1 25 2 68 48 64 36 72 3 70 11 74 84 34 50 80 7 39 61 80 92 87 3 25 6 2
55 44 83 63 99 4 3 73 99 49 86 47 80 46 73 50 52 36 51 77 65 72 98 84 71 5 12 24 57 99 29 8 23
22 65 58 71 27 64 10 50 63 48 59 37 31 97 91 75 42 68 78 12 45 59 46 56 39 10 49 14 88 41 48 20 46
53 22 34 27 15 51 13 100 85 98 11 14 5 97 54 44 13 3 69 53 4 8 32 40 29 63 67 85 1 5 13 75 99
92 21 9 18 26 74 40 31 8 51 79 66 91 90 27 67 18 30 95 58 52 97 88 97 99 7 91 46 0 76 3 40 98
23 27 51 29 70 47 58 34 64 81 27 19 1 52 2 19 9 7 96 50 43 1 84 59 18 78 55 11 5 79 56 2 83
80 62 33 40 18 40 55 39 70 73 45 73 40 63 96 54 98 22 72 61 79 15 26 71 41 99 8 34 20 24 34 32 87
11 50 98 80 34 17 49 46 12 22 39 47 87 90 9 24 76 66 0 36 97 38 63 18 95 34 91 55 20 95 77 68 70
23 23 14 92 83 20 69 69 27 23 76 80 83 31 41 65 33 95 45 99 64 86 69 71 6 88 46 85 60 82 96 62 10
61 24 75 43 46 67 44 8 11 25 15 36 27 24 79 27 27 57 85 79 71 93 7 3 67 4 9 51 68 17 38 20 65
41 82 86 13 29 99 0 9 91 38 74 33 64 4 56 41 76 93 48 55 68 84 73 15 65 25 74 99 100 76 50 3 16
49 84 8 86 91 73 23 100 38 14 91 3 47 93 1 43 83 20 49 42 56 18 21 36 57 60 48 44 50 61 86 30 27
1 36 3 58 45 32 79 0 30 63 30 3 51 33 25 100 42 33 37 72 26 35 1 7 97 83 20 4 100 16 66 18 1
65 93 72 27 83 13 65 62 62 16 67 34 9 35 13 20 41 26 64 72 75 3 16 13 7 61 92 49 82 22 99 5 7
33 54 49 87 24 2 94 10 96 18 34 100 91 23 20 16 65 71 97 15 96 91 98 45 17 54 4 64 59 44 88 8 12
28 6 80 37 74 82 79 55 16 26 70 30 48 85 6 28 79 33 95 67 86 32 21 18 37 46 55 10 73 21 70 34 29
24 79 16 17 20 52 61 63 63 87 100 46 3 26 21 65 60 7 63 23 55 6 48 95 92 57 47 12 81 63 43 63 43
23 37 3 63 99 61 61 64 75 89 48 28 36 42 53 54 51 96 47 45 65 96 36 31 7 74 45 28 83 96 25 89 9
62 28 36 3 45 50 89 94 43 39 4 11 87 90 83 89 52 79 12 45 46 54 2 12 15 83 83 17 63 11 0 51 15
30 66 44 46 49 57 76 27 67 0 20 41 51 44 48 92 82 68 4 61 69 35 6 42 62 22 97 82 19 87 83 37 19
0 29 95 15 6 31 18 33 29 94 16 26 65 33 47 93 13 30 73 75 41 53 95 27 46 10 92 87 44 64 60 12 34
38 23 79 60 51 87 90 42 43 57 74 84 51 59 91 49 18 23 18 35 12 26 83 21 79 75 66 53 39 3 18 16 19
52 80 46 99 93 6 28 40 15 10 40 67 35 44 66 93 6 84 88 100 29 94 13 0 2 19 54 42 37 24 71 15 3
67 99 32 36 80 91 69 1 61 53 83 29 51 70 25 88 1 24 41 79 85 53 26 42 98 76 80 4 32 14 25 40 8
45 36 99 92 13 24 33 91 53 51 41 6 81 89 10 50 48 56 60 34 1 28 84 88 42 19 60 8 95 26 27 1 11
89 59 94 19 40 90 98 24 39 36 0 46 90 80 40 12 15 49 48 28 78 47 13 98 53 64 61 34 69 11 79 26 76
92 35 91 24 56 54 34 43 62 82 47 51 39 68 13 32 59 7 49 32 96 3 28 48 33 72 85 24 97 63 41 58 99
6 1 73 34 90 70 72 91 79 6 14 9 42 58 29 64 61 79 65 73 97 8 100 86 84 61 66 59 53 48 4 96 68
78 54 21 59 95 79 52 44 59 69 48 38 67 43 49 97 69 43 30 71 84 15 96 40 73 63 33 83 20 67 95 49 57
43 71 24 12 19 22 76 75 99 39 21 60 35 37 89 46 79 88 98 47 80 58 76 73 100 39 59 78 35 12 74 30 19
74 17 13 32 18 2 26 58 73 89 17 87 74 33 56 29 38 60 65 67 0 72 96 13 95 73 11 99 72 75 11 18 5
57 56 98 46 23 99 75 48 27 53 63 1 19 68 80 80 20 74 24 93 41 56 32 84 58 43 99 93 34 97 32 30 38
34 91 27 92 75 4 8 64 8 89 41 67 43 50 33 53 37 48 11 76 88 60 91 8 20 61 58 96 58 52 29 27 1
32 20 74 70 3 43 58 69 5 17 0 89 8 28 40 66 20 29 25 85 43 28 22 63 13 17 9 69 95 50 46 38 66
32 42 45 28 55 72 61 88 13 73 59 100 79 55 81 67 93 14 4 43 97 71 9 35 71 14 82 76 54 44 88 32 3
81 77 58 29 97 44 47 41 66 99 57 23 27 83 3 65 45 11 99 20 15 98 32 21 24 81 32 87 81 18 17 2 37
5 7 48 86 87 41 32 74 20 30 6 50 9 16 67 2 92 16 45 60 27 67 26 8 68 66 43 63 60 68 7 89 18
43 80 82 70 53 60 6 74 77 13 5 19 63 35 69 84 74 84 21 72 3 88 7 94 41 80 61 38 72 58 32 29 14
4 26 35 83 35 20 3 90 98 93 62 5 97 33 94 58 12 25 38 10 44 9 72 76 17 10 67 93 81 15 2 85 1
3 47 39 9 88 71 23 76 19 100 66 86 79 79 51 66 17 34 38 48 86 38 77 73 91 27 18 4 68 24 72 90 99
28 49 100 11 88 95 44 22 16 88 99 41 1 58 67 41 62 99 4 97 44 28 71 95 92 75 52 27 75 55 38 87 21
54 40 86 87 17 26 70 79 89 21 21 78 61 76 78 54 76 7 90 18 28 10 95 53 15 32 4 98 3 85 84 27 47
26 25 51 72 14 14 71 86 88 83 48 23 57 22 37 63 19 43 74 32 8 99 31 18 63 65 11 83 63 63 80 30 66
92 98 5 30 3 66 16 25 52 64 7 58 94 46 73 57 14 77 52 36 33 45 28 88 99 40 67 48 96 48 47 36 68
84 43 11 80 29 22 57 37 7 98 91 25 59 34 1 84 70 5 15 14 4 4 72 15 25 37 28 50 61 90 15 1 12
66 39 0 36 67 53 9 90 91 65 18 75 12 50 54 46 5 78 74 84 98 74 30 67 51 86 36 37 69 62 65 58 56
65 18 38 97 96 38 34 39 83 80 24 66 68 50 1 49 99 36 21 29 55 30 53 87 87 46 18 43 93 64 74 73 63
3 1 8 36 78 22 82 79 86 40 86 19 40 0 28 46 46 2 86 92 97 29 12 12 8 12 65 70 8 100 6 30 43
90 96 79 61 67 77 73 32 76 22 49 64 78 6 33 92 53 79 10 33 1 65 32 44 47 64 1 0 90 35 7 76 8
43 48 90 11 14 30 62 50 2 21 24 83 64 84 39 80 81 59 71 28 79 43 38 99 43 13 22 96 95 40 27 27 77
23 44 5 69 11 61 66 24 95 2 10 45 12 70 11 93 54 59 16 34 82 78 85 59 34 35 12 52 95 46 2 19 32
37 84 69 86 38 87 21 37 57 73 2 79 60 29 10 56 62 57 21 3 48 91 50 11 14 41 99 66 56 79 39 16 54
92 60 97 88 38 79 44 51 4 49 50 76 85 98 22 46 97 86 11 7 86 57 97 43 23 63 53 19 51 2 39 11 56
74 2 62 86 63 83 61 39 35 86 20 47 93 87 64 57 56 60 28 24 95 3 100 7 62 79 30 34 58 91 35 9 99
72 36 1 53 46 97 53 9 99 38 36 91 56 44 99 35 56 2 39 30 19 81 40 69 40 23 94 38 80 50 89 93 82
62 21 89 43 38 12 88 77 73 89 13 47 74 81 24 94 96 83 48 11 65 34 2 96 48 10 100 96 16 89 62 52 86
50 98 26 68 100 82 63 83 75 35 69 80 53 44 75 41 96 28 91 59 60 45 16 95 28 96 63 58 66 61 86 14 56
55 82 100 18 83 84 55 100 42 90 3 63 63 31 98 70 10 71 77 83 76 48 57 36 3 43 60 6 16 40 15 50 46
84 83 34 32 99 9 27 0 73 9 4 44 77 12 19 7 29 76 53 19 98 0 43 93 13 21 86 49 76 61 56 31 48
87 38 80 45 86 78 100 86 15 14 72 78 99 82 53 16 93 3 90 20 13 80 57 38 13 20 38 65 92 92 100 75 33
48 27 64 42 84 6 83 20 11 98 70 7 26 55 42 79 9 10 79 16 35 78 90 4 29 20 61 23 53 71 75 74 70
18 84 60 12 12 56 77 46 85 3 87 85 51 40 65 5 91 92 27 5 8 53 51 32 52 96 77 22 43 9 69 48 45
53 69 45 37 89 82 63 15 62 100 94 83 72 85 26 3 99 73 95 51 86 32 66 68 15 95 35 40 60 60 95 66 43
56 69 87 28 4 81 55 2 91 6 86 91 9 21 68 38 10 29 45 94 53 43 68 80 78 60 74 30 63 60 69 82 65
48 17 42 73 88 80 94 37 31 9 18 30 32 98 93 44 4 61 17 98 33 89 23 76 90 11 69 50 30 10 72 4 89
67 40 9 96 63 16 91 97 97 84 75 11 28 22 67 30 78 75 1 98 80 51 69 5 51 23 29 89 87 34 30 42 34
92 37 51 37 4 77 51 38 86 67 27 2 22 71 45 2 0 92 38 30 19 74 100 84 92 4 45 67 19 88 50 96 15
29 14 80 44 14 22 22 21 28 56 55 61 19 17 86 86 55 36 24 10 6 63 6 75 70 81 69 16 100 95 89 71 30
97 99 20 82 53 75 99 57 16 68 99 41 78 41 96 60 9 10 17 37 52 63 27 8 77 19 4 46 13 14 51 9 4
27 86 43 50 66 52 62 100 64 0 64 20 79 2 73 46 62 57 91 23 38 53 65 9 67 74 95 21 37 2 26 84 29
79 24 72 34 31 52 53 0 92 56 67 91 98 0 53 10 38 4 54 100 59 49 8 37 22 40 65 88 71 65 89 37 0
18 33 68 5 81 41 52 31 38 42 54 27 45 80 5 85 47 28 42 19 39 23 14 85 11 23 36 63 63 13 42 25 75
44 30 97 88 56 82 34 97 91 16 72 67 57 1 21 16 5 60 57 81 87 42 82 34 26 74 31 70 36 17 69 22 90
48 87 54 20 15 7 57 86 10 29 99 3 62 31 15 29 37 2 88 50 7 50 56 34 77 56 100 48 64 14 81 23 29
69 69 36 31 92 65 24 97 70 99 48 97 74 2 92 93 52 55 33 95 8 59 3 86 12 18 18 77 38 44 59 67 50
95 62 21 10 93 96 38 48 54 40 89 47 3 22 53 0 100 14 16 45 45 1 56 49 34 72 15 18 60 78 65 27 66
33 52 98 53 26 24 3 41 15 87 96 95 80 49 3 16 36 75 66 24 7 16 50 28 30 57 33 53 76 76 17 2 59
10 72 45 30 59 60 63 64 40 32 31 81 99 88 95 85 83 60 43 96 22 96 10 59 15 4 44 37 84 84 54 96 32
28 51 73 54 11 60 51 68 92 48 80 2 6 35 1 38 69 39 26 42 72 89 83 9 36 68 38 63 62 11 32 19 56
59 5 30 93 99 10 18 25 40 31 79 11 87 88 83 21 10 73 60 91 2 95 14 25 73 76 96 19 58 53 27 72 97
34 55 73 56 21 42 35 20 0 94 24 87 96 50 83 78 94 21 75 49 81 11 37 96 63 70 68 14 76 73 84 87 71
25 8 46 39 74 69 48 71 42 63 80 72 40 43 83 50 89 74 83 4 88 43 31 65 22 21 71 79 100 35 100 60 24
82 13 79 51 59 49 44 47 7 10 24 73 11 34 80 88 68 55 46 43 72 33 71 56 40 78 51 73 23 33 90 48 98
61 11 30 86 90 14 23 95 58 90 90 38 85 27 29 61 9 90 62 88 21 23 23 80 34 92 80 32 35 52 8 100 7
93 54 24 53 47 27 86 79 29 90 70 41 41 75 9 18 20 8 81 27 69 54 23 79 87 95 34 19 21 35 35 70 29
79 46 94 20 37 35 54 2 98 14 69 64 11 78 70 91 2 33 39 55 63 32 34 53 88 74 75 82 36 48 2 78 44
76 33 63 29 49 8 41 50 47 47 24 0 23 26 53 6 9 95 52 80 27 89 74 40 52 33 87 36 63 29 68 75 2
4 0 28 7 95 88 43 92 63 90 54 15 85 22 100 65 77 52 61 93 78 48 17 17 30 51 2 46 28 6 73 60 80
96 45 92 87 32 74 89 87 54 7 64 28 33 87 15 98 64 68 1 69 66 30 89 23 46 56 89 16 29 3 56 81 9
40 7 58 77 40 37 14 87 78 40 47 54 19 76 69 64 98 73 12 26 95 92 1 1 5 22 58 89 99 96 4 39 64
71 45 62 11 20 46 65 90 18 6 74 30 24 55 81 93 99 93 13 39 41 16 60 57 91 47 87 57 91 22 44 92 8
78 66 5 50 27 36 91 7 25 96 1 59 29 12 6 69 84 14 43 48 0 63 77 52 68 51 45 79 7 87 37 54 31
85 24 79 54 72 77 58 89 97 14 66 75 100 47 60 68 2 11 51 24 30 8 42 79 66 52 75 47 87 44 0 45 95
92 53 98 83 64 15 55 47 68 56 89 16 4 40 19 52 97 75 12 87 94 42 24 37 60 32 0 68 17 86 60 96 33
82 94 77 25 45 96 25 48 18 8 56 45 11 43 56 28 1 97 46 90 31 67 53 64 34 44 90 72 94 61 32 69 36
63 67 55 77 88 78 74 21 59 23 99 32 79 36 83 0 51 50 94 91 59 65 1 75 41 21 8 77 57 69 69 94 67
41 94 0 54 52 76 49 22 90 92 89 35 85 67 65 7 26 81 71 81 17 4 41 94 59 88 2 84 24 93 77 56 98
38 21 95 67 16 81 78 85 4 64 48 8 64 6 57 22 27 11 3 62 78 63 27 91 29 1 22 32 49 96 23 40 69
85 66 91 98 56 89 70 35 24 64 75 97 40 23 41 22 86 100 13 1 84 35 26 29 65 76 42 39 92 92 37 70 63
5 79 98 98 77 92 85 90 44 10 7 73 51 91 31 94 74 86 35 98 92 4 45 37 95 61 84 43 97 65 88 92 62
73 34 77 74 3 46 63 8 68 33 70 68 20 99 57 80 27 53 11 29 79 98 43 27 48 53 86 19 60 48 18 1 82
47 51 98 8 47 53 43 77 68 25 29 52 59 73 84 75 79 5 30 12 69 53 76 33 51 93 32 52 48 37 92 53 27
75 72 25 28 0 0 38 3 11 74 45 51 47 85 39 78 61 54 40 0 20 16 16 49 98 28 89 62 10 48 23 16 77
9 82 78 57 10 83 100 26 18 67 33 46 0 85 74 22 98 73 18 65 19 89 55 2 52 24 27 54 54 100 97 58 100
84 6 15 78 13 56 49 0 2 19 100 27 45 93 99 36 55 52 19 72 69 93 43 78 45 22 86 43 10 26 27 25 65
100 62 98 5 57 4 91 1 61 0 77 13 63 95 92 53 9 46 56 20 52 29 81 30 95 93 66 44 64 45 96 53 21
60 73 51 23 68 20 70 18 10 1 28 50 65 0 56 42 72 9 25 99 70 14 48 56 5 76 51 59 82 51 30 22 92
59 57 31 53 21 76 44 52 49 39 62 42 59 46 92 68 34 35 96 26 65 95 30 19 71 55 22 73 19 72 58 87 77
3 61 33 20 84 10 13 39 87 41 46 3 10 89 43 57 46 8 33 62 62 78 95 29 21 95 10 51 61 100 96 37 71
40 87 58 27 58 26 65 32 53 47 86 1 56 16 27 8 57 30 2 0 67 15 69 32 82 17 41 58 50 92 87 41 30
65 65 74 62 5 54 8 51 80 80 12 19 43 43 0 63 55 46 34 31 88 15 21 97 42 96 23 74 58 11 27 84 83
45 22 59 14 56 63 34 51 78 25 65 20 3 57 83 84 86 51 31 82 39 73 21 74 2 89 78 83 74 65 95 27 71
30 89 6 91 85 11 92 37 45 63 98 100 54 36 65 86 22 16 69 96 19 28 63 6 86 72 62 75 85 31 4 84 71
33 76 37 17 31 45 89 90 95 84 38 22 28 58 94 62 19 57 32 41 36 0 72 45 33 37 46 93 67 10 32 73 13
42 46 38 73 67 95 49 70 32 86 95 15 75 6 53 6 71 68 95 84 87 95 25 50 15 47 87 6 46 21 5 21 78
77 3 44 55 76 60 100 77 45 41 75 58 82 90 23 0 4 98 83 88 83 85 48 56 15 22 69 42 35 50 98 50 78
47 59 76 5 70 77 43 25 52 64 24 6 15 10 55 92 18 30 17 98 77 20 97 50 52 31 51 94 80 58 4 98 6
47 3 23 94 66 76 42 11 21 42 48 11 53 12 16 18 23 94 87 18 72 5 62 36 87 40 8 45 98 37 41 11 34
72 72 49 21 60 57 24 22 33 23 24 48 68 70 74 80 16 53 31 27 54 15 22 79 83 48 98 98 13 83 85 49 48
46 31 68 49 85 69 88 42 82 28 50 14 93 48 18 2 3 67 40 60 76 44 75 72 99 28 60 53 77 38 98 53 98
85 44 41 38 6 76 2 59 55 51 80 33 40 3 73 63 29 17 69 44 73 81 24 80 37 71 48 71 37 3 12 94 87
48 96 10 100 16 84 76 0 63 41 67 45 46 77 49 3 98 59 95 78 19 100 90 29 68 3 10 71 95 6 64 22 16
81 83 89 69 98 54 11 98 77 14 9 70 89 64 96 50 83 56 54 40 40 88 8 50 88 97 96 1 69 88 16 7 58
76 45 30 62 83 63 97 12 59 77 1 69 84 10 28 27 100 91 13 2 49 40 53 55 29 77 87 49 51 3 14 100 56
24 97 41 81 9 38 29 25 55 48 73 40 100 92 100 32 68 85 59 51 15 15 14 44 94 23 51 17 68 84 28 23 67
54 1 59 40 35 17 95 73 45 85 35 9 37 45 76 71 55 56 91 23 71 35 1 50 93 24 29 96 45 6 58 100 13
48 94 96 93 48 34 70 44 76 99 31 98 99 85 20 100 72 95 16 66 13 80 82 32 87 35 49 29 4 76 51 81 0
66 100 74 44 24 3 52 29 0 93 27 70 46 99 96 39 31 70 18 5 73 4 18 41 3 95 54 72 70 0 75 91 26
44 60 5 56 0 95 86 96 44 100 26 5 97 31 63 22 90 38 5 23 97 55 23 58 78 20 20 32 31 10 89 33 58
12 89 54 20 87 86 37 92 45 30 1 54 38 76 50 37 85 76 97 35 22 23 90 70 59 1 38 5 13 7 76 84 83
36 3 97 20 89 78 62 62 84 32 32 55 99 69 30 69 93 77 59 43 68 45 93 13 19 20 87 54 89 52 6 64 95
84 30 90 17 71 74 42 56 62 29 67 28 93 79 22 15 2 4 45 86 4 33 43 81 90 98 45 22 83 4 37 71 93
36 17 98 66 90 57 36 88 49 80 6 55 66 18 58 50 72 85 99 91 33 73 22 9 59 19 61 79 22 71 23 4 28
69 80 8 27 71 43 65 32 36 10 99 74 48 79 53 81 56 67 96 78 30 67 51 72 8 35 99 24 55 4 54 48 96
100 41 88 88 38 35 65 65 77 87 8 20 18 72 81 61 26 38 28 87 6 78 72 1 53 33 21 16 74 20 97 100 7
80 50 84 64 28 92 69 25 60 42 27 96 19 74 3 46 26 78 34 86 4 37 66 83 33 87 14 52 71 5 94 48 75
76 0 99 34 87 57 15 92 23 62 67 5 4 67 32 10 27 47 3 8 43 40 49 33 77 77 52 27 54 43 23 38 74
2 97 47 65 29 25 41 53 27 55 25 59 37 79 46 57 54 38 47 91 42 33 14 82 60 6 33 93 19 6 2 14 19
55 87 71 16 20 35 22 61 57 89 83 79 17 50 13 17 54 22 43 67 46 98 6 47 27 90 84 79 39 24 91 36 92
69 85 38 19 44 96 36 87 28 11 50 48 10 16 5 80 81 6 92 5 53 40 62 98 91 26 66 91 1 81 60 28 62
65 61 57 6 30 48 95 58 80 39 51 20 88 50 80 22 52 35 82 1 33 31 100 63 35 52 9 97 82 90 46 49 19
89 78 99 39 54 24 60 83 93 85 91 6 85 6 31 71 56 30 99 17 72 43 22 34 25 18 83 90 11 84 11 12 73
44 87 63 39 29 63 89 41 100 23 68 48 42 81 38 87 15 76 32 94 83 72 35 31 33 25 98 32 91 76 90 65 80
89 61 62 51 6 41 91 21 28 62 99 98 5 25 55 3 72 39 1 76 11 16 56 85 20 69 7 19 86 40 34 68 40
70 4 5 33 54 33 29 26 96 42 88 53 83 21 49 94 4 44 64 38 37 1 81 67 87 77 24 80 42 79 54 39 13
74 1 34 8 13 91 13 47 34 23 97 83 76 87 68 29 61 66 8 58 36 0 93 50 55 86 14 72 42 76 60 2 64
51 100 54 95 70 57 23 2 0 50 64 96 73 81 69 82 1 88 33 75 34 82 99 79 82 83 1 92 82 85 62 59 4
72 13 16 29 45 70 25 78 86 38 0 56 40 19 99 71 53 71 67 10 15 98 66 42 5 66 98 68 67 65 27 55 87
88 99 75 29 95 100 43 16 43 42 31 59 85 22 41 65 77 64 8 22 21 99 31 63 15 48 3 73 78 69 91 42 96
39 17 72 69 45 24 72 28 30 96 29 6 2 51 35 99 5 7 36 51 15 56 80 80 30 13 42 83 42 93 73 63 40
32 39 20 59 15 20 52 30 4 15 10 53 58 67 4 33 20 88 6 4 86 65 86 33 27 37 45 100 28 96 15 82 34
84 73 89 6 52 27 16 25 10 70 4 27 100 28 30 44 31 95 7 10 65 11 15 87 99 22 6 17 78 52 6 38 48
98 26 40 98 66 96 4 50 2 92 23 19 90 59 54 47 2 67 39 50 57 16 95 7 29 67 23 39 15 50 27 71 42
74 80 65 63 4 1 29 24 74 39 29 51 48 12 89 8 54 38 83 56 25 40 52 96 15 0 11 62 75 8 70 9 82
50 0 94 84 85 58 93 77 76 5 80 34 43 54 57 67 45 68 20 1 49 1 38 65 44 11 35 95 3 40 35 37 47
5 82 52 22 0 28 37 33 96 92 90 96 17 28 43 4 8 45 81 20 14 10 22 99 92 1 51 13 100 60 24 18 12
95 44 97 46 5 28 67 41 5 47 30 78 63 86 39 77 39 17 15 11 17 49 96 73 49 72 99 100 0 92 27 84 45
0 5 2 69 3 16 68 55 37 49 99 76 99 81 75 75 68 10 66 83 34 71 6 19 35 24 31 37 39 60 49 80 61
