32 672
80 68 93 22 65 98 10 79 48 15 81 96 86 31 84 9 52 70 62 70 77 8 87 40 67 88 85 1 93 73 99 5
10 27 21 50 22 38 6 63 50 76 93 17 73 69 13 43 39 24 20 40 42 39 85 9 58 22 30 26 75 73 53 68
50 39 88 60 38 24 70 21 85 59 77 31 33 63 25 6 47 19 37 26 51 17 2 59 17 38 92 16 1 37 12 85
63 59 10 95 25 56 77 96 94 0 21 17 46 0 51 56 84 84 26 18 71 7 25 95 24 25 49 53 2 12 16 23
53 58 4 7 75 58 97 5 7 55 20 15 60 52 66 66 30 10 76 72 43 1 24 55 2 47 84 46 12 99 25 72
55 4 43 79 63 99 34 73 76 62 85 31 84 99 61 69 41 48 20 10 46 29 71 69 55 35 70 52 63 90 0 73
78 28 87 19 80 48 84 18 3 87 80 59 30 88 42 14 32 82 81 48 35 17 44 85 6 5 76 47 59 87 30 2
39 71 49 42 21 59 41 19 54 13 70 68 75 85 59 74 0 4 53 86 25 89 43 45 26 79 55 23 95 60 32 23
50 36 53 24 18 44 86 14 70 56 16 19 71 46 21 23 72 69 73 56 6 13 32 20 33 82 25 35 42 32 35 62
37 12 16 9 51 85 79 6 85 61 80 86 12 91 100 72 60 76 23 69 66 23 90 57 49 48 55 10 75 89 92 43
87 10 16 100 71 30 100 13 65 13 68 18 81 11 18 55 47 98 49 50 46 23 76 1 75 82 76 31 73 49 27 8
60 66 71 4 18 6 53 90 48 23 40 44 97 69 97 94 18 53 95 94 90 1 32 33 18 73 42 30 60 72 87 80
74 3 35 52 76 6 53 8 30 36 43 91 38 66 72 83 56 54 75 68 66 67 67 73 28 0 9 1 91 61 52 14
40 44 73 57 88 6 19 69 36 56 88 49 60 97 54 65 82 1 68 1 5 100 37 80 77 50 89 64 48 88 77 74
54 44 91 66 76 80 93 85 26 81 69 1 90 7 22 59 11 14 40 56 29 72 31 30 53 77 81 24 67 46 3 25
49 17 48 55 29 2 86 47 55 49 52 63 25 75 94 91 63 84 99 12 90 19 98 75 98 72 35 51 57 26 74 12
100 48 62 57 17 11 81 16 37 36 69 8 66 66 30 80 61 75 63 47 10 0 93 19 24 34 36 34 28 89 68 75
70 95 26 89 53 48 46 87 27 54 32 41 49 95 40 56 100 66 51 35 29 69 50 69 62 99 18 61 47 81 99 94
96 6 99 12 40 32 58 17 46 87 8 47 71 69 19 14 93 13 15 55 5 8 80 67 34 0 88 39 98 24 83 4
46 5 29 33 16 89 58 65 27 5 69 82 46 37 29 67 39 75 27 83 45 22 83 29 32 93 14 70 14 23 61 32
59 54 92 3 7 1 87 57 62 0 22 89 22 76 7 64 25 13 11 39 33 24 4 42 96 75 42 24 0 47 9 11
97 59 39 31 59 16 30 38 8 21 64 44 81 73 9 25 17 89 94 1 100 40 54 25 11 30 61 50 88 35 75 31
71 81 54 29 86 12 36 6 67 15 19 14 60 76 23 36 84 38 90 49 62 55 99 16 96 17 22 66 96 47 38 86
95 0 79 40 18 74 82 35 64 21 91 48 93 16 38 73 43 44 10 95 48 84 11 61 84 95 10 12 69 72 86 31
21 78 38 81 63 98 50 15 61 52 97 40 19 49 97 28 15 90 23 92 97 57 22 38 94 52 3 54 66 44 3 1
2 57 67 7 98 64 20 1 51 72 88 82 13 34 91 9 45 40 72 34 57 25 56 73 7 44 30 2 0 47 58 49
18 97 79 59 79 28 53 0 35 73 3 84 89 78 22 38 48 38 53 36 82 27 29 45 96 37 20 58 13 62 43 60
98 88 14 52 49 60 97 41 35 37 69 26 13 22 100 59 7 78 50 40 98 96 88 95 3 68 97 53 49 27 57 23
87 30 52 20 23 76 78 2 81 76 22 17 9 80 7 94 23 15 59 68 87 63 10 62 20 94 27 68 72 16 70 33
63 15 30 6 79 38 3 18 35 4 46 57 86 95 83 88 46 100 57 96 69 72 0 75 18 25 27 2 66 100 36 64
0 72 89 41 19 68 8 99 0 98 14 52 61 99 77 27 26 22 100 85 72 0 54 43 30 48 93 8 15 81 60 19
14 99 63 30 11 51 20 62 70 7 92 50 98 51 3 46 10 77 36 100 92 66 75 67 98 99 64 70 81 84 71 89
99 33 49 49 23 92 70 92 37 40 5 85 66 24 50 83 45 75 92 28 6 36 61 23 3 72 85 53 86 64 68 15
75 88 44 57 12 50 82 30 5 83 14 66 34 64 84 49 98 28 42 92 29 4 67 10 67 44 78 89 51 50 37 41
61 11 45 88 98 58 10 95 45 89 19 10 0 16 71 81 59 15 39 94 43 8 15 79 70 86 7 69 49 98 9 18
82 5 78 35 37 50 52 20 49 31 87 66 96 99 1 29 87 0 14 31 34 54 39 83 4 62 75 66 96 5 46 30
1 11 64 67 4 75 53 28 0 65 46 96 29 50 37 10 4 50 96 0 36 84 63 28 46 36 64 12 30 47 10 90
18 74 31 56 74 89 38 63 47 20 63 100 40 97 36 43 38 86 37 37 31 40 37 51 7 43 31 32 69 24 29 36
11 48 87 38 68 69 89 70 6 39 55 89 23 68 10 7 2 61 31 11 9 19 83 57 65 50 49 79 38 79 34 16
72 1 26 30 16 20 71 54 58 30 99 15 93 12 18 59 62 49 31 15 78 71 59 9 95 60 50 75 68 34 56 20
51 32 90 40 76 36 0 41 63 22 72 81 77 3 81 26 68 92 20 27 75 82 34 52 61 97 87 9 86 91 33 92
54 87 20 27 38 34 100 93 94 33 63 77 64 30 62 15 22 9 12 81 53 34 36 71 65 15 85 33 70 32 7 80
85 50 59 54 52 71 43 48 67 87 7 59 72 11 71 2 89 60 31 84 21 9 42 71 87 55 76 48 30 97 37 62
49 79 56 91 8 54 36 21 77 82 36 81 15 54 32 8 63 9 30 22 4 76 6 37 71 38 72 15 5 55 97 58
42 14 55 74 18 94 20 49 89 94 15 96 66 61 72 45 11 88 70 93 39 8 30 78 94 8 97 91 34 2 74 89
8 37 15 67 3 90 99 40 39 35 65 13 97 76 81 84 68 59 57 51 59 100 72 68 90 52 38 21 54 74 41 87
59 14 78 66 86 74 37 27 83 34 41 20 64 50 94 74 12 46 62 94 25 58 97 9 70 15 3 21 2 75 36 23
76 26 32 8 59 25 34 54 13 7 57 91 63 85 21 51 7 49 44 85 40 65 80 38 97 65 34 7 10 62 31 23
26 78 41 73 18 46 54 0 96 97 74 92 47 93 10 35 51 39 73 39 94 51 1 20 49 15 84 23 78 77 25 46
68 38 8 91 49 24 83 94 92 27 55 30 32 100 5 9 60 100 9 40 48 76 4 34 42 62 90 45 7 39 93 91
65 47 2 14 14 77 57 55 65 46 3 74 90 15 37 64 58 97 26 16 25 56 70 8 94 59 90 64 84 61 79 43
40 24 97 64 73 18 32 6 14 79 25 36 77 38 96 50 32 25 61 15 90 57 9 17 86 71 42 22 70 77 56 26
7 95 52 29 41 69 27 15 3 22 27 35 6 49 92 61 39 86 79 53 50 53 32 81 63 77 7 99 16 51 1 93
66 56 85 5 34 77 4 85 85 36 66 92 89 88 12 15 87 46 69 47 85 83 29 69 56 94 31 75 18 36 36 0
95 94 72 53 43 26 78 58 63 59 33 82 68 1 83 24 93 28 67 23 52 99 76 17 74 41 52 21 70 68 3 5
98 74 88 39 99 58 100 84 27 19 93 37 67 73 36 78 1 35 1 67 67 99 22 0 89 15 85 58 64 5 47 16
88 56 10 93 47 38 43 60 14 92 17 16 51 4 1 29 63 87 94 18 49 91 100 16 54 36 83 65 73 78 59 50
12 7 98 88 84 44 14 40 1 69 61 40 56 58 30 7 14 88 84 79 56 42 44 50 100 92 93 7 79 78 56 29
51 57 53 42 90 76 61 70 37 93 66 90 27 67 47 83 10 44 95 100 54 100 69 61 44 97 97 70 14 74 33 50
26 38 86 60 80 36 75 40 42 8 100 0 82 56 11 7 10 77 50 31 32 78 28 22 26 35 0 78 59 20 42 26
48 96 34 84 47 69 51 43 74 24 75 57 13 1 22 50 52 45 21 11 50 77 32 1 59 62 68 80 32 62 8 78
76 15 15 90 32 5 100 86 79 18 4 80 12 43 87 53 95 6 64 74 74 59 41 88 43 0 21 94 38 25 83 28
88 72 37 98 88 15 65 62 67 47 38 65 2 5 95 17 79 53 1 9 75 88 30 98 98 78 48 76 75 41 35 52
58 3 91 36 72 68 43 9 75 97 97 86 100 68 1 30 72 58 3 7 78 91 68 2 87 62 80 18 36 12 37 21
25 38 29 87 27 21 0 20 61 16 42 5 60 49 10 17 48 4 54 87 98 33 3 34 26 37 61 84 10 58 22 66
81 59 83 99 80 75 52 41 47 94 48 12 50 12 39 43 54 39 100 17 84 92 36 92 62 71 37 46 96 12 79 15
20 99 54 52 90 87 77 58 8 93 52 17 14 28 35 23 87 5 17 68 52 9 92 17 8 77 39 78 27 4 64 30
60 89 34 29 11 68 50 18 82 86 46 26 15 40 86 97 71 79 58 45 12 55 70 6 76 63 16 33 61 99 61 99
85 20 5 20 9 12 89 89 68 73 55 72 54 63 59 74 74 32 80 98 60 70 5 25 47 96 91 19 3 0 48 45
88 44 12 46 94 33 58 80 2 89 15 66 20 28 16 95 27 30 33 4 0 45 65 26 58 94 82 26 18 81 36 71
0 83 88 14 39 42 16 9 93 2 39 99 93 26 86 45 45 35 30 85 61 63 86 51 46 86 16 21 78 53 21 1
68 91 2 74 18 52 93 22 71 38 42 6 32 66 63 87 63 58 23 42 60 26 57 86 10 8 33 57 0 37 23 37
81 10 41 85 54 65 79 4 57 16 88 49 89 33 38 28 51 91 40 1 96 75 70 42 84 66 78 39 24 57 22 100
31 93 25 25 34 61 0 61 25 83 28 3 28 92 17 87 58 99 58 18 17 2 7 15 12 73 6 66 100 46 17 49
80 66 31 11 68 87 100 78 44 39 92 51 46 1 51 69 71 81 27 31 66 9 11 66 74 35 48 61 85 27 84 69
11 9 68 90 70 60 69 14 45 9 32 78 35 32 40 98 51 88 0 6 40 57 77 85 28 83 4 2 26 92 32 81
18 35 89 52 30 76 26 87 24 72 54 70 66 62 32 67 33 0 49 88 93 91 8 1 21 36 59 43 97 64 17 31
84 67 27 83 97 45 99 27 48 13 11 10 63 72 37 44 36 57 74 8 24 28 45 95 52 80 58 60 20 6 33 19
86 46 19 52 7 51 78 36 84 12 48 73 70 69 43 63 78 40 69 14 12 20 11 50 55 61 7 26 40 82 60 91
68 57 5 76 55 6 5 2 2 31 58 83 47 21 76 31 16 29 10 43 11 80 96 20 24 92 1 65 32 0 93 36
96 82 18 96 92 76 22 55 56 53 15 47 32 68 15 12 17 52 53 23 37 18 19 54 11 3 78 54 60 91 45 24
38 21 80 62 75 100 63 62 13 93 20 12 68 0 42 74 91 0 49 87 10 73 10 7 33 56 42 50 50 4 93 57
41 47 17 98 59 0 73 41 10 87 24 90 37 28 71 28 78 52 80 95 41 21 5 34 77 32 29 64 31 72 95 93
6 86 33 68 21 20 9 19 60 17 33 55 36 72 63 66 32 65 39 12 0 6 31 89 19 6 37 16 85 98 62 0
74 55 70 65 86 100 96 27 98 39 63 52 88 79 99 75 55 7 21 18 65 94 88 71 26 18 31 46 27 38 98 57
12 66 17 5 89 87 97 6 76 95 96 46 96 66 55 27 4 22 2 14 23 40 75 90 47 8 36 37 94 68 33 100
87 65 31 96 4 78 76 36 58 93 45 53 37 61 25 46 61 42 96 51 15 59 83 1 22 70 21 88 30 14 43 4
13 4 89 87 13 64 45 61 37 34 65 54 25 65 25 17 14 65 10 24 36 22 13 69 57 71 32 71 63 52 28 88
96 9 20 46 98 69 70 63 61 48 44 46 8 33 13 2 13 79 55 85 64 5 90 24 56 11 63 85 100 50 54 84
86 97 15 26 92 63 55 43 6 88 17 6 82 73 77 2 85 5 57 57 13 0 92 6 88 39 3 37 76 42 60 20
71 54 70 14 71 10 57 4 0 58 39 69 29 96 22 77 45 19 71 98 23 12 27 43 9 81 60 97 20 96 69 9
87 25 15 14 53 81 85 83 88 73 35 60 34 11 52 49 95 1 36 3 23 16 14 33 29 14 42 42 91 62 87 13
45 59 44 85 8 75 0 67 14 100 29 88 53 1 80 11 10 70 39 2 73 48 57 13 36 73 66 6 64 39 45 77
53 42 49 68 19 23 22 23 46 11 58 26 30 7 3 89 45 61 70 75 98 21 34 33 41 78 61 40 99 67 88 57
65 10 66 7 92 89 88 56 89 7 81 13 36 41 37 99 47 92 11 73 45 70 33 19 99 80 52 91 24 78 34 22
7 20 42 52 97 78 31 64 90 70 93 22 49 48 84 10 40 36 25 21 59 50 20 11 46 16 42 18 99 29 4 9
58 94 63 99 67 99 52 10 91 7 71 7 67 100 77 44 29 69 62 71 97 23 62 20 91 80 69 40 5 87 83 9
15 76 2 90 97 84 71 97 63 24 100 4 26 5 2 87 16 45 36 96 35 55 2 81 15 46 11 18 4 77 71 19
15 8 8 81 97 53 32 93 58 84 14 62 62 72 75 38 33 60 47 72 5 79 83 57 82 30 9 34 87 90 63 63
15 13 84 16 30 6 79 0 20 10 70 80 45 22 51 65 35 68 10 71 61 72 91 98 42 6 3 82 59 95 49 16
47 97 55 26 99 72 4 53 22 84 3 90 1 47 19 19 10 41 10 58 40 12 89 27 67 7 6 7 43 9 70 51
49 76 54 86 11 67 63 94 66 26 88 30 51 7 51 96 90 31 82 10 69 84 84 13 45 75 93 57 18 48 85 3
58 100 61 87 32 16 37 5 22 52 15 46 55 29 25 18 86 42 58 70 43 5 47 19 81 24 75 84 83 37 82 0
83 71 53 96 16 5 30 47 3 8 28 38 30 58 0 61 77 22 7 12 18 71 69 61 86 44 53 71 75 56 31 72
30 34 94 26 66 78 3 40 97 73 72 43 41 63 69 49 74 35 71 36 98 14 1 55 48 61 68 8 52 14 2 8
21 100 12 39 77 81 57 38 49 53 16 1 24 67 10 62 56 47 83 64 46 21 19 61 30 20 64 58 53 86 35 61
66 74 74 54 56 100 84 4 92 30 53 21 71 42 23 69 32 30 32 4 73 76 21 0 91 83 21 92 29 9 53 89
20 12 25 46 33 100 68 65 24 24 93 90 7 2 90 56 16 74 9 99 5 97 95 70 97 34 12 10 66 64 83 60
7 55 33 75 5 24 51 9 9 87 4 46 63 4 76 60 26 95 93 71 40 38 8 93 56 19 25 87 90 87 44 14
14 98 7 37 81 5 9 94 19 86 77 51 83 76 25 7 98 7 2 62 80 98 84 81 10 82 22 55 79 44 38 20
41 64 92 22 95 93 65 0 87 23 96 29 13 93 19 6 97 31 20 53 24 79 91 77 44 90 37 91 40 100 2 78
45 39 10 43 39 10 79 21 16 71 85 59 29 44 7 13 72 66 100 10 30 93 61 56 13 93 10 22 40 35 55 93
82 52 4 84 16 69 34 92 61 61 67 76 34 87 7 26 46 73 96 7 68 88 9 85 80 40 33 46 83 34 19 21
31 20 0 48 31 94 79 95 75 90 39 30 20 65 25 3 69 74 70 64 6 55 8 71 79 54 81 36 11 54 26 55
57 57 98 56 54 56 70 70 20 82 1 60 56 19 32 96 97 26 88 9 61 25 82 47 51 68 53 48 48 57 22 2
82 15 93 51 7 24 3 26 28 11 36 65 39 23 36 40 19 14 31 13 90 13 16 36 92 27 46 50 86 4 79 54
53 40 2 76 19 71 25 31 41 41 71 6 65 54 59 90 10 78 67 99 67 9 90 22 29 7 23 34 66 28 81 40
89 2 69 61 61 14 6 18 38 92 19 23 47 14 25 37 81 36 42 67 59 76 12 61 69 49 51 55 13 30 96 78
49 56 73 2 38 21 85 75 86 59 90 74 51 22 68 17 57 39 52 85 79 96 13 40 13 32 44 12 39 20 75 12
44 92 57 74 19 16 75 3 27 57 46 94 54 63 34 34 96 17 42 27 92 83 43 26 83 87 43 10 64 26 56 96
75 65 55 9 51 72 50 47 87 20 99 4 98 47 75 1 79 25 81 15 62 42 6 6 70 46 15 34 19 50 82 60
32 96 61 33 18 6 59 96 85 42 59 3 68 18 46 74 1 66 30 39 78 90 85 65 68 13 30 83 45 69 88 71
41 54 80 64 48 31 32 74 70 31 49 65 100 47 67 52 63 89 90 17 50 43 62 29 81 53 90 15 15 76 77 74
82 72 58 30 64 89 67 25 97 25 29 49 34 92 85 98 76 38 89 58 52 86 66 47 39 8 95 85 84 71 70 89
12 41 77 37 54 25 17 36 89 93 39 98 65 43 11 58 14 16 30 27 92 33 4 14 89 24 30 84 93 54 78 11
14 92 84 98 73 17 31 32 1 27 61 32 39 22 3 37 86 18 17 77 25 32 30 1 79 78 62 32 24 25 72 38
49 2 53 14 26 40 44 87 89 16 8 88 46 84 51 39 89 61 19 35 42 18 98 28 23 63 25 47 63 10 85 13
72 18 7 84 47 7 59 48 2 97 80 12 93 8 48 79 54 59 91 69 66 76 7 50 77 20 31 11 58 87 47 99
40 75 96 58 83 98 68 24 74 94 14 18 83 11 65 27 98 40 17 3 22 52 23 88 14 14 73 60 7 30 100 72
83 29 79 97 96 48 54 31 33 95 59 54 20 88 84 89 97 5 23 48 85 59 31 31 8 47 85 3 63 79 64 38
37 46 58 8 84 28 87 45 59 14 21 18 19 85 41 56 33 80 99 77 85 32 100 75 47 50 1 76 48 15 98 44
52 6 5 22 1 33 93 44 13 8 11 63 16 38 100 79 51 27 54 7 21 82 66 25 7 58 84 60 25 33 55 31
26 1 20 51 48 94 79 44 75 100 32 53 50 53 44 27 93 99 84 26 96 18 51 67 30 98 64 75 45 18 14 42
6 93 97 94 54 64 69 39 2 58 38 17 38 36 60 42 11 60 78 73 30 51 65 89 67 74 29 21 27 56 95 100
10 6 26 57 16 13 89 6 64 10 62 54 53 30 12 22 71 60 42 73 59 13 62 56 71 75 77 45 8 65 45 96
65 79 34 9 11 18 50 84 25 66 67 53 86 41 35 78 16 47 51 43 43 69 1 86 97 48 8 26 72 52 37 32
47 0 34 9 37 19 90 6 85 28 94 68 4 95 96 69 28 17 70 29 63 32 44 27 76 89 28 50 77 60 95 7
100 30 67 41 95 98 49 75 49 15 66 14 69 65 38 28 87 29 79 5 17 4 36 50 77 12 47 44 40 82 54 93
32 100 35 41 39 50 3 43 28 86 97 40 85 90 73 91 77 48 21 59 49 1 47 23 96 54 42 12 17 79 14 3
44 64 77 24 80 54 81 34 45 4 13 10 98 82 36 59 12 74 5 44 62 3 86 27 54 40 23 75 27 49 29 59
25 0 50 85 84 49 43 11 48 40 69 72 15 42 98 90 73 38 9 6 91 18 31 30 2 60 4 34 85 88 76 77
91 75 57 73 66 76 31 39 91 92 48 13 54 26 17 88 15 35 13 60 7 43 47 64 46 33 93 30 51 53 14 37
39 72 96 82 96 20 37 63 65 87 30 46 20 63 89 85 54 71 93 46 2 50 61 5 49 21 52 85 57 91 82 33
22 16 84 6 17 53 75 38 16 28 91 90 42 13 53 19 64 31 86 97 63 52 72 46 24 73 96 94 1 89 68 12
63 69 41 18 61 24 80 23 76 68 68 76 37 44 33 27 46 39 82 21 29 33 89 12 24 81 43 27 80 70 63 69
71 4 35 16 26 58 90 84 96 64 85 74 92 75 23 58 86 10 85 11 89 52 83 68 17 15 92 96 84 93 36 91
68 35 62 77 27 46 77 42 40 47 29 48 42 47 16 32 99 94 66 70 24 97 75 92 78 88 7 99 68 6 41 31
65 11 28 66 34 89 94 8 71 22 5 91 88 19 34 51 43 84 63 22 42 2 3 59 93 36 35 84 78 70 31 46
6 49 3 37 48 41 63 27 50 77 49 5 13 84 75 55 97 28 12 57 33 98 7 91 24 40 43 14 98 49 23 4
15 25 64 66 42 69 95 41 4 77 24 31 60 99 68 38 56 40 21 81 35 14 37 47 71 98 19 9 48 80 53 11
30 75 33 28 82 48 92 21 75 81 46 82 46 82 53 10 71 53 85 81 72 30 98 44 21 68 47 92 8 15 79 10
21 66 24 99 33 10 9 23 11 22 80 89 57 18 1 34 83 4 19 9 70 76 39 17 3 64 9 2 12 57 84 37
52 40 34 1 30 2 33 46 81 72 15 50 54 81 45 14 54 37 53 93 79 36 99 6 42 23 30 95 43 28 3 94
31 80 27 19 90 47 87 7 85 72 5 57 57 14 54 25 47 47 77 71 34 77 48 75 64 50 11 68 18 2 2 97
13 82 4 30 93 11 46 72 87 7 90 90 79 33 15 88 77 85 90 27 62 62 4 11 24 100 44 63 91 26 28 33
25 54 87 58 5 12 24 3 67 25 23 36 0 70 80 87 8 84 67 38 88 49 91 25 3 42 48 73 99 18 43 84
45 70 76 49 49 32 64 58 81 25 60 9 87 66 7 38 54 36 57 76 74 36 72 75 35 62 43 5 66 21 39 67
10 28 30 89 22 63 84 87 85 88 70 99 5 64 79 46 30 58 27 62 76 14 82 79 48 9 10 28 45 53 90 97
40 2 95 9 16 85 70 44 99 67 42 35 33 31 77 64 0 56 33 91 7 61 11 51 70 67 76 4 73 93 69 6
38 45 0 17 49 93 100 20 98 52 59 95 31 54 51 17 94 35 68 87 65 3 18 69 3 62 25 18 24 74 59 20
53 86 1 3 1 94 89 51 3 61 30 28 67 66 2 9 56 40 68 38 3 16 33 6 61 14 73 58 56 41 33 62
46 56 80 28 29 70 22 57 5 25 59 53 37 50 68 12 23 20 10 11 53 90 27 20 8 42 75 37 96 71 31 100
1 66 30 71 44 15 43 68 91 42 92 84 56 73 83 90 44 26 72 44 32 12 10 56 28 46 88 90 46 92 7 70
14 75 46 75 53 75 6 57 67 46 1 100 45 26 10 55 80 96 93 29 57 64 28 66 28 33 36 69 57 15 41 21
100 5 99 41 12 82 21 76 97 63 62 36 44 77 91 17 39 88 57 16 57 58 68 18 46 76 17 81 34 31 61 12
30 48 7 91 29 11 11 66 87 46 61 67 30 87 98 48 70 50 66 87 31 94 37 60 9 99 35 43 28 81 96 7
37 100 36 35 38 22 91 37 3 28 98 100 1 98 49 97 80 34 85 78 44 71 38 4 19 40 84 21 81 35 44 61
94 5 39 25 1 96 24 66 93 49 90 34 3 90 79 78 31 69 94 96 24 99 53 17 31 55 46 30 16 19 29 17
26 53 77 92 19 49 40 89 19 20 31 77 11 6 86 25 65 61 98 79 68 42 13 33 56 63 75 52 3 18 51 9
82 55 67 94 85 81 7 81 13 81 94 47 7 49 43 17 59 12 88 37 79 26 40 31 78 4 93 72 44 58 75 77
23 40 69 50 74 74 61 22 20 18 55 8 95 26 86 0 80 46 15 0 28 3 32 51 65 17 90 91 4 34 88 12
85 93 40 50 3 92 78 28 26 47 87 76 91 92 98 44 45 65 84 35 81 98 30 57 52 25 6 67 82 30 6 64
24 37 55 26 65 42 70 8 78 55 7 56 49 27 38 42 82 77 88 69 85 79 36 60 29 0 70 9 85 93 46 84
99 57 8 65 78 99 71 17 31 49 82 32 33 66 16 48 52 6 49 88 59 62 9 74 62 17 18 50 80 70 67 11
75 69 85 98 80 7 72 56 13 77 49 78 56 87 63 60 64 96 93 62 44 98 23 16 7 58 15 6 26 71 3 87
45 41 93 98 78 75 74 69 52 49 85 26 31 98 29 84 33 1 35 25 2 86 35 69 97 66 99 62 26 31 83 69
45 87 9 100 81 32 47 2 23 100 64 21 40 31 35 86 42 49 79 4 45 59 44 59 6 8 5 29 16 0 75 17
100 78 3 82 8 40 68 32 51 68 67 94 18 86 49 78 60 38 35 65 36 7 94 50 65 90 62 70 9 56 2 99
36 24 72 27 19 35 99 92 20 83 61 59 70 34 76 20 6 47 38 73 18 21 78 15 22 35 41 57 97 78 38 74
12 81 33 30 82 32 85 32 53 19 72 53 45 70 50 95 93 38 19 67 58 83 74 31 39 1 48 72 78 31 1 94
68 22 61 60 89 56 38 37 39 3 48 63 31 89 58 66 88 98 57 73 60 0 2 13 3 25 47 47 13 38 13 10
13 37 74 66 62 81 23 70 1 70 90 87 40 4 68 68 34 48 90 48 72 78 17 44 20 72 3 58 53 96 41 8
50 52 45 0 58 48 85 17 60 98 88 59 88 3 62 32 2 88 37 32 48 51 30 61 27 17 96 6 16 40 84 72
2 28 45 100 36 88 44 32 5 65 100 43 60 21 32 100 12 22 83 19 53 20 64 91 91 87 19 47 89 70 30 60
61 77 36 76 39 20 14 79 75 88 40 98 10 51 51 13 57 29 76 31 47 53 70 12 82 15 38 47 77 100 30 62
67 99 26 95 78 28 82 74 28 65 28 76 51 11 31 59 75 54 59 96 16 67 5 9 46 43 34 77 87 24 0 30
89 62 11 35 46 35 26 98 10 53 96 17 11 93 79 9 23 59 16 98 10 80 70 25 70 56 86 4 74 50 8 48
55 0 73 73 3 63 71 82 74 94 81 48 34 11 61 29 40 13 71 23 59 30 52 73 70 83 69 10 97 42 92 7
32 94 9 60 88 72 49 17 6 79 13 15 90 91 100 20 78 13 76 74 49 77 97 80 47 51 36 16 49 81 66 64
30 48 19 16 50 12 47 57 95 24 38 96 17 58 84 73 17 41 56 5 14 49 77 58 60 32 35 88 34 5 90 27
84 1 79 72 15 52 57 49 15 92 89 9 40 38 83 16 0 20 39 81 9 8 50 19 0 61 32 46 18 69 43 86
30 24 79 83 52 56 37 76 0 25 97 85 72 5 58 82 97 3 5 11 2 72 21 70 28 90 5 21 5 39 1 7
63 50 21 80 56 18 18 94 63 34 65 25 78 15 37 75 82 91 61 9 31 64 13 82 33 57 80 89 77 97 14 68
13 16 8 80 4 38 31 85 12 52 26 77 2 27 55 83 85 61 63 18 23 25 67 65 12 62 70 37 68 20 50 35
98 28 63 64 67 83 42 79 15 29 79 60 18 82 36 84 47 49 52 99 67 69 0 82 70 22 6 72 45 43 74 0
55 2 80 50 75 13 95 28 47 1 75 78 37 65 88 69 51 65 11 44 64 79 92 3 45 70 69 70 30 0 27 23
88 0 78 19 30 4 77 42 89 22 22 42 55 1 55 0 90 23 66 3 35 46 74 100 24 59 60 49 38 60 23 68
49 1 39 26 85 12 30 14 65 78 89 7 88 5 58 89 56 42 93 90 9 40 31 99 86 69 97 73 14 97 42 4
56 5 40 77 98 77 0 7 21 90 35 93 15 50 32 77 50 89 54 20 36 85 77 46 88 50 29 44 86 74 70 96
41 10 84 59 1 34 27 97 17 91 18 25 79 2 64 66 100 46 94 42 59 96 99 31 3 91 0 76 55 19 7 77
73 16 65 6 87 55 13 86 41 60 31 1 63 52 9 38 92 20 29 18 13 11 33 5 96 27 38 54 82 42 83 52
56 22 44 86 23 78 75 51 6 66 48 4 70 45 4 14 93 52 44 9 36 27 71 20 34 25 37 39 88 71 90 5
81 95 99 72 4 2 84 12 43 2 68 64 3 36 99 59 86 39 27 57 4 70 60 100 34 98 37 74 37 76 73 46
92 87 52 24 52 6 66 65 27 22 64 57 82 15 53 100 72 99 48 23 56 13 81 95 71 25 96 15 41 11 60 5
51 52 5 18 44 61 31 17 37 85 58 40 17 50 98 74 52 16 56 89 95 84 30 12 67 33 99 94 15 26 3 87
64 67 45 65 56 80 59 99 66 13 52 13 44 80 58 64 66 45 25 56 92 50 36 34 43 64 13 93 37 16 2 10
27 55 39 81 36 75 3 38 14 70 71 47 42 86 10 88 47 52 79 93 66 23 60 55 59 20 0 0 85 45 16 55
25 22 57 64 96 26 58 69 24 68 30 98 99 29 26 56 30 1 64 61 49 43 65 10 57 56 34 33 35 83 76 38
38 56 6 17 78 45 81 77 48 4 91 31 80 63 94 60 64 31 82 17 13 73 65 51 18 95 58 76 8 63 80 2
56 63 44 19 50 5 53 77 51 28 49 24 1 48 24 77 43 60 66 93 51 49 4 19 22 72 23 21 46 85 47 61
12 95 77 61 81 67 96 24 48 74 80 75 20 36 93 65 63 40 19 9 30 49 79 94 24 61 75 94 0 37 51 26
54 92 83 17 18 79 96 54 96 38 3 17 87 10 89 30 31 20 58 15 32 3 85 22 99 47 55 20 33 98 17 56
14 75 39 77 89 59 80 17 36 73 91 58 44 22 42 63 96 53 63 60 44 96 10 98 0 33 72 49 10 23 78 15
67 21 42 85 82 46 10 48 5 23 83 28 51 3 28 100 82 84 16 31 97 6 8 86 38 80 74 57 17 58 92 76
53 73 97 18 34 11 29 22 45 1 20 48 34 66 32 26 92 69 53 67 83 50 86 24 19 54 11 11 24 90 80 31
77 6 58 86 33 33 26 30 12 22 76 38 62 73 62 78 80 48 63 0 62 28 64 11 47 6 53 48 26 95 31 28
24 45 40 68 50 44 76 34 5 92 3 87 7 62 26 58 32 65 19 75 11 80 90 84 40 1 97 87 18 64 20 60
23 91 65 61 87 59 35 78 25 98 33 31 35 28 91 100 35 7 32 33 39 94 70 100 26 81 52 66 53 27 67 96
11 79 21 100 38 2 63 46 92 49 90 11 73 30 85 55 60 80 87 41 87 20 24 35 11 46 83 98 2 41 10 25
45 84 72 10 55 32 38 77 0 100 67 39 5 25 2 32 18 100 40 60 59 62 8 51 41 19 87 8 7 80 80 5
90 93 80 73 55 50 41 23 58 77 36 90 64 62 83 59 67 55 49 33 98 79 36 79 64 81 32 20 11 50 65 46
71 83 74 34 82 94 55 53 26 76 13 51 94 87 44 41 60 32 41 25 27 16 61 78 45 58 80 16 29 87 47 90
100 3 92 79 0 29 69 11 81 67 28 28 6 47 74 99 44 45 34 45 64 16 22 5 15 42 83 52 27 74 7 7
70 3 77 46 79 85 50 57 46 30 66 23 84 33 75 21 65 56 57 98 95 3 9 47 73 77 8 70 27 61 44 23
49 61 58 2 23 46 42 44 33 61 5 39 97 50 24 92 3 93 26 94 62 14 64 24 5 12 48 40 64 20 4 54
11 16 33 28 85 37 89 28 50 46 66 31 8 10 80 90 54 44 40 81 97 99 88 6 47 56 69 19 60 94 43 29
60 62 42 60 99 25 49 86 6 62 34 92 3 29 78 19 89 51 73 86 96 67 47 23 64 90 90 66 88 70 51 3
99 31 70 65 44 59 25 32 28 18 32 74 27 36 12 22 8 79 51 0 71 68 40 80 29 84 86 82 98 22 46 84
89 28 30 43 53 46 19 80 4 24 0 51 50 78 61 25 23 92 75 73 50 71 74 73 22 52 32 11 91 73 63 33
76 98 21 73 45 56 78 62 21 33 70 67 94 52 15 52 34 27 89 67 66 38 24 93 12 59 50 58 27 20 5 2
95 33 89 21 91 48 100 34 6 67 81 29 56 81 10 43 10 58 41 44 99 84 21 76 33 58 27 67 21 48 51 92
91 71 47 66 11 97 75 23 45 13 47 48 33 82 61 45 85 7 94 100 38 69 11 66 62 62 77 60 1 29 88 33
75 65 35 73 85 18 85 82 35 99 8 90 67 43 22 35 20 87 91 52 51 91 28 6 89 49 43 66 54 73 36 9
19 25 90 34 69 81 95 75 99 5 41 44 64 51 10 18 42 40 3 29 40 30 65 6 45 16 71 13 85 45 1 78
43 17 93 61 23 51 31 38 37 6 20 99 14 56 91 44 34 35 48 46 12 92 23 23 81 33 80 89 10 58 45 98
41 54 100 3 84 60 52 71 0 23 24 81 14 90 39 57 83 70 7 91 5 34 66 51 7 34 1 80 70 24 99 46
19 11 79 9 26 46 74 25 10 86 36 29 15 84 77 99 100 96 85 74 16 20 42 34 30 52 22 80 39 7 15 1
0 30 68 43 82 64 8 95 58 33 9 10 9 63 56 63 53 17 6 84 1 88 89 65 0 79 52 33 60 44 28 10
98 11 24 96 1 66 32 41 34 94 27 65 92 66 88 98 91 98 17 47 73 30 58 20 90 29 24 9 45 96 41 4
75 44 30 70 90 36 43 40 26 52 28 8 35 44 82 38 71 31 78 63 37 37 23 0 54 42 6 22 77 72 82 92
45 11 2 45 27 18 44 2 49 17 85 95 13 9 43 62 83 100 24 90 100 47 99 0 4 17 0 29 50 92 56 2
19 51 71 24 6 74 27 100 16 78 43 77 90 92 89 63 82 69 48 11 80 4 25 87 45 19 11 92 14 17 54 7
11 8 43 25 12 99 54 26 83 48 88 0 4 31 18 20 27 25 21 54 45 60 88 72 67 65 33 87 11 94 83 67
95 68 77 89 95 10 40 68 76 84 69 74 54 59 25 51 91 69 18 50 22 32 87 34 73 44 50 65 93 37 35 53
41 12 61 56 52 9 45 36 28 79 49 40 14 70 43 7 54 46 26 31 28 51 30 37 13 91 85 8 60 14 65 75
63 11 17 87 2 79 41 60 15 65 58 21 17 77 10 81 32 9 84 96 74 89 26 20 36 65 54 45 11 62 78 32
55 37 97 17 98 26 47 5 60 56 85 77 88 17 100 12 18 5 22 17 82 18 15 40 29 32 42 88 100 21 32 91
0 41 47 34 35 66 3 75 11 45 89 12 93 28 46 5 23 64 90 60 9 84 51 63 40 40 93 66 58 23 62 17
57 19 59 58 25 64 23 42 51 62 7 86 47 53 17 33 60 80 45 4 70 38 91 19 21 17 92 25 76 97 89 24
43 4 38 30 22 38 63 75 7 73 22 59 65 88 52 0 59 91 45 87 84 93 68 0 58 42 7 43 14 4 79 98
21 49 31 86 60 8 17 86 17 85 81 67 24 7 50 62 27 86 5 42 21 31 77 50 23 71 96 91 91 51 33 81
46 50 83 97 56 10 62 42 29 38 55 17 55 62 73 5 100 20 5 43 73 70 9 72 11 84 24 41 3 15 5 97
49 20 3 75 64 64 92 23 28 65 30 84 93 39 93 64 85 87 55 65 13 3 41 88 99 46 21 94 36 9 82 75
40 74 0 97 92 36 12 72 20 58 38 71 42 16 72 69 33 50 65 88 66 68 70 76 25 59 38 52 27 4 40 50
37 75 69 30 90 5 76 63 13 68 19 10 48 15 33 22 23 95 22 57 2 39 84 85 57 63 70 59 100 92 71 36
83 56 14 31 2 79 12 0 71 43 77 52 39 2 21 36 44 57 14 0 51 95 10 0 54 86 39 92 69 24 39 46
46 85 70 95 84 66 6 21 1 88 33 37 25 78 60 14 73 46 50 95 73 97 39 83 7 57 67 62 37 22 44 80
33 68 37 82 57 17 74 63 23 53 62 88 28 63 39 93 8 29 28 5 60 78 1 5 79 70 63 5 83 0 82 100
96 97 37 82 33 38 0 50 66 12 53 90 39 27 70 5 96 22 34 90 25 60 80 52 37 14 39 24 76 52 96 8
71 85 97 34 22 100 55 74 78 27 44 39 92 27 83 76 12 70 91 9 69 86 25 36 12 61 4 66 57 49 57 85
27 61 7 12 80 40 39 15 84 59 21 3 45 73 80 11 80 62 60 8 44 98 47 21 66 75 37 6 55 81 12 20
87 17 33 3 40 60 24 51 59 97 93 22 88 10 94 65 73 97 24 67 97 56 80 8 21 76 70 24 16 77 90 6
97 74 76 76 36 64 65 52 22 17 83 48 31 92 36 20 89 55 63 26 50 23 10 80 97 27 34 46 46 35 64 85
76 21 83 63 4 55 59 7 95 78 80 39 81 62 32 4 84 80 1 72 34 31 87 44 11 48 3 87 100 54 9 43
78 95 86 71 27 70 69 89 72 33 79 35 5 20 45 29 28 74 79 9 3 100 23 63 86 81 77 95 0 16 6 33
19 42 97 64 5 62 41 13 33 49 20 97 50 13 87 92 26 77 92 95 38 74 82 34 54 93 23 11 82 2 62 71
89 83 76 36 84 40 63 60 35 55 20 66 79 59 10 11 15 57 5 43 30 37 26 70 7 17 66 12 47 43 20 15
35 61 10 21 86 68 9 82 28 2 6 20 12 13 98 44 74 36 69 79 18 19 18 9 47 24 55 84 47 45 6 42
19 86 85 28 21 37 54 47 94 11 38 54 15 8 72 94 47 22 50 21 54 88 91 90 53 41 43 17 15 23 47 80
54 89 91 19 99 49 59 22 12 78 62 80 26 5 97 1 9 48 37 31 8 100 61 50 36 49 90 53 49 50 76 24
58 19 46 3 90 83 70 76 22 47 92 8 41 99 80 27 76 46 90 99 70 91 78 44 51 86 71 1 92 36 1 66
80 64 82 52 58 46 36 62 30 81 73 18 81 71 62 23 37 25 91 11 16 39 84 73 53 49 94 86 54 44 0 92
97 50 20 22 22 73 74 34 63 43 36 33 68 38 83 8 81 60 62 34 40 36 65 55 27 2 2 59 38 50 75 20
27 61 79 74 94 78 92 99 28 75 46 61 59 29 15 15 26 70 32 69 50 92 12 7 49 71 42 24 16 69 24 39
59 75 95 57 47 2 94 41 41 33 50 87 26 29 31 16 0 11 12 60 22 97 46 87 35 53 3 43 17 74 100 67
93 19 34 45 32 4 13 82 93 93 74 46 55 0 19 32 75 42 77 94 42 39 37 83 60 63 31 24 98 21 68 44
48 18 4 80 22 75 93 35 54 51 18 0 59 21 30 68 34 12 6 47 14 86 23 83 78 95 89 82 47 23 47 41
29 22 20 24 28 21 13 65 37 15 18 83 16 22 52 0 89 26 16 57 20 6 35 30 14 10 27 50 73 20 3 64
37 7 54 54 84 21 14 49 4 63 63 69 6 45 50 0 83 72 23 69 58 32 29 31 5 36 22 3 19 31 46 79
78 9 48 39 65 95 27 70 37 83 45 47 95 73 35 17 90 27 6 12 66 99 60 41 90 52 18 95 62 40 29 70
48 23 23 36 17 48 8 25 82 52 49 3 34 64 36 94 25 14 30 41 61 67 55 57 90 29 5 61 35 67 10 58
62 35 76 10 59 29 53 53 66 92 39 20 53 34 6 19 100 51 28 4 77 14 95 23 32 73 87 81 23 31 50 40
96 2 28 22 16 73 41 14 92 34 30 71 21 62 75 60 38 67 8 44 62 11 27 10 3 74 73 85 65 43 43 75
3 67 73 41 19 61 15 95 82 10 61 2 44 58 77 2 27 22 15 22 58 51 82 8 89 5 61 8 36 18 16 31
80 82 28 88 43 30 74 93 98 62 51 78 47 41 7 22 44 100 33 76 47 83 81 74 76 13 10 65 75 62 100 18
3 33 86 71 51 28 96 24 98 22 91 50 31 77 89 61 27 17 74 1 84 57 59 89 72 30 62 48 71 61 19 26
74 55 6 46 90 59 46 42 88 73 27 83 93 36 89 96 47 100 60 99 99 76 26 23 47 58 15 26 73 1 24 79
77 17 69 17 53 55 78 62 96 10 72 0 72 82 49 10 22 87 57 13 45 18 97 55 54 15 24 60 31 37 53 78
59 48 66 45 96 42 51 95 97 30 54 18 42 83 85 92 33 29 7 89 69 40 68 43 1 11 11 48 41 65 53 0
50 99 76 60 79 100 30 50 53 84 5 83 72 46 35 74 87 13 20 25 79 95 61 50 30 83 76 20 61 65 24 13
12 39 17 99 7 7 61 86 15 11 67 82 88 81 21 12 77 29 80 29 93 60 92 86 96 9 24 60 75 38 67 13
38 82 62 71 62 49 81 27 67 38 24 29 58 22 73 36 95 49 63 1 32 63 50 38 65 46 3 3 95 86 12 30
21 60 66 29 82 71 19 63 39 13 30 51 11 49 56 88 7 47 84 5 5 56 45 19 43 71 69 69 16 49 43 26
97 61 26 72 8 6 86 81 9 62 12 51 90 51 47 17 68 93 14 53 6 77 47 25 14 26 54 57 69 47 83 100
4 82 9 31 90 64 1 25 0 99 81 82 24 20 88 20 28 43 86 62 27 44 3 51 73 83 22 45 7 83 4 10
14 26 64 2 2 84 91 87 91 64 51 64 75 72 18 59 51 87 20 51 94 99 82 32 57 94 96 46 24 78 30 18
33 60 33 41 71 17 50 66 18 78 20 78 86 6 72 79 11 30 2 59 38 14 3 30 79 67 20 59 69 95 61 9
5 36 9 65 71 8 99 46 35 87 37 72 97 29 60 16 55 48 10 14 98 0 34 97 11 92 51 43 82 30 19 75
61 72 29 90 37 93 9 81 70 94 35 83 1 32 50 3 1 18 87 93 49 74 10 59 14 46 71 61 20 16 90 84
95 44 60 99 73 62 93 42 22 29 39 20 45 71 26 58 43 58 94 5 16 87 86 17 89 64 21 74 33 49 26 97
77 29 51 63 74 32 57 86 84 36 37 84 64 63 28 85 28 72 8 89 25 64 26 72 43 23 38 19 19 76 48 36
93 89 30 91 57 66 80 35 74 68 11 6 93 9 33 33 99 8 38 56 35 63 11 23 88 43 20 91 65 11 83 4
95 24 68 100 83 1 96 57 90 32 14 31 61 12 64 45 54 29 68 5 59 54 41 23 28 51 82 1 22 23 17 27
81 50 3 57 100 62 90 3 59 26 69 27 81 42 42 38 78 46 61 10 47 42 44 67 28 56 30 35 26 10 63 72
61 25 15 42 35 22 48 43 20 42 74 23 40 54 7 83 72 42 53 39 81 26 59 30 16 24 76 28 58 67 5 21
60 98 15 78 32 24 96 87 4 61 7 28 48 43 65 92 35 4 25 87 25 88 28 64 27 87 81 64 77 27 30 33
45 84 7 98 99 15 19 22 75 73 88 72 22 20 2 76 89 65 84 78 56 63 4 96 53 20 19 31 64 0 75 49
5 44 32 5 43 80 30 10 45 90 69 12 89 62 39 25 69 51 43 40 53 85 70 3 78 20 64 83 46 92 3 59
58 24 23 6 74 79 40 69 82 6 15 1 99 42 35 91 84 27 9 84 25 59 21 39 37 58 75 25 64 23 60 54
28 22 0 1 33 75 92 7 1 90 96 97 85 97 59 66 45 1 42 41 74 16 20 42 6 56 15 83 8 64 19 61
44 64 0 1 32 5 3 36 20 66 49 45 44 98 97 82 59 92 1 3 39 55 16 99 19 100 42 13 71 45 55 31
25 31 34 98 70 91 80 94 61 77 53 15 21 41 81 37 10 15 52 67 12 28 57 52 27 55 30 80 95 12 65 25
34 3 57 82 24 98 91 34 9 13 63 92 45 70 66 2 48 0 96 90 78 0 56 36 15 77 97 98 13 34 52 12
46 72 43 63 45 45 50 19 92 29 86 34 78 55 6 32 88 13 40 31 16 64 81 81 78 42 34 75 85 5 74 25
81 12 60 69 20 6 17 30 66 27 67 71 60 72 89 58 61 88 27 91 94 54 3 100 82 97 29 52 1 63 5 93
10 97 72 23 73 53 37 33 63 77 43 43 99 87 12 2 54 35 56 58 88 46 34 57 2 7 53 1 73 71 84 86
55 85 72 34 47 7 23 69 56 9 2 28 20 93 14 58 44 29 88 14 58 21 75 84 53 52 34 11 66 79 17 54
13 67 41 98 53 96 71 19 47 97 8 97 7 79 19 25 40 18 49 78 51 70 81 56 9 27 98 0 2 85 68 39
44 12 12 79 26 78 54 70 52 92 14 95 53 24 85 29 69 43 66 70 100 57 8 90 41 46 82 10 71 6 16 38
59 34 76 48 72 70 55 63 31 76 12 14 87 66 11 84 74 86 34 33 13 83 45 51 100 14 82 41 25 42 53 21
91 4 27 87 3 61 45 43 90 89 59 100 24 41 12 55 26 24 37 46 67 59 42 45 34 70 5 91 30 2 39 25
68 62 46 28 44 86 27 21 82 36 69 4 1 90 61 45 51 75 19 28 34 49 48 94 98 56 35 27 12 47 17 26
32 24 27 82 91 66 40 10 79 92 60 44 37 10 49 74 65 51 59 29 83 60 11 23 25 39 92 54 43 91 10 95
93 82 16 96 20 33 59 33 89 61 55 91 7 100 58 28 62 7 85 93 39 67 24 18 73 44 91 35 100 87 42 10
10 13 66 19 26 72 52 85 51 51 19 21 32 31 16 55 93 90 50 97 22 70 18 42 46 71 9 94 96 43 22 47
100 28 3 66 14 71 98 65 72 100 67 65 1 10 84 78 61 79 79 64 14 22 23 37 43 19 5 87 56 28 68 27
60 16 76 6 37 71 29 68 93 20 59 62 5 32 70 57 62 11 54 34 32 52 43 56 43 38 35 82 8 52 22 51
30 47 80 86 49 86 5 96 90 39 39 1 70 17 92 49 84 18 30 33 38 2 71 2 11 5 70 87 94 12 34 97
93 16 75 39 34 71 50 78 76 23 12 7 49 57 98 44 82 94 28 86 64 76 69 47 18 76 4 70 87 76 44 74
21 84 3 47 17 57 90 71 73 59 61 9 46 11 43 12 65 81 94 34 71 76 99 68 82 91 10 61 3 85 65 93
18 85 88 40 29 34 22 7 69 59 60 29 84 17 0 41 20 41 74 8 82 0 9 59 67 77 11 34 73 40 96 21
87 98 40 56 49 23 77 21 57 49 33 33 29 46 77 15 5 86 49 26 4 74 21 20 41 44 74 81 17 97 80 5
96 30 40 54 1 34 22 99 6 56 68 39 46 9 81 82 24 62 43 77 44 71 19 78 78 83 60 53 29 99 50 63
19 7 98 86 45 14 62 57 51 1 6 27 52 6 35 7 57 100 79 31 20 41 20 23 25 49 32 33 22 73 77 0
66 70 51 94 65 89 24 22 27 13 79 11 61 99 32 39 0 49 1 4 87 21 45 48 41 7 7 63 98 49 85 93
39 37 56 13 51 27 53 11 78 1 1 39 39 36 19 94 17 27 99 1 69 98 83 22 59 86 8 91 4 18 87 93
50 79 48 29 1 99 39 58 52 26 10 39 62 23 53 30 0 85 9 49 23 72 11 50 18 93 56 100 18 45 54 90
75 27 59 40 49 64 57 33 31 9 85 54 64 55 83 69 15 39 38 62 96 77 5 70 49 48 34 22 22 74 83 83
77 12 60 88 62 70 75 73 89 47 86 59 62 100 94 22 77 64 31 10 25 13 78 39 35 68 81 17 52 60 16 58
26 69 10 82 3 22 46 49 85 97 65 55 36 5 22 8 100 75 97 54 0 7 69 94 20 42 47 66 76 31 65 45
80 71 20 56 51 74 86 59 50 1 85 66 74 33 19 4 47 90 66 27 66 84 16 63 75 57 38 36 64 91 15 94
40 37 85 70 7 31 27 58 77 85 84 60 40 17 49 32 61 51 90 17 41 24 86 88 83 93 65 57 49 56 7 13
68 31 23 69 54 11 51 94 84 85 52 2 67 55 41 82 83 93 12 16 5 26 52 37 59 30 3 92 55 60 50 28
54 12 98 40 52 86 68 98 25 70 36 18 38 6 34 8 26 55 51 82 34 48 30 35 10 54 13 95 52 86 79 21
48 21 8 39 58 81 10 81 88 55 22 13 4 74 6 22 18 98 1 61 93 41 64 11 10 16 75 72 40 28 44 74
47 41 66 8 88 58 64 59 7 45 21 12 66 19 78 69 8 3 86 3 48 59 91 77 14 20 41 5 15 35 74 0
67 62 40 32 21 1 6 57 9 53 46 39 63 48 18 52 85 59 82 50 77 73 89 26 65 95 92 19 81 55 45 86
53 29 89 27 49 93 90 81 82 31 77 88 44 99 75 60 79 60 50 13 47 72 90 10 51 67 34 5 61 43 45 9
35 68 10 10 58 49 64 29 14 44 36 22 46 32 71 81 38 68 77 16 67 11 56 83 11 80 37 52 53 13 20 61
16 24 11 92 60 6 95 94 57 76 99 2 18 89 84 83 52 20 15 6 45 6 51 36 57 46 16 93 93 68 18 17
58 92 25 71 34 95 99 95 46 43 8 82 31 90 22 43 66 82 5 40 52 81 39 100 28 26 94 19 4 80 4 36
35 21 47 18 81 67 30 14 72 2 3 50 6 24 64 98 28 61 54 56 46 42 26 95 4 41 21 93 20 20 81 4
26 8 44 54 45 40 41 59 76 56 83 56 39 35 56 90 56 51 19 4 65 0 52 59 48 70 83 10 100 32 94 37
63 54 74 84 12 97 100 63 51 30 100 67 12 23 56 63 29 80 81 6 47 77 84 15 13 62 72 94 25 10 82 44
14 76 45 61 68 38 48 91 47 10 49 64 22 41 41 43 63 3 92 50 94 47 73 72 71 44 70 82 77 99 92 23
54 48 83 28 11 39 96 34 39 4 21 67 69 12 54 57 91 72 1 48 61 43 100 1 24 91 5 0 38 19 88 9
36 100 52 40 61 65 21 62 96 11 98 14 87 69 100 88 42 89 69 99 82 17 59 51 63 31 62 8 99 36 96 75
27 83 1 9 46 31 36 18 91 20 17 64 93 92 71 39 81 2 37 89 67 98 96 38 62 29 99 21 72 59 75 91
96 96 64 30 27 79 94 98 13 88 62 12 99 12 77 99 89 30 9 14 76 92 53 42 11 53 50 41 34 7 92 16
58 44 33 27 90 75 100 6 6 69 11 57 25 50 93 39 53 10 46 87 14 44 96 95 30 4 4 85 72 34 3 46
8 86 34 49 38 94 1 59 35 66 28 4 0 66 17 95 22 1 42 97 10 45 53 61 30 90 72 79 95 42 11 14
84 16 44 89 59 17 46 0 3 78 1 37 57 77 4 64 67 89 39 88 75 30 76 46 74 42 100 87 13 26 34 81
72 85 54 35 86 58 39 49 8 7 13 3 55 31 25 88 7 85 6 38 90 2 65 16 16 49 11 21 34 30 36 12
82 12 61 11 0 71 56 15 63 65 40 97 67 31 1 75 68 83 36 90 85 61 90 33 58 80 64 94 95 94 67 45
90 85 61 82 84 75 1 62 17 2 28 53 24 2 24 42 98 95 70 27 24 97 46 3 79 92 49 20 51 83 29 84
5 45 86 16 65 75 57 53 21 98 7 8 32 86 65 41 51 19 60 41 4 39 75 29 46 0 52 10 88 1 14 76
28 87 29 82 79 84 22 24 69 25 34 29 79 24 42 11 95 74 28 12 34 64 41 59 42 85 60 83 64 36 39 0
85 13 39 70 85 25 46 15 78 56 84 59 69 79 3 71 22 80 9 29 74 27 5 95 15 95 80 51 89 35 66 29
62 12 77 25 0 26 95 49 94 67 91 61 50 13 17 56 85 93 13 84 92 27 53 12 12 39 51 10 55 19 25 23
41 46 87 70 22 25 30 13 9 39 88 43 35 3 26 98 2 26 39 24 41 25 26 55 42 79 73 13 87 32 69 90
45 43 85 41 1 48 86 44 15 84 69 14 47 49 55 77 5 42 57 98 2 67 88 28 37 4 87 1 64 21 65 83
9 55 32 49 7 37 59 27 56 72 87 33 74 65 76 88 60 97 86 61 45 93 84 47 96 22 43 60 30 77 63 85
96 96 78 8 29 64 51 7 21 98 49 50 27 69 88 77 41 15 73 5 90 46 64 33 78 43 68 3 49 80 74 50
85 38 21 6 80 5 63 30 33 17 23 28 39 62 36 24 43 41 100 77 63 6 96 92 61 34 59 84 59 60 61 35
52 15 47 30 70 65 42 65 92 38 11 94 14 45 34 7 100 84 80 52 93 36 52 56 70 2 33 53 37 64 15 37
8 73 76 78 10 51 22 90 24 38 40 11 87 74 67 33 21 88 72 40 81 25 90 18 23 92 43 28 69 48 61 86
14 36 79 52 21 3 56 5 62 25 97 35 81 41 26 49 36 23 35 31 66 37 34 31 9 10 85 52 8 21 66 25
10 72 69 69 25 27 35 38 55 55 75 79 15 10 53 72 5 1 3 47 35 8 75 14 40 28 75 51 8 95 53 44
82 20 40 68 89 55 16 26 67 100 74 96 61 7 55 91 100 35 89 59 66 38 56 24 32 15 47 73 48 75 52 33
85 59 69 29 16 64 26 37 7 36 84 80 56 31 44 56 64 17 1 88 46 67 16 4 53 11 5 53 3 37 46 20
92 39 99 72 63 75 52 36 3 32 62 55 72 15 82 55 60 21 4 54 29 96 92 26 19 12 84 84 78 8 0 44
89 23 19 50 87 93 36 3 57 55 75 10 3 79 4 91 39 14 77 14 41 52 63 42 57 70 58 45 95 35 43 61
71 93 66 42 95 22 39 54 23 34 59 91 13 77 18 79 71 17 19 2 81 98 37 97 2 91 12 15 89 46 26 82
79 2 2 45 59 24 24 57 90 20 65 3 66 94 5 23 77 91 50 51 96 72 13 40 21 65 74 80 66 53 1 30
36 17 100 22 26 11 49 70 76 58 54 92 48 64 40 55 39 88 4 17 29 96 72 70 38 62 47 23 100 62 21 79
26 76 12 37 29 17 22 29 91 84 12 15 100 55 97 21 48 48 45 41 48 41 70 48 36 58 96 63 39 21 64 67
1 36 77 8 88 7 88 21 14 35 31 28 26 11 85 79 64 15 58 3 9 100 32 6 5 61 99 52 15 72 19 69
40 60 86 48 4 20 71 84 1 7 60 90 92 40 40 95 66 22 99 80 61 37 94 81 83 67 90 16 77 36 33 20
23 22 94 75 9 1 72 88 82 98 87 16 95 23 26 88 30 39 26 29 16 33 77 3 70 37 80 94 45 61 53 10
2 47 21 39 74 5 21 24 58 9 14 48 43 74 92 97 58 80 74 13 16 78 45 57 30 24 65 74 97 36 74 23
47 15 98 42 47 29 99 11 92 21 78 89 24 95 11 30 37 60 13 0 68 91 28 3 9 42 68 13 31 24 92 95
70 93 88 50 85 8 93 61 55 25 15 86 36 7 44 19 11 15 78 25 15 16 51 92 7 90 8 13 11 51 3 82
7 60 83 51 21 41 86 96 85 59 9 63 47 29 82 29 99 31 57 89 77 64 95 100 64 32 21 6 100 3 86 12
49 99 100 30 15 46 5 74 9 40 43 7 72 63 25 60 43 79 13 21 89 49 47 91 9 27 23 8 46 82 86 64
99 43 2 13 62 36 98 26 35 29 96 92 92 72 31 79 92 24 45 5 78 7 13 88 21 75 36 98 90 77 64 14
70 30 94 85 10 19 44 93 42 97 23 45 86 34 55 15 39 75 41 6 0 31 79 67 19 74 38 20 2 87 84 42
94 4 28 69 85 82 6 3 42 85 36 94 50 62 90 46 17 79 57 59 71 81 97 48 61 89 96 55 68 39 5 11
81 60 55 16 11 17 58 54 51 67 31 85 86 50 1 73 2 57 72 46 87 31 1 91 64 1 21 51 93 31 12 71
59 99 55 88 54 53 92 28 98 53 5 36 74 44 31 38 65 74 7 62 24 30 12 53 3 68 3 70 15 51 78 94
74 90 40 38 5 8 88 79 42 24 2 97 1 88 20 4 88 97 16 13 3 98 6 72 56 20 98 44 6 9 25 61
88 80 15 20 37 25 100 62 25 22 41 80 0 84 29 67 31 86 54 69 35 2 23 98 31 0 93 98 99 3 93 100
30 43 10 20 20 51 61 74 6 55 3 29 4 4 22 100 98 39 9 91 48 74 75 15 80 77 48 94 4 38 41 47
46 43 4 19 42 85 6 76 61 13 97 50 61 24 35 5 57 21 59 78 94 94 32 92 16 92 41 96 7 51 3 81
47 99 45 42 68 12 21 30 73 43 77 65 72 99 30 79 78 63 99 64 99 13 32 40 57 58 52 28 70 23 43 57
30 14 72 20 24 81 12 1 67 87 80 10 24 3 44 16 22 26 79 7 10 34 90 60 49 89 12 26 93 11 47 18
81 0 82 38 52 88 86 95 52 66 80 68 23 24 65 7 78 47 69 48 2 27 18 49 99 49 89 36 92 13 58 85
9 66 59 87 62 41 16 45 2 6 47 80 95 12 49 2 58 33 46 55 67 81 82 65 60 72 2 45 32 77 67 92
80 39 89 34 13 53 24 13 36 87 27 79 34 15 28 75 98 77 89 28 87 24 84 78 32 46 2 2 96 45 10 84
74 77 24 20 52 11 62 20 68 81 24 6 100 29 100 84 87 2 61 81 26 70 78 68 93 15 27 64 2 17 26 6
39 68 48 61 87 14 84 41 47 99 5 38 15 88 14 49 19 60 80 9 98 49 21 94 53 90 45 0 61 47 61 56
23 48 54 62 92 43 48 60 21 3 57 32 39 54 26 37 87 29 85 32 84 46 84 26 93 22 93 84 19 76 83 96
14 22 98 76 71 0 67 84 3 56 61 3 48 87 100 42 39 11 27 32 50 55 46 34 89 64 97 32 18 45 16 19
31 53 60 94 1 63 88 18 9 26 50 14 70 23 88 65 79 38 22 62 86 27 63 66 78 40 25 66 23 84 60 37
23 94 58 73 22 35 96 90 5 0 20 62 30 95 88 73 83 8 87 18 57 31 84 3 33 28 15 20 86 51 42 97
99 37 83 94 39 14 57 52 18 69 86 2 24 21 1 21 98 27 61 52 8 54 50 87 4 76 100 3 86 48 89 86
64 86 12 76 11 68 41 64 1 36 38 81 13 14 89 16 5 77 77 52 59 51 52 29 76 69 43 87 24 56 7 27
4 67 85 18 38 10 8 51 70 60 23 5 63 77 16 78 37 27 93 66 31 20 55 25 94 10 45 4 3 39 37 12
18 6 26 1 20 74 74 76 66 87 23 90 92 49 15 97 0 60 89 5 73 5 87 27 2 70 15 84 94 86 88 0
58 46 83 21 100 10 0 54 82 77 44 67 73 0 80 61 75 83 49 51 84 18 85 74 63 99 88 16 20 39 1 58
92 46 54 20 37 5 69 68 92 8 0 67 64 59 25 87 94 67 49 40 100 30 0 21 65 60 58 36 60 84 40 86
92 67 94 81 10 65 35 22 87 55 15 55 92 54 77 10 4 93 15 41 79 49 43 6 39 58 56 96 39 86 19 86
12 17 31 22 22 40 81 7 54 9 65 4 26 23 6 20 55 13 87 9 56 73 41 37 84 59 49 34 50 28 36 27
71 55 58 87 94 12 14 19 91 7 28 63 91 25 47 0 82 11 41 59 37 14 21 49 40 64 52 48 4 90 98 21
71 73 67 23 49 44 87 89 67 60 85 3 82 2 92 8 81 36 3 79 86 57 41 14 79 64 39 68 52 32 90 25
93 82 4 24 69 78 82 46 50 97 17 59 6 88 14 44 14 39 77 27 37 87 64 4 58 87 66 83 42 46 7 39
21 7 53 1 79 40 42 66 27 76 66 21 89 22 52 29 90 22 63 21 26 85 16 24 46 17 8 6 36 25 26 20
36 55 55 20 13 97 35 65 30 72 70 62 57 32 72 30 53 81 68 27 55 7 16 63 78 49 55 48 64 71 66 80
51 23 56 40 65 34 63 54 63 8 43 100 9 25 36 6 29 95 44 7 8 75 28 14 99 10 21 65 82 16 14 64
58 79 64 12 52 89 32 60 70 16 91 32 99 0 1 37 24 74 28 20 68 7 65 99 10 45 44 13 100 10 35 66
82 67 41 10 18 11 61 94 64 9 98 63 34 80 17 82 33 16 8 91 13 65 50 63 22 21 87 4 68 75 40 77
89 42 16 1 68 19 81 72 89 28 10 61 49 23 27 61 13 36 8 90 78 63 25 89 27 87 90 23 18 82 7 13
1 83 13 90 94 36 67 47 76 15 49 89 12 5 22 25 2 90 52 13 90 13 94 4 36 87 94 47 29 84 29 40
29 59 15 56 64 18 99 73 36 25 9 10 67 81 74 97 23 43 85 89 61 60 77 67 74 57 81 100 8 85 84 6
45 81 58 52 96 95 73 47 64 93 76 2 63 79 12 56 25 49 59 23 63 86 48 32 59 15 25 51 52 97 31 59
49 21 65 37 23 41 25 31 100 21 17 65 32 16 54 98 50 61 56 90 36 81 95 15 8 77 48 72 65 56 91 64
5 66 1 57 54 29 37 92 81 91 85 71 24 59 0 36 47 27 11 33 69 41 14 36 40 18 10 34 6 84 94 81
7 34 100 75 51 25 17 15 45 11 55 78 48 48 39 86 24 45 99 36 23 66 88 41 85 90 46 15 59 33 53 12
52 99 42 42 63 69 6 66 4 4 4 55 56 95 30 14 34 23 35 69 29 86 58 17 73 89 7 35 66 57 22 66
24 38 71 39 11 43 24 56 27 14 13 28 69 63 65 46 42 7 31 13 88 51 95 85 54 21 83 78 98 91 43 46
54 69 53 97 13 25 25 64 70 53 64 27 48 65 86 56 68 71 91 73 78 78 47 95 71 22 57 37 82 0 41 20
1 49 57 31 51 98 84 75 92 31 70 96 94 78 30 36 58 62 31 52 17 78 81 16 83 9 64 35 55 97 8 72
96 47 65 73 61 16 30 51 92 40 33 53 69 94 85 29 80 28 57 6 93 33 79 47 55 16 33 15 93 37 97 13
2 90 89 65 56 86 65 95 7 13 56 41 59 46 97 89 44 55 51 0 40 23 9 62 32 10 28 22 55 46 75 81
34 23 65 94 5 23 95 1 85 96 97 4 76 50 92 82 25 74 41 4 26 7 56 46 20 69 16 15 6 75 67 29
43 27 100 80 74 66 10 25 95 67 51 28 64 78 4 45 15 67 20 24 51 73 11 69 54 13 91 41 75 85 12 65
73 0 8 87 84 84 45 5 46 46 70 84 94 6 47 63 76 26 7 95 63 44 87 52 92 40 60 98 3 85 6 49
86 0 50 76 58 26 71 40 97 8 6 26 14 72 72 83 39 16 46 84 51 73 67 84 95 90 9 64 1 27 67 88
22 71 13 59 9 55 16 96 61 38 75 41 32 29 30 5 50 13 86 83 84 8 30 65 64 72 100 44 7 11 70 8
80 61 84 6 68 50 67 68 68 27 15 67 45 82 28 14 59 77 95 28 61 38 36 13 22 5 50 60 98 85 76 58
82 22 57 47 45 17 67 45 37 79 5 100 61 20 87 99 4 57 18 56 54 97 47 15 7 76 86 97 91 21 28 67
55 49 67 84 32 68 97 54 3 49 55 29 90 29 91 19 77 19 47 9 66 85 26 7 92 96 26 75 83 20 19 43
74 15 75 31 94 91 31 40 30 87 38 8 52 81 1 20 66 12 77 32 54 20 24 66 23 86 10 68 68 63 54 53
4 100 36 25 39 44 31 50 28 18 58 6 51 56 53 30 38 90 32 90 93 91 15 51 97 63 91 34 64 52 51 72
85 42 18 51 73 34 27 54 53 45 63 27 31 46 87 42 57 41 28 26 89 49 21 13 21 49 90 15 72 97 48 46
95 7 35 40 65 45 79 96 21 33 65 95 44 54 9 8 8 1 79 77 54 17 50 65 86 8 82 21 44 72 61 48
41 59 35 49 11 0 32 57 30 5 42 16 51 95 78 85 8 57 10 37 88 18 95 78 74 58 39 32 25 79 69 28
46 68 59 61 0 21 25 89 52 53 91 95 10 87 95 27 92 34 68 63 14 6 59 70 27 5 21 80 1 83 45 55
7 82 96 48 74 31 67 66 6 51 50 9 34 89 76 100 60 2 10 3 58 55 43 19 67 53 86 62 67 21 92 50
84 37 98 65 28 77 49 21 42 39 12 99 89 10 27 46 27 18 16 73 4 25 17 48 4 0 25 67 86 53 28 10
47 18 5 11 13 98 3 0 73 53 84 88 94 96 26 44 34 86 69 46 42 22 71 83 46 36 13 79 36 51 10 36
9 77 28 78 82 58 23 17 43 89 25 71 89 26 27 85 88 66 83 43 69 82 49 97 72 39 39 61 100 15 47 32
70 31 73 74 85 8 50 17 93 0 60 78 40 39 73 85 93 40 52 66 71 61 53 82 67 42 44 14 93 59 42 5
93 62 29 66 53 22 65 67 41 35 7 43 39 71 14 47 16 15 67 62 23 78 14 65 93 21 60 3 92 21 98 71
86 72 42 82 55 78 6 13 10 99 97 58 59 76 53 7 31 49 72 39 2 99 39 38 16 81 24 81 15 48 4 65
61 41 65 54 91 65 51 22 54 31 21 4 15 54 11 76 74 20 4 9 88 1 26 4 30 63 59 78 100 73 29 38
28 77 76 37 7 10 33 64 67 89 19 50 76 57 1 36 27 69 42 9 6 43 58 14 99 24 13 38 86 27 35 3
37 95 8 92 74 50 40 28 31 36 99 81 7 50 6 3 29 3 9 99 33 3 46 56 39 90 4 85 18 83 5 88
52 28 12 43 28 76 94 17 64 67 19 90 75 12 36 74 87 75 63 16 59 41 69 62 61 77 45 78 46 92 9 2
89 96 81 62 24 59 78 58 44 87 29 26 80 54 96 38 71 63 29 96 95 71 4 74 15 92 54 10 59 79 69 46
13 26 37 20 2 56 89 59 80 76 29 75 24 16 47 17 52 88 30 55 44 45 32 29 38 7 6 50 87 76 22 54
29 45 98 6 43 27 18 10 57 96 24 88 61 21 85 63 48 25 31 20 47 35 9 47 42 12 21 80 45 31 63 7
17 56 41 73 29 32 76 51 11 80 78 1 17 4 25 74 85 25 47 85 80 12 18 48 85 32 30 11 8 87 14 3
9 60 59 71 46 23 94 98 85 63 55 35 13 4 89 61 22 4 50 12 10 81 53 61 89 35 3 65 49 0 41 33
39 61 24 35 30 85 51 23 30 69 24 23 29 18 8 67 40 89 40 75 88 93 57 50 79 58 58 5 44 97 31 5
38 46 66 11 10 85 28 47 94 93 1 67 40 86 42 89 95 1 62 43 3 37 62 61 47 55 68 93 21 100 15 70
71 23 4 12 48 3 82 5 86 52 71 62 45 24 48 34 57 43 22 80 29 66 42 81 61 27 65 13 6 77 92 86
83 44 19 41 79 39 18 25 55 58 17 25 61 42 69 97 63 30 16 5 94 94 18 49 11 37 97 96 35 30 15 50
47 80 39 43 67 24 75 54 61 42 69 50 17 23 85 19 74 65 90 34 10 94 99 84 28 52 2 54 67 9 32 58
73 11 44 47 31 36 27 49 17 52 14 20 93 79 86 36 78 81 32 18 65 28 66 1 13 14 88 93 24 68 93 52
67 51 47 8 19 85 61 56 97 74 48 39 26 86 96 25 76 42 62 29 92 17 87 37 67 20 69 14 82 75 0 78
97 36 14 65 56 97 81 94 40 75 34 52 12 61 52 85 17 57 52 66 56 16 87 60 48 49 35 18 53 22 68 73
82 47 60 86 68 11 79 40 59 31 49 46 78 37 8 43 59 60 100 62 93 5 57 61 62 18 84 67 62 100 25 32
20 54 46 83 32 92 51 67 61 66 99 100 90 42 11 27 65 3 22 49 86 21 38 58 5 97 90 37 57 34 50 10
73 96 78 56 55 29 62 26 41 54 87 78 45 63 5 87 55 37 95 19 69 65 50 55 26 2 40 81 74 7 28 56
60 59 8 3 80 98 28 87 41 24 78 1 54 94 14 38 22 59 9 49 27 60 50 73 56 38 28 26 84 38 95 94
80 75 4 40 40 47 77 37 5 73 64 21 52 43 88 88 39 69 62 76 81 71 93 5 99 71 73 26 60 97 59 31
47 71 79 46 43 7 22 3 16 62 91 58 59 41 90 34 18 75 83 29 82 36 84 46 4 52 43 7 34 61 11 88
5 62 100 42 75 84 67 71 3 29 30 41 37 62 62 9 71 62 6 76 2 5 20 57 5 49 36 73 43 46 70 60
45 26 11 56 39 18 58 95 1 10 65 68 32 60 29 6 11 16 45 91 55 13 56 34 61 77 24 4 71 31 57 78
67 2 7 64 18 82 92 40 5 89 53 78 89 47 98 49 66 54 86 77 68 3 58 96 38 0 23 11 66 80 6 7
60 44 26 67 70 98 8 32 80 94 67 11 18 41 30 82 97 26 12 54 36 14 46 59 38 38 46 77 80 79 19 64
82 33 40 67 41 4 79 99 50 37 63 3 65 16 52 61 26 23 57 74 54 73 52 30 49 27 23 72 8 72 7 31
64 40 79 68 95 50 37 18 16 52 32 70 82 98 28 95 46 66 61 70 61 16 36 49 9 51 27 58 3 91 53 44
12 15 78 51 78 11 27 73 92 92 59 17 38 38 75 27 35 96 60 80 11 12 66 26 35 52 45 100 89 82 90 67
4 8 17 28 2 65 49 43 29 25 1 51 76 27 66 42 98 22 66 29 32 73 62 49 1 47 0 57 37 47 8 15
76 77 82 66 43 87 63 31 7 94 98 66 31 50 80 2 93 57 69 10 54 64 68 22 48 37 55 30 25 23 86 74
6 54 49 84 26 94 92 21 26 87 72 98 85 69 94 32 29 49 99 64 45 46 98 25 37 4 68 15 99 44 55 63
53 19 80 97 88 79 20 18 100 68 46 68 74 81 9 75 63 39 11 96 33 95 33 66 56 78 40 49 97 46 6 75
63 85 14 13 99 91 15 99 68 94 42 54 89 75 63 19 4 16 38 31 4 15 45 91 58 54 70 19 3 11 13 10
87 59 6 20 39 47 76 4 6 58 68 28 41 84 63 95 8 94 3 16 19 10 7 17 98 84 59 75 13 25 87 87
22 7 93 51 32 0 40 45 45 85 15 89 56 78 39 23 77 60 81 61 22 8 86 60 39 59 60 29 92 48 96 7
34 69 82 33 65 7 54 92 61 36 19 49 12 90 21 45 61 44 72 79 85 26 42 93 77 37 47 7 23 76 42 27
55 68 84 87 91 77 9 25 57 9 68 10 3 86 71 3 5 36 83 13 63 70 72 80 20 13 5 27 15 41 44 70
36 51 37 47 29 49 9 6 77 12 71 24 44 37 21 90 62 59 91 52 92 39 11 83 26 83 75 57 55 50 77 57
64 57 72 65 27 16 52 94 60 23 45 25 27 64 55 96 50 9 46 2 47 85 39 46 49 21 26 65 14 31 99 23
95 10 100 42 82 93 82 3 88 83 23 17 33 90 20 95 9 49 57 77 39 0 9 90 74 19 8 51 79 46 39 86
64 8 98 57 10 99 27 45 10 2 5 85 84 82 47 7 84 21 40 86 79 29 37 99 16 8 84 82 17 3 7 25
17 71 24 31 87 78 85 91 51 2 45 36 20 37 37 0 79 70 28 34 88 73 41 24 97 32 64 74 97 27 73 86
5 60 31 8 81 99 66 61 35 45 81 93 77 46 48 19 72 55 66 18 51 24 19 4 70 16 15 37 16 20 94 80
92 26 88 3 52 32 37 83 44 33 9 6 84 54 77 92 82 94 53 66 35 98 19 76 98 31 20 3 90 71 46 64
57 64 70 34 68 30 37 75 32 14 16 30 39 93 56 78 99 83 66 88 64 57 99 39 79 8 88 56 49 97 87 5
74 18 45 58 7 16 81 38 59 97 54 91 36 99 23 13 79 61 30 0 46 16 91 69 14 4 43 15 96 88 75 63
98 5 84 5 9 80 96 2 77 1 22 59 5 34 86 48 16 63 9 95 33 75 60 93 35 7 22 61 30 5 93 48
93 16 20 34 98 49 72 3 84 3 85 16 10 12 42 47 9 91 8 56 27 83 25 98 98 68 65 21 49 82 8 35
5 46 35 93 55 73 48 93 64 45 68 42 94 55 82 10 52 19 24 7 7 77 84 3 80 22 3 87 0 22 43 99
90 53 35 75 92 47 59 38 13 35 51 10 22 78 67 17 87 82 67 76 31 65 55 28 72 10 100 43 66 5 70 58
38 43 98 93 47 23 49 77 17 17 59 13 10 31 35 14 100 5 26 50 43 13 73 59 96 57 46 22 36 10 93 97
56 2 93 69 1 71 79 4 41 99 25 62 76 5 24 7 0 1 59 77 93 32 16 12 76 14 71 66 68 36 86 16
4 5 40 22 89 58 74 16 61 24 94 75 76 96 7 2 95 37 6 80 62 0 27 21 87 29 24 4 91 38 71 37
85 45 34 24 59 91 1 71 40 87 66 38 54 12 17 13 88 11 71 85 64 7 41 87 53 60 23 97 94 89 63 10
18 95 76 27 59 59 39 12 42 70 42 15 44 33 19 90 75 1 34 31 43 17 50 7 85 23 52 30 65 15 88 1
57 3 8 40 96 44 11 25 59 5 31 41 60 25 71 81 68 25 96 10 18 94 6 1 71 3 83 62 96 25 74 39
74 15 35 44 70 85 84 58 66 37 2 87 95 43 20 1 20 53 22 48 42 6 18 4 1 78 7 83 90 70 98 37
35 100 26 37 7 73 30 80 20 44 99 45 82 74 64 94 35 18 72 100 6 40 66 61 54 6 59 68 57 57 68 7
47 9 78 26 27 34 44 5 30 38 98 66 6 70 57 19 54 92 32 57 89 74 27 12 76 46 86 69 2 72 87 12
43 61 4 100 17 40 90 97 49 24 12 87 64 58 76 93 6 98 22 37 63 94 63 92 47 15 99 46 95 9 41 8
48 6 29 5 83 77 89 14 67 9 82 17 34 60 78 92 23 20 0 51 19 11 5 92 5 13 42 13 52 16 69 70
82 15 10 7 82 80 59 91 20 13 97 96 37 61 54 87 85 24 74 6 51 95 50 1 78 60 72 55 35 88 4 36
52 77 31 69 21 1 82 100 72 36 8 83 42 3 36 89 87 18 78 9 25 46 36 66 54 80 95 99 93 27 42 7
58 64 91 13 4 93 80 71 19 42 76 49 57 23 11 5 84 73 10 45 86 24 36 27 65 71 24 13 86 70 81 95
89 4 41 48 66 66 48 11 85 47 79 70 54 13 75 83 72 47 52 25 63 6 24 51 84 82 23 44 18 95 15 2
78 72 7 28 60 94 56 8 36 23 99 2 96 40 88 95 8 88 29 34 22 76 67 48 93 24 16 94 52 49 60 63
31 33 57 0 84 24 66 68 20 14 14 13 28 79 24 37 72 41 37 39 27 87 74 34 13 32 27 64 91 79 17 11
61 25 90 61 45 68 44 40 66 41 72 84 77 81 92 37 85 23 38 38 59 86 91 39 96 88 50 71 93 33 85 15
22 7 50 16 18 3 77 44 30 1 8 52 1 53 65 54 39 56 38 32 23 74 64 99 5 29 53 67 74 46 43 81
2 6 89 31 82 81 89 29 69 25 72 93 11 46 74 62 69 82 67 43 11 81 89 23 53 72 40 2 30 86 32 47
43 69 89 76 12 45 42 30 25 79 45 2 15 83 84 94 35 34 10 17 83 74 94 15 73 54 17 33 48 8 78 94
61 56 92 59 76 47 51 28 6 83 85 54 50 92 80 81 99 52 15 23 22 5 78 65 31 19 6 70 61 80 27 65
19 99 92 6 16 2 69 31 89 20 13 61 46 4 64 87 87 48 7 1 2 65 28 72 98 21 8 64 57 36 71 47
11 32 71 37 7 34 85 100 65 68 57 48 42 45 41 68 90 95 65 98 80 83 85 7 21 35 6 98 8 0 2 80
76 26 69 59 17 45 73 96 98 44 66 79 2 78 81 43 66 82 53 63 19 75 46 27 40 79 4 1 27 80 68 11
49 51 48 33 21 8 20 50 23 35 89 55 51 94 88 44 82 61 57 25 65 82 2 18 47 89 47 54 61 23 97 95
34 38 41 40 88 31 84 19 65 5 87 5 70 31 34 22 99 76 38 99 51 70 67 2 85 71 21 70 4 94 84 50
93 15 10 36 50 39 83 23 9 6 49 72 45 69 15 35 74 75 61 19 12 28 39 2 14 36 47 56 64 24 70 20
11 48 94 90 2 48 16 83 87 14 14 85 32 11 64 33 11 52 50 38 52 73 62 75 34 34 81 66 50 36 97 76
40 89 53 82 3 58 69 51 41 29 59 27 19 67 13 44 69 63 13 9 10 60 44 65 100 71 67 56 95 70 14 91
56 34 8 39 31 12 7 3 55 100 74 84 5 46 44 56 30 61 77 79 60 59 91 9 89 29 55 40 38 73 42 41
76 88 74 52 27 10 48 45 94 35 61 10 81 57 70 9 35 93 58 92 38 81 47 44 57 4 73 95 85 89 48 95
84 10 9 65 21 41 58 72 43 55 16 72 22 24 31 80 68 67 8 55 43 99 96 86 19 8 28 0 90 39 46 21
30 57 47 47 34 90 49 20 78 81 9 90 75 62 92 62 57 23 89 87 25 62 5 30 30 82 49 31 61 44 17 35
16 37 32 9 3 26 93 59 30 25 28 6 82 39 25 62 25 2 7 14 58 48 93 35 14 30 7 72 92 8 38 67
96 41 38 49 41 56 95 48 65 27 50 74 45 94 91 48 23 41 82 13 19 26 75 22 24 61 20 50 71 16 45 81
61 31 28 23 74 9 38 82 68 35 15 93 65 88 42 87 80 3 87 37 75 72 38 62 17 55 41 59 89 75 34 82
68 52 11 82 49 7 91 71 100 95 17 61 11 42 55 22 12 75 2 68 61 97 73 28 4 94 16 2 65 93 81 33
35 26 52 65 0 73 86 7 56 34 77 17 2 13 98 13 65 52 62 23 92 7 56 98 4 89 33 59 52 33 75 94
31 3 52 10 24 95 73 52 50 64 36 40 91 37 78 5 43 95 43 35 54 48 75 35 35 59 31 63 44 17 18 87
68 16 38 18 54 45 5 77 16 44 100 0 7 83 32 42 20 2 85 87 84 23 49 92 28 39 72 15 16 40 35 50
29 60 96 85 74 28 96 24 80 55 27 7 39 68 9 33 53 51 64 68 26 94 15 39 19 20 78 44 6 79 27 64
82 44 96 42 19 37 15 2 93 27 6 4 88 54 82 46 74 98 16 68 48 77 84 40 69 61 63 92 30 24 84 71
58 57 54 35 100 65 88 17 87 7 53 14 89 52 43 50 43 98 11 36 9 63 61 36 95 13 61 30 56 24 91 69
64 4 51 87 46 61 18 39 31 47 92 73 43 21 14 71 5 55 89 75 79 26 89 62 99 52 40 19 28 42 76 92
96 56 30 37 47 91 62 7 63 32 74 53 84 49 29 68 68 97 22 94 67 42 89 7 99 36 98 84 71 24 59 79
88 29 65 18 32 55 46 13 28 99 6 43 19 99 4 70 25 63 27 5 96 51 28 98 10 55 3 89 70 79 94 37
50 41 75 82 37 19 15 58 38 49 7 44 26 23 6 97 52 85 32 63 58 29 38 52 72 29 4 94 80 3 67 39
43 14 50 84 53 25 34 89 1 9 91 42 40 68 44 33 64 45 91 15 55 30 29 1 29 81 9 79 75 54 60 25
97 20 69 55 58 13 91 0 37 28 58 26 57 5 41 19 23 57 14 82 26 11 37 79 36 70 10 22 59 90 91 49
46 29 91 98 83 72 20 56 47 0 78 14 59 38 10 50 45 98 30 14 1 6 5 42 12 27 94 43 80 12 12 71
25 90 100 20 84 40 59 87 47 42 62 88 63 83 40 78 27 55 37 88 40 57 48 10 48 75 96 47 56 89 37 57
65 75 96 56 54 65 23 30 19 70 4 47 96 95 14 22 22 36 76 32 71 91 94 91 98 10 100 67 25 61 88 80
39 51 51 81 95 64 67 86 73 39 80 24 17 65 54 37 82 43 29 90 77 60 41 81 34 71 69 74 9 10 13 2
0 32 75 47 64 9 75 6 17 11 47 67 52 13 54 27 6 44 32 59 44 2 55 22 91 96 0 83 62 4 91 19
5 12 93 37 36 50 72 51 0 80 7 22 19 76 12 32 37 8 27 36 2 28 36 79 19 9 20 97 7 51 79 13
34 58 32 4 60 60 71 26 5 67 25 93 70 15 39 76 2 98 25 65 47 3 97 34 10 83 19 51 64 96 19 77
4 35 57 76 23 80 43 77 0 24 26 96 65 48 77 96 65 62 3 27 1 42 26 27 37 9 51 57 43 39 33 93
49 6 25 81 80 61 70 4 16 30 96 63 89 62 91 75 20 49 90 40 52 39 95 58 67 87 54 24 2 11 39 36
30 16 60 19 5 54 78 84 4 92 1 62 80 82 82 42 77 88 51 95 75 35 15 70 51 1 0 92 79 76 84 99
11 42 98 36 94 15 98 70 49 4 71 0 62 97 21 86 3 40 60 77 51 66 87 14 71 72 72 71 35 36 6 97
54 14 94 27 3 55 34 21 16 51 93 3 64 40 4 53 44 58 25 14 16 100 20 8 48 80 79 94 11 61 45 75
77 93 59 70 33 88 29 2 15 12 47 27 45 64 85 4 7 26 86 76 15 81 62 12 88 8 50 1 43 87 98 15
25 7 95 91 23 88 88 24 56 14 51 56 6 29 35 72 94 15 81 42 8 17 60 34 15 85 85 33 6 69 100 11
4 35 22 88 52 28 55 72 90 75 52 64 27 49 28 85 52 93 90 27 61 84 26 15 18 39 7 6 87 13 89 13
98 100 6 33 15 22 72 92 32 90 5 38 88 15 35 22 30 39 65 62 57 31 82 39 21 9 12 60 46 59 66 32
69 81 20 26 36 10 94 96 67 82 65 4 44 50 25 52 81 78 50 88 25 76 39 45 98 1 8 32 89 9 94 16
22 25 51 41 1 46 78 25 0 65 73 46 93 96 70 99 5 65 11 19 97 52 22 67 62 43 89 43 87 57 32 62
52 27 29 70 14 83 79 22 44 68 54 91 34 12 76 88 81 36 84 63 99 22 72 100 4 37 35 83 96 34 95 62
30 22 72 7 78 60 66 27 38 32 44 82 20 57 75 63 44 82 78 37 81 3 37 32 48 88 56 34 85 52 69 15
70 27 97 50 28 23 3 2 82 73 44 79 49 27 71 2 62 70 61 34 55 16 75 52 5 32 71 70 34 16 95 12
32 90 54 85 66 9 95 49 81 66 53 6 36 18 60 19 40 78 24 79 76 15 5 33 35 92 86 79 50 25 80 99
20 56 64 100 43 68 75 17 7 66 43 84 12 4 66 78 67 48 26 85 32 68 73 48 18 46 12 25 18 52 34 99
72 91 53 41 5 24 78 87 53 88 16 46 6 79 88 15 64 100 2 2 35 26 43 29 91 31 66 6 37 29 42 15
65 63 34 92 87 2 59 89 84 59 58 60 41 98 4 24 10 78 63 51 5 70 40 12 78 27 76 2 73 89 34 63
15 18 67 24 26 43 49 82 46 1 43 69 99 68 50 43 76 11 92 62 100 0 90 2 8 49 4 73 5 60 0 96
95 57 63 37 60 4 72 97 38 74 63 5 89 32 26 9 80 40 84 53 80 90 57 29 11 67 91 7 98 14 10 67
74 41 16 33 43 12 40 48 0 66 3 80 42 81 12 97 38 32 60 48 79 94 57 8 92 39 20 70 20 97 35 44
37 56 6 47 38 66 98 18 61 83 63 75 56 46 0 87 95 41 55 90 63 40 71 87 95 69 48 36 48 49 81 25
19 82 57 32 87 21 44 51 85 24 45 85 26 63 0 64 62 97 24 36 17 61 72 26 43 73 53 78 44 50 33 28
50 38 63 19 37 4 12 35 70 22 90 66 0 12 94 36 71 83 71 81 29 6 90 27 43 43 35 46 76 37 41 43
68 23 23 3 67 23 57 89 7 97 6 65 77 38 12 25 100 27 34 6 40 13 78 90 53 57 32 23 72 12 1 35
81 70 49 44 39 69 79 94 98 86 75 65 58 64 14 12 35 21 64 14 27 64 76 25 5 92 34 75 43 13 34 94
29 56 10 73 41 84 82 76 27 76 77 22 36 16 46 36 71 82 86 75 55 80 71 99 4 71 51 17 21 60 33 23
24 61 55 99 46 49 79 22 0 71 45 47 37 74 20 78 7 85 15 48 24 10 71 38 91 56 58 47 85 49 20 41
71 64 61 53 93 65 67 52 30 19 76 79 98 61 92 74 17 59 54 79 96 83 32 73 52 14 90 37 23 77 54 39
95 56 15 48 16 41 24 70 22 41 10 25 46 41 53 63 10 63 79 13 11 75 47 16 97 82 36 12 73 31 42 62
76 14 42 46 39 52 51 88 86 23 73 67 48 78 63 84 21 78 34 22 33 53 49 48 0 71 13 69 68 88 21 0
44 16 1 48 13 32 82 34 15 81 67 40 79 0 41 65 18 79 26 59 95 39 24 75 65 9 38 39 26 45 51 70
55 1 53 10 55 98 4 16 68 72 49 67 77 13 55 65 60 23 4 73 38 66 46 10 82 95 97 48 86 35 16 88
98 92 4 24 79 91 51 24 41 1 17 84 55 42 14 41 51 28 0 13 96 54 18 20 58 20 28 99 56 26 2 70
37 11 87 42 36 55 44 83 14 90 24 25 40 45 71 78 27 2 25 16 27 77 58 3 12 50 59 44 35 55 37 61
74 78 27 88 67 74 20 58 46 60 84 47 36 98 44 33 17 94 9 93 20 9 4 7 22 52 39 8 19 28 34 88
60 73 31 24 52 53 0 91 3 75 50 55 90 71 4 35 95 33 28 16 52 18 84 59 35 96 82 59 58 85 58 81
90 10 73 62 51 19 79 47 99 30 25 28 72 33 21 36 91 9 25 30 29 10 28 56 90 54 83 60 10 44 10 94
59 79 77 75 78 14 52 92 79 15 9 80 76 78 17 93 60 33 80 82 96 20 71 82 25 95 7 98 28 8 80 38
5 2 0 88 40 87 31 5 60 98 76 12 77 83 29 13 68 11 71 67 18 32 64 51 80 39 3 29 93 7 51 80
50 92 57 10 7 23 56 54 94 23 17 26 67 74 70 78 82 59 70 84 69 39 5 16 18 86 40 11 35 19 32 1
65 8 42 57 56 77 77 86 40 7 25 84 63 43 4 68 3 68 52 48 93 31 44 39 35 7 97 81 34 55 17 9
98 76 94 88 64 59 67 77 21 75 96 34 11 78 84 13 67 67 23 35 97 33 18 11 1 32 98 7 54 43 75 35
70 43 65 89 3 38 88 10 7 80 84 79 71 11 0 15 10 13 16 62 59 44 12 98 35 28 48 97 55 60 11 98
65 58 50 89 49 36 19 23 80 42 29 82 73 61 80 46 87 11 17 59 71 48 56 80 21 82 38 17 60 98 80 16
68 89 26 25 51 8 74 79 18 99 73 46 69 26 55 16 2 12 52 58 79 14 72 62 22 34 41 77 58 3 55 12
0 61 28 68 96 31 9 61 99 24 60 66 72 96 24 7 61 14 40 60 19 25 69 23 85 10 94 25 5 61 72 90
16 1 3 45 40 76 53 31 74 48 38 49 24 24 60 82 84 20 34 76 18 87 78 26 87 93 51 39 20 50 38 46
26 21 16 75 28 73 30 65 78 50 76 90 4 37 83 19 86 75 59 45 60 47 48 39 8 64 69 70 70 55 79 27
54 51 82 27 66 94 0 52 71 39 78 56 88 6 37 98 7 32 39 42 96 82 13 77 85 2 15 67 53 28 8 8
14 29 60 66 91 20 20 55 95 79 86 78 92 41 81 21 15 55 60 64 25 69 34 4 72 39 88 53 79 19 20 47
37 86 98 91 8 73 97 80 4 37 17 91 90 37 34 44 58 68 42 38 2 22 43 81 63 75 51 52 82 60 83 69
13 67 10 93 66 55 79 26 80 67 55 30 20 2 52 89 10 87 46 92 87 80 75 2 61 86 5 34 40 80 47 71
70 92 74 82 3 41 36 53 22 94 98 22 95 51 13 80 67 82 11 23 98 34 6 97 3 53 50 5 12 15 37 10
25 46 19 68 29 34 91 36 16 71 37 64 38 11 36 27 76 43 16 98 55 92 89 33 27 14 57 44 0 89 88 46
48 43 95 40 86 43 69 32 25 98 16 71 88 20 32 45 78 19 20 35 82 13 47 31 46 86 66 23 5 27 32 41
85 36 93 54 82 88 100 1 43 32 83 60 29 100 78 60 66 40 15 83 43 65 20 84 37 13 84 47 66 30 82 63
22 1 29 58 61 27 49 1 63 46 58 88 5 78 96 45 21 79 95 72 84 8 38 20 10 43 22 65 28 24 10 39
87 47 62 93 37 69 93 55 91 2 33 48 12 23 54 80 65 19 38 6 14 40 20 98 97 2 59 63 8 7 93 53
34 50 47 82 78 78 88 33 86 3 0 8 45 76 75 16 30 53 80 33 8 17 36 87 2 81 66 75 73 62 51 98
30 48 70 48 20 77 100 19 16 25 20 14 60 52 51 20 85 2 73 31 89 30 9 35 60 82 76 19 1 39 42 43
66 52 76 43 61 37 31 35 57 94 8 7 35 68 61 4 38 58 51 7 82 95 62 20 27 21 29 71 86 98 47 95
96 34 79 77 92 88 32 56 54 92 6 59 0 7 59 6 4 72 26 11 48 69 60 73 56 54 46 13 58 84 66 60
25 5 79 100 4 80 43 97 10 90 76 55 50 81 100 46 100 88 89 81 59 19 87 81 21 23 84 51 61 13 30 31
64 16 71 5 65 33 96 45 67 43 17 74 24 48 66 38 93 70 23 82 64 20 46 22 16 45 22 92 23 2 60 52
0 99 76 43 6 54 58 10 96 56 38 34 69 33 61 47 96 55 49 79 61 95 87 27 87 74 47 94 27 14 57 97
44 10 35 39 16 35 67 33 5 39 45 48 81 62 94 91 18 28 85 90 17 78 56 0 44 58 71 30 30 86 21 30
81 2 97 66 33 1 62 6 78 25 57 42 87 15 28 88 55 53 67 9 21 89 25 81 87 72 81 62 80 24 48 61
98 43 91 96 13 61 93 93 1 86 15 55 88 72 81 65 17 20 34 37 40 60 51 17 5 64 79 31 40 57 39 7
28 63 78 54 97 62 79 10 44 91 60 92 66 76 68 88 7 84 48 46 89 97 97 51 30 14 35 37 37 97 64 11
95 52 0 92 100 29 76 12 98 92 13 34 51 56 59 75 86 76 57 50 54 51 63 100 29 40 53 99 13 30 28 86
30 76 52 12 46 93 91 13 36 65 59 85 68 31 75 19 46 26 83 65 3 100 42 41 67 61 41 91 56 16 26 37
0 17 54 81 31 75 65 17 82 35 15 7 44 28 41 82 7 41 74 14 69 64 88 60 89 4 34 57 86 6 32 99
75 21 87 21 14 9 46 95 41 54 10 47 62 88 10 61 74 22 61 68 99 71 8 27 62 29 3 65 99 81 63 44
37 2 47 42 44 99 58 75 67 31 23 82 35 29 76 24 10 31 18 36 5 52 41 34 88 31 15 63 23 83 44 54
4 0 8 42 94 72 58 95 52 67 2 96 15 7 79 6 92 43 59 71 24 45 35 29 53 85 54 29 87 99 93 82
63 78 90 5 96 12 14 24 63 68 43 39 41 47 90 29 47 24 18 57 88 24 39 6 98 2 9 25 41 79 16 85
42 0 78 66 6 60 25 7 34 2 49 70 56 77 2 77 52 51 92 38 98 38 100 22 42 31 21 78 23 57 33 55
40 47 24 91 20 29 45 94 86 77 35 77 33 86 75 25 8 94 52 0 3 42 8 98 93 69 32 16 41 37 93 76
91 83 59 63 73 62 87 5 91 87 41 4 17 66 1 20 66 86 70 26 97 17 82 41 97 44 2 99 15 1 63 2
92 26 52 32 35 26 83 83 4 47 1 86 28 23 61 35 26 68 27 11 31 85 44 73 64 92 52 37 7 49 47 7
26 44 75 1 6 41 47 45 80 51 59 8 9 63 12 20 51 57 44 7 35 43 88 69 31 66 19 65 47 30 92 80
29 54 94 28 97 4 34 52 52 2 65 82 59 90 82 10 41 57 0 12 63 17 68 34 86 58 54 18 39 26 62 77
70 83 10 36 12 63 83 2 57 12 80 51 48 17 96 12 11 92 72 1 69 78 60 29 8 5 81 22 15 11 77 4
78 45 66 81 51 52 31 21 2 11 66 9 0 28 26 56 33 80 53 64 72 80 85 53 9 17 56 55 47 22 94 58
87 55 29 63 12 14 3 7 2 47 55 92 67 68 80 77 31 97 37 95 3 97 39 81 100 61 61 84 99 54 65 92
97 64 36 78 24 72 52 33 1 6 23 20 91 90 5 15 78 40 16 54 51 14 74 49 28 45 46 26 10 25 81 44
79 16 19 94 8 86 40 96 54 51 65 61 14 38 73 39 45 82 47 27 98 88 88 33 70 70 47 52 57 69 10 38
57 44 32 3 62 5 34 77 52 90 17 13 8 33 12 7 61 48 69 48 11 20 33 95 15 32 12 25 13 70 22 45
58 47 52 51 90 45 21 53 8 7 83 42 72 68 21 35 2 69 95 1 100 100 62 43 31 95 67 89 96 11 47 33
42 30 40 36 74 43 12 59 62 20 77 55 85 35 91 90 47 39 78 70 87 73 67 41 63 49 21 23 47 79 1 100
71 50 78 29 47 89 29 59 59 14 19 100 40 85 15 32 92 60 2 20 82 12 81 31 81 91 43 21 73 81 8 66
22 82 53 79 69 23 73 67 98 37 100 11 4 19 14 99 33 18 1 10 100 38 95 86 91 45 92 91 55 72 0 46
0 56 11 49 33 48 71 78 45 70 11 27 68 24 19 56 89 92 38 74 91 24 86 43 100 55 29 5 95 20 54 17
80 68 57 2 94 93 94 11 68 39 77 63 60 90 39 92 53 6 20 21 24 75 16 12 55 33 38 3 40 57 37 43
26 23 54 3 57 97 80 84 76 8 75 69 6 24 37 60 58 34 76 30 83 86 86 17 49 80 77 44 37 4 27 40
18 88 56 14 54 59 22 13 41 86 82 49 4 58 10 62 12 63 89 50 46 0 49 7 29 10 85 66 57 59 86 1
70 100 89 21 74 60 11 55 78 73 20 30 74 8 35 73 13 36 78 85 77 28 74 14 99 66 33 24 60 45 32 89
5 3 23 91 1 44 30 32 39 25 77 13 30 24 51 78 55 36 30 16 76 92 70 78 99 59 77 83 62 80 79 38
