215 132
15 39 62 13 38 43 61 36 28 18 96 66 20 37 82 9 56 69 47 90 1 47 61 82 22 9 32 43 43 66 82 94 12 76 9 73 38 46 69 39 99 64 69 91 45 61 24 4 51 28 17 65 38 84 44 80 52 19 89 26 77 4 21 76 83 89 43 52 86 72 2 58 51 69 83 91 94 73 51 78 41 74 10 0 7 50 96 98 32 42 30 50 3 31 80 29 98 14 9 10 26 12 15 63 95 29 39 64 59 42 19 100 46 42 72 35 10 72 23 6 48 27 50 77 15 39 32 36 34 21 6 22 85 15 54 47 69 70 87 68 58 82 29 30 63 1 72 57 30 94 65 24 78 51 5 81 3 66 61 58 63 26 26 31 86 90 83 25 5 100 81 10 50 37 6 57 69 71 75 23 62 90 29 94 32 44 62 60 66 10 33 48 2 59 98 8 43 96 40 43 32 60 2 89 45 91 7 25 87 7 1 16 47 96 86
91 93 54 31 65 65 31 27 40 59 25 26 30 45 82 24 19 21 39 84 34 81 69 85 93 31 92 57 36 38 29 75 37 73 12 80 36 14 24 61 38 27 17 61 69 53 26 24 11 26 55 92 7 9 98 61 59 64 18 45 81 23 20 44 18 72 34 4 55 43 25 16 41 66 49 61 75 47 19 43 94 25 51 92 39 39 13 87 48 72 39 68 36 1 59 58 89 8 39 89 59 6 70 92 40 1 43 52 40 78 27 13 76 8 72 3 91 92 15 66 29 27 59 59 20 73 20 97 68 69 100 45 84 59 94 25 80 8 70 89 32 38 93 82 37 69 96 97 16 66 41 7 27 93 47 79 66 92 89 94 36 41 51 8 43 57 34 75 41 76 79 88 52 67 9 50 94 53 2 56 1 21 24 17 100 71 29 5 13 61 74 94 62 58 84 0 5 17 18 54 70 21 19 87 46 49 50 35 43 87 27 63 97 97 59
39 66 2 78 9 53 97 28 20 75 45 31 17 5 96 51 44 35 45 58 25 0 48 6 34 17 28 11 94 80 45 74 92 89 83 45 70 43 94 65 45 16 57 90 3 0 34 69 5 59 45 64 75 42 86 30 25 36 62 83 76 87 58 4 12 82 32 35 39 42 7 15 32 58 82 45 86 69 63 72 73 62 19 10 15 43 28 84 60 46 31 94 43 70 38 57 72 90 55 61 0 67 52 62 81 52 83 9 28 93 4 90 72 12 14 1 14 100 66 43 76 96 20 46 66 45 90 98 7 20 99 6 93 32 17 55 47 49 6 31 18 22 97 66 6 19 68 10 92 65 63 63 72 22 99 17 81 92 93 40 77 26 55 35 87 9 33 45 32 9 45 42 31 80 25 71 48 14 71 95 50 65 17 46 60 64 44 83 24 93 27 36 53 19 52 84 82 96 85 23 59 90 41 95 59 55 32 72 87 0 87 3 89 96 11
11 52 71 32 85 8 60 11 77 88 85 65 8 7 23 17 67 87 0 18 67 49 53 14 85 73 56 31 34 7 54 36 25 20 16 99 6 9 51 62 12 85 39 81 38 28 18 29 74 80 47 53 83 53 47 40 39 81 96 93 47 71 72 76 84 46 15 97 17 98 79 33 50 95 62 43 28 39 84 6 59 74 34 23 80 63 67 60 78 95 10 14 38 0 60 57 92 0 17 25 40 61 26 67 71 39 31 4 37 20 100 2 77 14 15 3 39 82 64 82 31 30 47 13 79 41 100 11 54 78 69 16 55 5 85 17 62 13 82 93 87 39 99 13 74 80 7 79 70 93 98 93 98 78 2 7 42 81 69 67 81 50 22 38 17 14 7 23 40 20 2 82 7 12 60 70 23 73 43 42 28 97 96 43 56 49 66 36 1 91 63 11 65 70 37 75 68 92 24 52 36 72 77 47 17 14 84 0 94 13 37 36 12 70 91
19 53 51 27 35 85 98 65 65 54 2 69 33 74 79 14 96 67 70 20 74 62 35 55 94 64 68 48 54 0 92 32 98 84 34 90 17 17 23 99 78 5 8 46 92 5 69 62 45 72 55 36 33 24 50 9 68 31 41 84 89 8 66 19 60 76 54 78 21 47 89 67 43 30 59 98 45 96 37 28 35 60 14 91 8 65 4 70 18 93 62 17 52 36 48 10 94 67 35 59 94 82 32 98 47 64 30 24 64 28 65 74 3 96 40 39 38 92 25 100 65 43 5 44 63 86 63 50 29 74 6 15 22 61 80 38 53 95 89 78 1 41 9 91 54 44 21 6 28 75 47 53 12 19 80 48 31 4 53 19 73 87 3 60 55 72 96 25 45 25 57 69 54 15 8 73 83 84 47 74 29 0 19 64 97 40 58 45 31 62 98 13 89 98 7 72 96 90 71 46 35 12 68 51 1 83 16 47 58 21 19 13 59 93 79
3 94 48 36 71 54 99 82 97 63 0 63 2 53 53 80 12 46 83 20 38 3 57 48 54 57 70 96 68 6 93 99 82 5 88 6 44 38 34 51 75 29 43 0 19 78 53 92 55 77 60 87 23 67 76 29 47 100 56 79 38 26 90 52 8 23 61 57 95 35 5 88 74 88 31 71 60 15 97 10 93 48 42 28 46 73 17 12 18 40 95 58 87 28 74 26 48 78 72 56 49 42 71 55 88 45 17 7 29 25 76 48 94 76 61 94 11 21 66 51 23 53 90 46 17 84 4 89 27 68 79 7 76 42 66 1 77 0 69 22 43 1 40 56 84 60 100 1 67 17 0 47 95 91 41 48 50 13 41 48 41 84 59 70 57 74 66 52 95 52 39 25 26 36 61 52 88 98 87 50 78 23 89 1 23 23 4 29 54 9 8 71 73 32 44 88 23 33 35 67 6 74 25 0 89 82 51 70 43 63 77 42 15 77 53
90 53 21 67 93 5 24 44 46 5 66 20 29 16 64 89 62 38 88 10 89 2 77 93 47 74 57 27 56 83 89 85 79 69 51 40 28 20 10 96 53 86 4 1 42 63 72 12 32 74 45 98 61 8 59 12 87 18 75 10 75 42 91 84 16 95 48 82 67 0 57 58 97 86 68 8 82 69 99 3 33 66 70 28 96 26 8 99 33 29 24 21 24 57 13 9 88 25 25 35 92 27 1 55 2 49 12 62 8 54 14 35 53 68 45 83 12 30 8 14 9 33 4 25 10 56 27 5 68 24 84 25 20 73 91 39 7 37 28 52 51 78 9 74 32 82 28 78 48 61 79 71 81 27 36 42 14 6 50 89 35 82 41 57 100 31 86 7 82 66 14 31 78 33 84 17 14 99 16 32 11 12 18 80 28 55 62 81 14 7 30 8 54 91 15 45 18 17 23 56 41 98 79 40 18 52 59 23 36 21 22 78 70 26 61
77 30 27 74 58 29 59 55 2 77 59 51 50 31 31 57 11 100 23 25 32 38 23 1 81 77 98 47 43 14 99 86 49 67 17 35 75 99 25 21 21 48 28 9 88 63 42 88 72 36 100 59 88 1 14 32 20 79 82 90 42 49 59 28 93 80 62 18 44 11 44 18 52 58 67 20 25 91 94 47 23 25 36 54 64 79 79 8 40 19 23 88 36 86 100 39 20 10 76 3 16 20 77 71 56 26 90 67 60 42 54 21 60 36 33 46 65 56 34 76 2 65 64 14 2 42 44 95 87 74 56 49 65 1 86 72 74 20 51 14 77 95 67 1 42 93 20 57 50 51 47 45 15 53 78 52 4 37 0 19 72 79 18 94 94 69 61 51 90 79 83 67 23 73 65 83 65 51 22 93 62 41 27 47 56 29 18 38 7 39 3 91 15 24 50 21 91 81 38 5 6 41 23 1 26 31 73 73 58 87 4 8 70 71 79
20 88 56 21 67 67 39 73 93 7 61 34 2 98 11 26 95 20 75 56 14 29 19 4 88 70 85 34 73 62 56 40 59 68 81 66 99 14 44 20 13 9 90 8 17 25 13 25 71 37 8 92 97 28 89 1 32 93 31 36 29 69 81 61 75 5 3 6 85 54 15 53 40 55 34 31 77 47 22 73 6 54 70 86 63 42 60 42 4 81 92 28 11 61 26 15 5 36 23 97 80 93 28 59 64 49 61 90 56 65 16 49 22 42 95 89 79 67 67 92 33 24 73 17 83 87 40 87 75 96 4 76 89 20 33 12 14 3 6 33 29 4 0 90 82 56 82 14 64 38 47 37 53 49 72 5 6 70 93 23 82 19 93 86 88 7 72 54 87 19 76 20 42 43 95 92 46 29 99 69 88 59 36 79 81 37 80 80 96 82 88 56 75 52 66 12 40 35 58 96 95 96 41 48 88 91 88 69 80 23 80 48 34 74 8
0 57 26 100 19 26 53 64 38 74 89 57 76 60 44 56 29 61 24 88 21 13 21 1 14 70 56 5 39 58 29 74 21 13 39 88 52 16 39 25 3 73 27 58 42 15 46 89 48 8 15 35 6 89 80 23 81 27 11 91 48 16 52 8 56 10 6 4 13 25 52 16 48 60 73 85 66 8 33 80 29 71 83 13 71 31 9 74 87 76 53 2 87 66 11 69 56 40 96 96 40 92 75 82 51 3 60 10 32 22 72 44 23 11 47 96 55 30 20 85 49 16 97 97 93 5 46 80 21 64 78 42 17 78 23 25 63 100 16 10 28 11 40 14 93 55 94 87 50 40 76 15 21 59 74 1 20 67 91 47 34 6 69 100 92 22 72 95 74 77 36 65 83 25 28 48 40 20 25 48 13 13 36 27 64 1 41 2 97 63 57 73 15 34 69 82 34 98 58 73 73 16 23 95 8 100 80 17 56 52 57 17 43 89 97
9 100 27 83 6 74 56 63 47 2 22 22 58 36 75 68 90 72 17 63 5 36 96 62 32 94 57 22 66 42 23 27 77 33 59 81 37 8 16 38 18 73 77 8 85 17 27 68 96 21 68 24 78 43 87 65 85 92 0 10 33 69 78 12 21 73 7 9 19 72 77 46 28 96 27 78 65 63 29 21 10 31 78 78 65 43 25 32 59 15 18 60 28 25 60 69 49 57 87 64 13 33 32 26 54 31 57 27 51 23 76 24 8 36 64 5 45 64 70 86 73 33 11 27 44 56 44 62 62 91 55 23 77 4 17 63 67 42 1 47 72 89 63 3 77 22 73 59 88 82 62 98 27 3 3 39 74 31 99 93 97 4 3 41 80 6 19 90 70 79 6 88 66 74 45 68 46 96 8 4 63 43 88 87 78 76 79 82 53 72 65 96 100 87 38 33 82 23 75 32 24 8 23 22 46 20 3 36 37 26 11 33 10 88 72
37 54 53 21 83 92 7 0 58 79 96 98 30 88 99 2 41 40 63 46 26 58 69 55 35 50 8 93 28 66 77 22 96 26 24 83 96 13 98 7 49 20 2 26 59 26 23 16 100 55 90 34 38 91 52 12 12 39 29 64 94 27 22 74 78 1 1 37 26 57 60 32 81 49 47 14 93 11 85 53 14 48 78 21 1 66 46 24 85 42 0 33 67 34 76 48 73 8 87 35 23 92 83 34 83 9 16 85 87 20 92 88 38 23 72 89 26 39 39 69 72 23 63 48 86 40 74 9 30 90 96 4 66 87 53 48 37 74 22 82 39 37 100 75 89 65 53 8 90 14 43 40 12 43 41 100 29 51 7 66 90 9 12 94 93 88 5 64 70 74 39 62 92 46 94 84 1 84 21 56 52 89 35 98 18 32 1 27 4 6 46 34 16 7 94 74 19 65 38 5 13 7 29 12 8 54 48 85 23 66 6 34 18 41 74
100 18 55 68 1 62 60 90 35 97 69 55 10 20 68 76 41 19 63 39 96 49 63 65 27 12 2 65 24 27 58 17 20 13 76 98 89 96 72 84 6 21 98 75 39 12 53 72 94 30 7 44 76 78 85 46 15 20 35 98 59 36 20 84 100 64 16 52 3 52 93 84 42 25 13 88 19 49 58 70 24 90 30 39 9 16 64 34 40 84 36 75 95 77 3 3 95 56 69 49 43 24 33 23 33 38 19 13 93 95 4 72 66 13 52 49 20 78 14 34 39 48 12 9 10 98 19 50 6 1 41 67 85 26 63 33 55 98 8 23 81 9 11 36 90 99 50 96 2 97 56 4 87 63 12 61 58 32 90 43 67 54 55 76 86 73 57 95 98 13 52 80 10 73 79 30 64 81 62 96 89 37 29 71 40 61 59 48 93 34 78 32 43 42 30 20 71 8 56 0 28 68 96 13 7 10 78 51 16 18 8 20 40 35 24
4 1 9 22 3 20 68 71 38 100 89 56 11 26 85 33 84 73 74 65 72 47 26 61 79 76 89 27 65 34 11 24 81 66 27 93 6 57 44 27 22 80 15 24 94 40 85 27 94 14 80 89 5 88 87 38 71 42 92 54 29 96 85 14 34 63 39 8 83 59 97 47 85 62 85 24 88 74 41 91 17 85 10 96 77 8 42 96 20 15 14 99 26 12 20 31 74 11 53 56 64 19 99 37 73 46 50 15 78 71 62 82 85 10 10 51 58 54 88 76 67 84 86 78 4 49 14 75 38 92 66 94 43 49 1 30 87 22 45 46 18 25 63 81 7 89 47 93 97 53 8 87 54 75 95 35 85 86 77 43 80 92 36 3 94 30 23 50 32 79 40 98 75 78 38 67 68 50 26 4 58 14 83 78 87 47 63 89 86 57 71 86 61 58 8 50 83 8 36 27 24 0 26 26 19 52 48 28 1 96 47 98 99 31 80
41 2 15 81 88 32 73 47 79 16 59 49 70 74 89 32 77 51 4 27 99 4 93 53 79 61 69 88 76 9 66 78 48 99 85 71 9 45 63 59 72 45 12 85 15 73 91 62 91 91 6 17 34 22 63 3 24 12 65 52 23 93 28 9 28 76 40 53 36 71 66 14 52 40 100 76 73 99 56 25 42 23 9 74 2 47 61 20 34 100 58 12 37 61 47 67 0 65 49 84 24 18 29 2 1 98 4 61 30 24 21 84 21 26 8 16 22 97 44 39 88 74 12 37 57 76 5 98 24 4 13 88 26 93 56 76 26 75 47 78 77 26 58 53 60 52 60 49 52 95 44 97 2 10 64 73 65 100 61 78 49 40 91 36 9 22 53 68 57 11 67 44 77 88 91 3 3 64 54 33 77 12 14 72 57 83 80 14 2 97 6 99 24 79 50 52 40 20 90 65 94 19 16 97 0 68 44 11 92 65 90 47 64 40 27
31 35 74 63 14 92 25 58 16 28 70 11 66 22 29 3 55 34 74 61 13 5 36 39 88 60 75 92 87 2 99 75 93 58 21 70 30 95 25 29 53 45 56 44 65 53 81 53 49 25 3 47 14 44 18 60 72 55 74 15 30 74 46 72 5 17 84 90 66 36 46 8 10 34 31 93 31 16 31 44 20 41 78 57 11 61 83 80 2 1 99 9 18 28 90 8 68 41 10 70 97 42 65 51 83 94 52 41 36 53 30 70 75 20 96 1 63 82 80 8 23 68 20 63 3 34 12 10 59 74 0 5 18 88 75 54 85 31 62 26 91 63 92 7 72 64 23 75 47 86 81 11 65 18 62 34 63 41 90 70 43 58 73 63 69 79 54 27 46 57 64 80 13 28 90 78 43 62 84 77 19 22 95 5 93 67 100 65 61 16 21 3 4 24 65 27 59 40 85 13 68 84 78 6 96 85 60 70 43 92 57 61 46 29 83
83 27 45 45 87 97 83 10 23 17 63 82 11 51 90 53 70 81 14 100 2 55 59 39 86 54 42 49 28 27 48 53 13 99 98 30 18 77 31 12 85 35 30 84 62 95 43 73 41 80 82 24 35 93 67 56 26 62 70 45 17 91 31 52 84 23 85 84 81 79 87 19 65 93 10 7 57 33 50 46 53 19 40 13 48 7 49 92 41 97 34 46 79 54 4 1 97 52 98 63 25 37 74 42 64 19 57 35 14 55 74 73 67 8 38 78 58 13 30 8 14 39 59 83 2 45 53 33 31 98 63 97 53 56 100 68 77 53 16 45 12 20 6 17 50 26 89 20 86 97 98 22 4 85 94 61 81 40 37 16 54 99 46 55 3 80 16 59 5 28 64 2 67 75 8 14 87 99 73 51 62 42 0 78 3 74 60 5 42 30 27 69 36 66 98 40 33 18 21 99 50 19 76 30 66 23 24 0 14 2 30 16 93 66 56
51 76 90 69 81 43 51 47 85 84 23 55 48 87 72 1 45 46 13 86 83 81 23 11 58 64 37 37 78 49 81 100 24 25 16 78 67 97 69 95 19 90 74 32 9 36 30 50 6 0 72 14 20 63 46 69 44 11 55 60 10 80 17 100 75 73 64 16 35 2 12 93 6 36 79 80 97 64 92 74 63 67 39 28 25 67 9 48 49 79 21 59 61 97 86 47 1 0 5 15 15 96 1 0 17 1 65 100 12 7 92 89 16 6 65 35 2 57 98 2 7 94 33 49 52 26 3 31 75 11 99 45 8 9 63 36 76 60 17 43 15 49 1 9 58 93 100 51 2 61 66 27 38 71 20 5 73 6 42 66 30 9 82 35 99 83 19 92 44 63 92 29 44 51 45 6 29 3 36 93 68 9 80 67 78 76 9 51 94 91 28 87 93 95 21 97 68 21 10 94 33 62 21 63 1 84 32 100 76 65 2 20 24 64 44
56 1 52 4 55 34 68 22 24 46 51 2 40 91 91 22 21 92 70 9 33 86 56 70 8 23 100 76 56 10 95 58 76 22 41 43 78 100 56 100 98 16 13 100 80 98 5 80 100 32 71 51 23 5 70 61 23 82 32 39 71 52 90 31 73 75 42 70 91 12 58 57 24 87 42 83 14 92 20 13 53 65 39 95 47 60 10 55 8 33 60 61 86 0 4 63 20 76 65 50 30 50 12 92 77 95 77 53 70 91 73 86 24 18 88 78 64 24 57 77 57 28 25 37 10 89 97 63 22 49 75 40 84 17 75 34 37 96 89 53 45 39 30 85 28 36 74 15 64 42 27 75 68 56 62 29 26 64 8 9 74 69 21 40 82 88 14 58 55 41 6 71 76 11 66 60 83 1 96 21 41 28 46 47 44 16 8 14 32 73 31 73 4 27 1 71 99 39 45 26 89 52 49 13 56 69 51 94 31 34 1 17 18 24 84
49 67 16 43 27 58 86 52 27 83 71 51 15 84 39 21 61 87 29 71 75 54 25 46 47 29 19 23 23 46 78 100 42 18 9 33 76 34 98 70 41 4 94 71 18 93 68 13 87 30 6 89 49 88 0 38 65 9 60 21 94 37 14 7 91 85 69 46 85 48 92 30 69 85 13 75 8 78 84 88 29 13 16 30 58 5 87 43 68 7 43 67 7 69 55 80 87 4 88 47 23 97 79 31 38 94 64 66 13 96 63 77 21 36 99 4 14 43 90 66 94 17 4 14 70 24 88 27 63 23 44 53 27 100 1 72 5 3 1 75 6 57 79 31 13 61 49 13 100 44 39 19 30 22 23 50 6 52 21 25 90 89 84 13 65 89 12 75 13 35 77 95 50 67 52 23 50 58 39 11 0 28 23 49 30 4 53 87 67 30 2 31 24 44 34 64 2 79 32 48 84 96 30 62 65 26 52 84 15 92 84 41 66 64 42
42 9 58 89 72 31 79 46 31 2 42 56 23 91 44 40 24 20 11 44 29 35 85 28 37 96 34 71 58 41 76 67 24 12 14 57 34 48 42 15 89 85 71 77 81 91 99 44 80 3 91 5 30 50 83 29 15 33 5 16 67 61 74 69 13 100 99 78 96 71 14 38 18 71 37 55 50 25 82 41 69 20 85 43 64 58 76 72 5 28 5 12 20 97 20 9 65 53 50 68 76 34 84 67 4 73 4 82 86 87 45 68 43 51 28 71 100 61 63 65 57 74 51 55 30 52 45 2 36 60 87 15 58 66 61 71 56 71 94 91 37 14 78 72 53 25 12 82 81 40 14 37 7 2 79 88 61 67 58 69 59 79 79 14 20 60 86 16 2 86 64 34 82 64 66 39 68 44 67 69 28 38 94 62 30 56 79 52 24 35 29 65 74 91 43 16 93 20 3 93 58 74 82 36 85 57 88 80 79 48 14 12 88 39 32
95 20 74 21 75 88 44 71 98 38 52 84 26 27 30 95 58 92 92 94 6 85 71 12 65 38 95 25 30 44 56 67 2 63 58 9 49 17 57 67 0 74 51 51 71 85 98 95 59 57 2 55 9 68 32 42 45 64 52 80 26 94 48 100 84 20 83 97 23 52 53 31 94 70 22 41 38 70 62 8 16 22 40 15 22 23 68 43 39 22 3 29 50 63 59 66 95 72 81 54 18 25 38 69 67 98 76 48 52 9 93 85 7 56 9 19 15 39 94 72 28 53 9 48 78 12 4 61 90 3 25 96 34 12 54 14 85 37 93 43 25 26 4 27 71 6 88 45 16 13 48 31 30 40 38 55 4 99 30 39 65 38 72 50 75 80 82 24 39 94 79 15 79 86 7 52 53 11 43 87 77 100 87 6 22 16 96 44 35 4 8 28 5 80 61 79 10 5 76 22 99 51 86 3 52 77 97 96 14 27 42 92 36 82 52
61 3 49 60 66 87 29 81 9 54 79 89 29 76 94 8 27 41 86 79 32 52 20 96 92 5 36 64 53 33 41 75 29 17 36 45 60 72 66 32 30 57 26 50 20 44 98 3 9 46 80 4 59 96 44 85 65 74 33 48 30 74 63 5 31 56 36 100 17 33 76 84 80 4 25 21 57 17 19 20 45 98 66 81 66 42 4 40 63 18 69 100 78 55 79 10 8 88 2 90 64 38 3 41 97 100 0 60 45 48 28 67 50 67 89 98 78 32 39 92 89 65 33 25 44 77 53 48 21 60 24 42 12 89 56 57 21 100 72 18 90 29 95 37 21 51 71 54 70 70 22 5 96 3 68 14 96 67 16 90 19 5 21 75 5 81 24 7 76 19 50 59 15 26 41 44 84 12 33 24 67 82 8 66 83 69 75 13 73 61 62 42 40 53 8 89 91 28 37 70 63 29 47 29 98 41 52 54 52 81 98 97 51 60 37
44 98 31 27 54 48 43 23 85 45 81 41 93 13 44 95 8 53 34 37 27 42 86 31 76 12 16 80 12 55 0 65 18 41 52 18 96 9 59 73 5 95 20 53 54 41 29 99 34 51 100 61 13 44 79 12 9 69 91 21 4 36 24 62 76 3 40 54 34 75 67 43 22 5 39 30 52 98 73 37 65 48 12 94 75 23 91 34 71 72 11 25 89 98 22 74 90 20 99 49 31 57 79 24 83 98 49 48 88 59 18 82 32 25 38 57 32 13 81 17 50 93 87 56 74 82 47 52 56 9 100 83 65 58 60 33 73 16 22 44 12 72 36 34 74 16 9 33 98 74 99 90 30 96 59 47 38 43 23 51 36 13 87 73 45 94 64 14 94 84 6 8 77 24 66 5 38 16 27 90 71 69 43 41 86 94 91 6 17 21 30 23 2 45 56 43 9 34 17 16 78 41 10 65 73 70 51 37 83 88 59 20 98 62 89
40 77 78 83 74 37 22 9 86 33 92 92 20 3 100 25 90 20 96 68 61 59 33 9 95 13 54 20 65 3 63 19 44 78 59 88 28 19 31 18 70 24 56 61 76 73 55 57 79 28 40 77 85 71 57 37 63 25 94 81 59 13 91 86 13 50 94 38 96 74 9 11 60 13 100 9 10 37 72 69 80 97 47 54 46 43 89 65 90 83 66 42 8 39 75 32 37 95 70 99 88 61 36 53 69 100 11 2 44 71 53 55 99 22 87 29 53 91 59 3 52 44 86 52 13 59 63 85 61 54 75 77 49 13 80 50 89 62 50 51 66 1 73 77 84 25 52 74 91 98 98 81 79 44 78 11 91 1 84 32 3 91 14 8 62 27 54 47 89 77 13 85 90 69 73 30 27 95 80 63 27 85 26 21 54 92 75 61 96 59 49 93 47 91 7 52 74 10 33 14 81 44 96 68 50 98 18 6 38 30 49 29 30 21 29
7 10 44 56 68 80 48 56 60 96 64 100 11 20 3 44 72 36 34 49 50 15 36 76 15 85 100 73 31 86 48 20 61 71 77 64 52 55 12 88 85 73 14 62 9 7 64 64 100 40 21 77 25 47 76 67 52 96 76 64 95 51 46 11 17 62 69 44 13 86 3 53 25 11 39 30 2 7 49 49 26 88 1 59 17 75 56 96 42 1 79 86 58 49 13 21 3 17 70 82 92 6 83 10 58 47 47 36 39 81 100 55 3 66 50 85 34 17 15 5 73 40 2 41 5 50 16 70 74 51 63 15 44 91 68 12 36 55 73 73 85 55 61 38 72 85 42 30 45 94 29 18 1 99 61 28 95 22 49 78 62 17 65 100 18 8 6 15 78 37 92 65 60 70 14 37 92 26 82 6 89 46 15 94 78 14 100 43 53 1 1 91 36 51 58 57 9 72 91 20 2 22 10 75 36 30 69 75 62 3 80 93 16 89 19
25 100 94 66 18 17 94 51 28 49 38 100 82 52 82 29 92 37 63 84 48 32 70 7 60 68 96 27 0 99 18 28 82 39 49 85 2 100 55 27 85 100 23 81 59 63 57 85 17 21 77 88 60 29 61 74 99 31 13 57 40 12 82 88 3 58 88 43 78 100 25 11 54 51 28 34 29 26 96 90 60 75 25 43 39 18 17 64 58 3 25 66 40 62 37 21 56 74 66 75 9 15 72 42 14 14 90 80 85 41 42 93 70 27 21 97 36 96 18 79 7 59 20 48 22 98 14 66 77 25 81 95 56 86 45 84 90 6 56 60 23 43 50 53 17 20 82 27 42 69 8 2 82 58 70 62 20 15 74 26 1 74 19 53 62 89 6 52 65 37 68 56 51 50 25 50 73 9 48 68 73 43 90 90 63 71 44 71 65 81 6 2 96 46 96 49 10 92 38 28 83 11 27 62 62 38 26 69 56 22 0 51 2 74 92
23 47 58 27 19 14 53 64 89 70 1 0 98 84 79 13 37 45 40 51 67 1 76 0 41 21 51 80 65 2 70 98 93 99 74 42 72 87 100 80 67 37 85 54 7 19 60 35 33 66 93 12 0 76 33 53 10 91 45 66 63 50 1 35 98 63 71 44 80 36 86 39 13 82 3 49 50 80 62 85 47 40 65 48 79 72 85 95 29 42 6 4 10 59 70 46 43 43 50 9 39 50 89 67 59 82 49 39 21 82 42 25 37 31 77 31 52 23 69 28 81 94 84 85 55 38 3 13 23 49 61 26 79 3 75 4 43 80 79 56 38 73 5 22 19 18 2 10 19 59 67 24 79 21 77 18 72 62 19 32 49 52 57 78 52 86 20 70 100 53 97 90 53 100 94 8 48 38 64 5 10 2 31 0 4 79 91 21 53 17 50 73 29 14 14 35 36 97 15 81 2 10 72 95 77 74 98 72 5 69 43 58 41 84 47
71 24 6 94 64 9 91 53 12 32 22 90 93 88 15 37 77 93 51 43 78 1 1 13 76 5 77 98 58 31 82 98 17 12 46 43 29 76 36 62 1 59 78 1 50 1 20 78 98 100 20 40 48 60 67 0 85 93 70 70 0 36 10 35 100 59 63 91 71 90 60 98 23 47 55 79 75 11 61 39 82 10 18 88 9 47 25 88 94 23 29 36 48 81 50 46 89 64 43 59 19 81 77 39 82 55 76 47 64 91 35 46 31 39 17 41 74 73 54 93 42 60 46 15 39 31 8 0 53 14 56 93 30 86 47 86 7 44 39 77 39 98 78 3 70 12 13 62 82 89 53 90 72 50 67 32 50 12 65 68 85 34 100 70 66 15 69 16 97 57 90 67 10 8 86 48 74 11 3 20 89 7 53 43 96 31 12 100 11 79 84 38 69 60 16 48 23 80 15 20 81 75 39 18 80 60 18 84 16 23 41 72 2 93 5
44 88 40 99 7 27 16 91 43 88 47 27 57 11 90 32 71 56 71 65 95 43 14 47 17 51 18 91 31 21 100 85 1 88 28 39 67 69 94 16 54 94 8 33 70 21 56 31 4 75 25 13 76 85 87 42 74 3 100 99 71 30 28 55 35 92 6 77 53 73 95 8 94 76 66 87 4 40 42 72 47 6 24 27 75 77 34 69 90 100 69 26 74 83 18 81 62 80 4 78 100 65 38 7 91 22 13 75 97 9 25 93 93 19 94 9 15 40 47 59 13 33 28 91 12 61 34 41 55 79 22 1 36 80 2 18 67 56 40 12 59 31 47 61 39 7 26 60 3 39 76 52 65 2 55 99 32 10 85 41 18 64 33 75 89 84 81 58 65 16 65 10 40 94 92 2 100 92 42 7 64 12 86 94 75 37 17 11 58 69 64 65 90 55 44 43 85 58 19 17 98 90 91 38 84 28 85 35 79 88 48 43 1 17 93
6 100 66 91 87 13 78 44 22 29 50 62 49 57 4 75 53 82 19 47 17 15 21 3 26 65 33 1 98 78 63 13 90 41 44 79 45 22 47 40 1 88 95 14 8 35 4 16 99 55 75 99 0 81 0 74 67 2 0 86 7 49 78 27 55 23 10 99 65 44 86 74 43 11 24 87 62 71 22 44 9 4 57 33 16 87 74 84 72 75 23 75 70 11 5 43 26 77 82 74 52 17 53 41 46 27 51 100 52 35 83 66 18 17 69 35 52 74 29 47 6 12 61 4 81 54 99 32 48 93 20 51 74 81 99 76 20 93 88 55 46 59 90 8 76 96 28 43 38 1 10 10 46 65 64 88 2 15 41 88 7 70 5 7 31 67 92 95 52 61 78 42 59 48 1 68 83 68 51 15 64 28 21 0 81 61 69 51 76 86 79 17 75 99 14 64 6 70 60 18 80 45 41 29 55 95 25 54 53 81 30 7 39 47 16
58 13 39 67 74 76 9 97 92 79 84 32 12 88 83 71 12 24 76 4 99 81 49 7 89 56 83 35 23 89 77 96 83 76 46 17 32 63 7 18 90 41 44 14 77 76 3 80 19 44 55 85 17 61 57 5 100 49 69 15 4 84 59 70 69 28 7 31 68 22 23 75 75 44 85 59 26 34 56 82 13 95 62 43 16 79 89 80 68 17 96 38 78 0 67 28 34 15 72 49 45 8 38 6 63 48 93 17 13 49 70 67 3 83 91 22 95 86 83 87 15 73 71 23 5 85 60 76 12 60 6 23 15 69 0 77 43 80 51 82 32 25 43 46 0 60 38 38 11 0 55 77 49 8 38 70 70 51 68 63 56 61 83 69 22 7 25 54 71 41 30 67 81 1 98 17 19 50 43 15 35 96 83 23 70 74 39 39 88 67 61 59 40 75 97 0 56 44 7 34 16 75 33 97 42 1 92 67 93 14 88 23 12 12 100
28 49 44 78 59 30 32 91 32 52 88 65 40 73 30 45 11 32 66 78 56 0 97 17 4 24 44 87 59 43 82 48 100 85 38 17 28 52 41 1 25 54 39 56 10 10 59 80 76 49 84 38 42 92 90 0 91 22 70 26 14 88 42 98 37 27 92 77 23 68 76 12 30 81 40 23 98 58 89 48 49 47 0 12 7 75 87 93 78 66 26 50 89 8 17 100 92 5 95 98 66 86 86 88 65 94 84 57 96 24 12 77 32 43 64 58 45 26 40 20 47 92 35 68 76 19 82 3 49 21 76 79 99 26 17 14 76 93 75 58 42 25 98 34 98 34 53 94 100 75 36 63 47 90 15 47 95 41 64 37 70 16 85 13 16 1 52 98 43 41 23 50 66 68 19 57 89 74 81 64 15 8 24 16 81 96 3 5 47 32 57 58 5 84 71 95 99 62 73 21 21 84 61 76 24 42 15 75 53 52 65 39 98 41 42
76 18 74 21 69 56 20 0 80 97 84 51 79 81 76 38 63 86 87 27 92 62 4 44 93 37 100 27 12 79 64 91 41 33 74 34 3 81 71 91 49 70 23 33 13 84 2 77 48 59 14 48 32 49 72 32 87 15 15 12 1 96 23 58 27 85 12 81 76 17 69 29 29 93 35 63 37 62 31 81 67 16 95 42 66 61 43 19 75 31 76 70 49 48 67 91 61 42 30 9 3 51 44 38 15 50 43 98 61 68 39 60 87 96 44 13 53 49 44 25 29 61 9 96 84 91 8 54 85 96 16 30 4 87 72 78 60 69 91 53 20 17 60 46 69 71 25 45 55 37 71 56 10 91 88 20 46 58 53 24 0 67 88 34 34 55 64 42 48 25 6 14 68 43 62 94 26 24 88 37 68 65 66 38 10 31 89 96 61 32 6 87 68 5 100 28 81 27 48 12 6 45 27 79 90 37 82 19 65 23 55 58 38 95 88
60 95 16 56 66 9 69 40 98 56 39 28 27 41 90 77 96 36 89 9 0 83 15 17 45 82 31 20 60 32 79 75 71 68 44 61 76 52 58 34 1 28 18 75 26 11 92 49 74 43 61 46 93 11 80 63 5 4 35 79 7 13 27 49 9 55 38 6 92 84 40 90 41 51 92 90 28 11 75 37 61 96 96 45 42 94 55 55 60 80 12 16 28 86 37 24 62 94 79 51 19 9 68 85 79 2 83 82 84 72 48 12 88 65 24 57 37 61 87 5 51 16 18 61 68 66 4 37 83 20 6 53 79 72 46 13 62 85 97 40 66 63 76 16 14 61 96 82 22 55 69 94 60 87 34 35 27 26 40 66 21 63 10 61 81 49 100 2 78 100 6 81 22 4 57 1 47 12 40 59 71 15 3 54 47 42 29 40 55 88 87 63 67 82 7 51 44 39 49 29 32 82 22 66 29 98 90 53 6 20 83 82 3 3 66
83 25 79 93 61 72 28 97 80 96 4 7 72 32 19 4 7 64 48 2 83 98 12 37 63 47 54 0 55 46 2 48 59 0 89 35 27 4 1 4 36 54 81 67 89 84 21 94 27 24 86 40 69 71 74 73 42 33 54 46 33 100 4 27 66 97 84 64 0 91 56 69 33 94 69 36 21 17 46 69 36 8 43 15 22 37 70 73 41 65 40 60 77 7 62 60 68 3 75 30 30 89 24 23 18 29 84 61 10 42 96 90 1 91 48 4 70 48 46 11 65 56 24 92 73 4 10 92 73 30 86 39 33 80 25 68 82 72 89 65 80 66 15 39 86 67 30 48 25 20 76 3 57 18 54 95 35 34 62 51 90 55 53 4 0 70 59 13 72 53 64 81 18 19 29 63 35 26 3 41 82 62 9 51 66 66 73 84 37 72 57 15 14 84 69 67 35 98 69 50 45 25 61 99 92 13 52 3 60 54 8 16 4 29 59
4 0 25 90 46 61 9 66 10 51 67 45 1 87 63 71 38 1 6 75 15 2 41 7 82 37 3 28 84 14 13 52 36 38 41 93 85 71 6 3 36 16 71 78 50 30 12 26 59 24 48 6 82 33 43 60 46 73 29 25 96 43 92 43 92 50 32 35 6 100 56 22 77 16 52 48 32 79 13 95 76 77 76 40 96 18 93 53 62 54 22 57 95 70 13 35 55 57 58 84 11 48 60 23 23 88 16 96 86 41 13 91 46 16 60 93 97 93 59 30 55 87 73 96 47 29 14 95 72 8 93 98 61 16 67 47 92 81 77 69 100 74 8 36 47 0 58 84 2 5 76 64 64 46 69 71 60 15 13 90 54 82 92 76 43 0 54 71 58 45 55 98 36 65 73 84 73 24 13 63 71 27 96 43 33 73 7 31 40 25 30 15 89 26 86 15 58 23 54 87 70 97 24 38 61 74 92 17 32 7 39 77 83 19 58
96 26 88 16 63 65 45 12 77 60 50 44 91 47 21 12 56 51 56 81 61 83 81 89 7 75 97 52 0 44 98 59 42 13 98 21 58 66 89 74 4 0 88 96 54 42 8 61 20 5 52 78 31 64 5 3 34 70 7 11 72 77 95 78 30 20 56 43 60 7 89 53 13 65 15 56 66 91 88 33 97 16 100 47 80 47 64 35 33 100 87 4 14 37 69 37 9 50 28 8 24 68 95 18 52 20 83 6 29 71 29 31 95 100 55 42 52 57 95 93 43 56 50 30 49 9 67 14 49 73 97 96 50 80 99 10 64 7 76 7 94 58 100 48 2 92 91 96 17 99 41 100 85 36 17 19 12 96 19 43 19 83 21 57 50 74 42 36 33 29 98 97 19 17 85 94 88 87 26 90 84 97 50 27 64 35 11 94 95 98 92 22 9 15 54 61 33 57 10 72 79 3 88 29 51 26 14 42 94 2 64 53 7 30 14
94 51 10 44 89 59 71 89 11 8 40 86 30 10 74 81 16 13 68 26 30 42 76 29 75 7 76 61 34 68 75 81 89 27 95 75 91 24 9 46 61 18 70 76 21 35 88 0 97 15 72 70 22 16 1 45 38 55 54 24 18 22 96 36 39 39 34 67 31 77 46 55 94 72 42 25 65 0 45 0 2 44 8 83 20 65 73 72 87 6 75 82 74 33 80 40 2 28 54 28 100 40 66 35 40 52 59 58 15 51 65 64 88 14 97 57 96 83 66 74 67 36 72 39 98 83 24 95 81 15 48 74 81 77 49 38 80 27 33 56 35 6 63 95 28 74 25 31 59 77 63 50 69 84 87 48 82 1 89 98 83 76 87 41 95 29 38 54 93 83 95 32 16 52 92 24 19 8 75 82 32 29 69 60 48 91 12 99 33 50 67 70 73 53 73 82 97 14 16 96 57 7 41 57 95 34 70 32 44 37 71 15 54 22 100
63 79 52 88 58 84 72 81 7 52 45 67 78 39 15 51 100 25 51 13 46 4 16 7 49 1 94 34 33 40 66 67 47 28 62 95 67 99 19 74 4 86 5 8 30 10 27 46 27 60 38 17 96 19 89 67 84 95 92 34 38 10 70 96 58 23 64 21 42 72 17 64 61 13 27 81 62 75 43 35 69 26 16 22 66 45 40 8 55 93 38 58 69 65 41 45 12 26 38 23 52 99 14 16 99 43 32 95 43 64 54 59 50 41 98 0 88 70 82 76 51 54 56 5 55 81 52 76 63 33 76 33 40 7 17 60 67 28 8 70 17 33 4 68 99 35 70 29 88 64 40 98 2 5 74 25 27 86 32 55 2 71 50 54 97 46 43 65 30 8 68 100 9 76 80 15 5 62 25 82 22 8 28 14 54 61 12 30 4 18 62 71 35 42 38 28 17 16 5 90 78 6 1 99 13 85 96 65 67 32 76 46 92 74 59
26 28 47 0 0 85 21 25 46 39 22 14 30 72 93 69 62 57 26 24 2 4 79 80 16 51 61 86 14 16 96 60 32 88 51 34 38 69 5 35 54 19 89 5 65 45 51 97 64 23 16 39 31 54 82 52 98 64 61 1 77 6 68 44 85 99 81 57 100 25 13 28 13 79 70 98 82 89 47 23 0 93 52 17 96 76 89 40 22 92 1 4 94 97 10 53 68 69 94 74 88 35 22 28 41 34 50 18 27 47 43 27 33 92 45 88 49 80 9 3 65 71 56 7 37 36 85 28 92 82 67 26 33 96 85 81 13 99 7 94 72 4 81 20 82 27 54 33 44 8 90 17 30 38 16 6 30 73 36 81 79 97 8 25 5 36 3 87 92 80 41 58 68 33 74 81 3 9 13 86 60 79 81 97 25 0 81 84 41 19 33 26 3 83 84 91 37 100 61 48 100 87 16 6 70 22 29 53 12 76 73 69 11 6 63
59 20 14 86 76 38 17 27 7 17 76 30 43 85 14 46 58 41 96 14 30 4 57 8 14 6 91 72 31 7 10 77 44 67 94 66 78 18 92 12 36 17 54 37 34 75 66 58 20 40 18 38 4 51 82 17 46 90 38 72 70 74 40 80 62 11 54 36 80 80 38 34 96 33 52 60 80 58 32 64 36 88 11 47 46 96 7 44 75 26 70 72 37 6 82 21 49 33 57 16 7 90 71 83 92 13 49 33 91 55 7 56 49 28 14 56 30 89 22 73 63 39 41 0 72 64 62 85 32 73 50 31 22 81 85 29 15 73 91 41 61 18 56 63 45 17 59 37 7 5 96 55 99 25 8 73 38 23 95 93 91 32 88 2 31 76 75 51 38 93 93 17 58 30 31 35 43 87 0 29 54 19 20 82 12 67 2 34 34 5 31 78 35 3 12 23 23 71 44 11 38 94 84 58 8 52 56 81 52 77 18 88 68 7 0
97 60 47 17 6 20 35 47 95 93 79 48 50 54 37 100 0 7 57 46 48 59 88 64 46 26 62 42 37 47 21 10 39 11 17 54 42 40 8 0 98 3 32 26 85 84 32 77 72 100 80 87 7 96 60 37 24 32 24 20 79 18 71 25 64 82 66 21 12 10 9 52 70 37 17 66 26 14 75 59 80 98 56 38 97 8 40 50 11 21 76 79 70 22 97 71 25 44 17 38 54 56 34 82 26 4 87 52 43 27 92 76 28 6 31 43 7 41 53 59 86 7 12 84 14 37 50 36 93 27 72 92 30 91 19 53 23 90 92 42 68 88 23 19 66 41 78 21 80 18 37 9 22 100 87 33 46 100 35 38 31 76 19 62 57 12 51 59 26 13 15 66 65 72 46 86 22 19 20 98 39 23 96 88 34 33 76 84 0 17 64 26 16 74 58 59 75 17 1 1 75 29 3 97 65 39 27 33 63 98 77 31 28 83 65
70 21 65 88 71 12 83 98 8 24 44 52 40 51 29 78 5 59 60 85 66 5 63 100 81 78 74 56 93 49 54 92 53 16 62 38 5 38 54 85 87 81 18 35 20 15 8 97 60 55 0 90 19 26 72 32 0 96 9 51 45 67 88 36 34 13 99 53 53 57 12 95 44 93 34 96 5 99 46 63 76 89 36 73 19 94 19 25 27 24 25 47 28 86 43 16 59 48 69 1 53 29 19 76 91 98 48 91 51 80 96 32 81 70 55 53 23 23 36 40 23 7 27 88 25 5 12 81 57 1 46 21 81 80 89 28 50 72 40 50 54 26 38 59 63 31 30 43 19 95 7 60 26 89 18 69 9 48 28 94 50 62 57 63 46 67 10 7 21 27 65 21 21 83 4 7 23 98 52 55 68 40 65 59 83 80 13 18 94 7 60 26 39 91 4 31 31 35 22 17 43 65 40 46 66 75 92 72 39 6 93 22 95 14 36
17 5 63 94 63 10 28 54 62 75 43 73 43 33 38 35 92 56 6 2 19 21 4 100 51 63 10 76 25 58 7 78 47 39 15 26 97 89 68 86 88 9 34 59 23 77 88 3 50 30 60 70 18 19 96 6 42 79 11 6 49 63 66 77 75 5 74 93 15 56 7 15 37 98 15 56 5 1 41 93 55 50 72 51 12 90 77 75 15 40 17 28 73 85 28 8 6 80 60 28 31 80 65 73 95 45 17 24 50 14 96 79 50 14 8 71 60 34 53 100 83 41 97 75 89 32 49 14 22 3 87 9 57 35 57 71 27 42 61 20 67 41 1 22 52 96 55 82 26 68 4 42 80 17 85 18 26 58 47 76 96 71 41 61 51 70 24 100 7 63 94 24 80 19 8 17 84 17 41 63 74 98 26 44 90 71 9 53 100 66 26 88 31 92 39 13 24 45 4 26 75 81 30 30 75 24 70 57 47 20 100 14 91 54 26
1 56 39 37 24 48 92 43 61 30 4 83 66 90 92 48 65 14 86 12 27 91 100 30 4 57 21 1 15 41 60 62 33 43 55 74 87 37 82 100 61 75 100 33 22 86 91 79 97 68 13 79 84 51 1 17 84 72 48 54 12 28 57 71 36 72 26 53 92 65 33 19 70 30 6 22 78 88 75 16 7 75 57 15 52 46 8 77 28 9 46 34 27 92 45 43 88 58 34 1 47 98 73 92 80 1 73 89 5 70 87 16 20 91 77 100 66 50 20 25 89 81 36 52 26 38 98 46 27 17 47 99 42 59 12 37 44 69 42 34 41 14 81 62 66 8 99 67 88 40 12 47 67 33 43 81 42 83 42 14 94 39 4 80 29 8 91 51 94 38 37 17 84 32 86 86 77 52 81 71 49 40 97 4 46 72 27 7 71 33 38 54 50 98 56 19 38 42 94 85 1 5 23 40 71 52 37 47 91 13 13 20 28 19 69
36 63 90 26 90 24 38 100 79 96 83 46 66 70 87 45 88 64 77 95 13 73 99 59 85 18 23 45 91 93 69 96 16 74 64 97 90 2 61 85 80 48 80 40 39 34 23 66 79 67 57 78 78 95 90 68 48 15 39 31 92 38 32 63 100 100 75 26 65 45 83 86 95 66 89 63 92 72 10 40 8 31 68 87 24 70 45 14 23 77 35 86 88 68 90 99 26 24 48 14 99 72 65 59 2 37 22 15 13 63 8 76 36 40 47 67 35 42 50 98 38 76 14 75 35 22 82 77 29 74 68 90 12 79 37 24 29 19 9 94 34 46 84 13 66 54 33 88 7 8 62 70 96 90 74 66 92 66 93 97 37 12 80 68 58 39 50 48 19 60 39 80 35 43 81 14 1 28 68 23 88 44 20 27 54 43 66 51 53 87 6 74 12 25 31 72 20 2 38 43 61 41 45 33 7 62 17 9 84 73 34 9 93 7 37
66 84 44 83 60 64 68 40 31 5 27 20 39 37 65 13 77 77 54 57 11 87 68 60 71 71 82 53 45 39 51 55 5 33 100 41 32 10 70 31 7 11 63 30 33 9 84 65 24 65 91 21 18 84 43 42 88 91 84 1 8 64 73 73 5 8 9 35 76 92 6 41 26 81 34 49 20 59 94 38 97 36 31 85 99 6 40 95 15 61 13 28 24 7 32 7 69 15 97 9 55 78 16 27 15 100 88 46 18 67 37 87 36 28 49 73 75 74 26 10 63 18 98 18 54 70 4 87 99 82 32 75 27 92 82 91 2 40 50 77 34 43 63 68 29 38 41 52 40 73 59 85 26 42 80 93 79 54 40 79 91 1 70 70 82 21 3 57 68 66 83 84 81 10 86 68 79 80 71 45 72 52 17 23 7 31 88 36 84 63 73 16 16 67 77 79 99 9 2 81 71 68 55 13 7 69 58 60 94 46 49 28 3 98 53
66 54 18 2 68 31 58 52 54 9 47 45 16 34 9 68 63 4 58 4 73 38 34 62 61 40 62 46 79 0 86 95 27 57 26 35 90 6 48 36 34 44 14 66 28 65 14 30 80 23 76 64 44 80 51 65 97 34 26 6 66 1 42 17 41 5 82 77 7 34 9 61 45 2 78 10 25 20 0 50 57 24 38 40 8 66 80 93 62 76 53 27 81 91 53 90 79 35 81 77 99 61 93 50 46 79 18 69 31 30 18 49 60 36 57 11 12 51 7 11 51 2 33 56 30 59 91 56 53 18 10 52 94 75 95 68 16 45 83 7 31 26 92 61 86 95 84 75 9 85 69 84 5 0 99 42 58 37 7 61 46 26 38 27 94 16 14 77 35 0 77 85 29 48 5 78 90 95 42 73 38 17 51 85 39 86 32 57 17 47 26 35 89 18 77 21 58 70 2 73 100 37 72 65 67 72 11 93 60 13 41 10 28 62 43
58 63 68 81 72 56 84 5 98 22 77 91 89 79 14 57 43 47 25 2 29 13 22 40 3 12 86 40 47 13 95 88 48 68 85 64 83 69 75 48 44 13 50 4 42 42 97 8 51 20 9 56 11 51 92 80 11 39 33 82 23 21 82 75 94 95 76 68 31 30 17 19 41 74 73 19 36 33 53 26 48 51 92 70 43 12 73 5 46 7 10 75 99 87 85 82 27 1 43 67 7 58 14 3 38 90 10 80 31 25 28 67 76 48 87 37 17 74 24 95 88 54 30 28 78 10 54 29 63 31 21 34 26 17 97 3 23 86 8 48 74 63 70 78 52 28 34 36 66 45 67 57 17 33 72 51 72 21 98 3 64 9 6 90 25 44 81 44 29 41 89 52 14 83 51 15 29 80 19 84 7 33 15 98 57 93 35 97 40 56 81 84 91 58 5 100 93 1 61 83 46 0 37 49 18 74 14 28 80 36 90 63 78 42 3
16 65 73 97 16 49 9 32 56 41 45 29 23 9 45 47 59 61 20 10 49 13 30 54 88 59 83 23 77 23 81 9 73 22 19 30 31 53 60 9 78 48 76 17 99 65 62 90 65 41 98 53 92 60 95 78 8 62 32 1 94 37 13 21 72 80 71 43 28 93 10 45 25 73 17 66 91 41 5 81 42 32 33 0 88 58 66 0 49 58 55 99 47 55 83 14 0 83 9 2 38 75 98 62 85 63 63 53 70 5 38 14 33 31 92 86 86 84 9 85 58 60 88 65 38 57 90 46 97 91 68 0 80 73 18 12 3 47 98 45 58 55 4 3 91 17 24 56 99 66 52 74 1 21 75 17 76 93 48 42 82 14 3 81 78 84 4 63 45 83 56 22 79 10 4 79 43 86 12 33 75 42 57 81 7 15 42 43 59 95 27 100 7 55 88 55 43 60 15 2 36 63 70 60 22 1 58 25 68 59 82 27 1 91 77
1 31 23 79 41 2 44 12 77 5 52 94 15 40 41 28 72 59 55 2 68 45 28 88 93 35 55 78 30 98 96 3 11 66 15 39 83 50 44 51 3 84 60 27 44 30 48 13 47 99 22 95 10 84 11 95 56 65 11 48 63 37 42 23 16 21 34 69 5 98 95 20 45 38 64 94 74 70 95 69 81 17 41 21 19 41 46 34 69 95 3 35 44 34 1 45 99 46 24 93 65 95 86 34 1 39 43 28 15 50 13 44 92 63 19 58 61 83 49 46 23 96 47 56 65 3 86 32 86 26 5 82 90 77 39 31 96 3 65 27 16 91 82 20 93 51 29 81 38 45 100 97 1 18 0 20 6 53 15 13 89 3 96 99 93 35 98 34 15 34 58 34 0 6 35 12 40 85 31 87 81 60 45 12 80 79 83 46 5 96 70 89 0 54 87 19 91 22 1 26 89 35 46 41 23 78 51 95 2 37 10 64 87 51 38
23 93 90 31 49 51 93 8 95 51 33 40 71 35 32 49 50 25 47 65 98 46 91 81 66 54 59 49 65 9 91 70 75 38 7 22 35 13 95 76 27 58 16 100 45 89 44 23 36 36 82 54 9 54 59 63 52 46 64 30 20 73 61 0 39 98 42 25 78 45 89 55 95 100 82 57 88 89 36 98 62 15 97 68 91 66 39 58 74 71 64 19 30 31 28 3 96 19 26 21 31 65 32 60 79 59 44 76 44 64 0 72 14 80 29 93 16 34 54 80 79 40 39 59 46 88 47 71 17 4 18 81 83 3 68 26 89 34 17 51 36 98 53 89 64 63 82 17 42 35 67 76 3 79 70 92 68 22 72 91 94 47 69 51 18 28 81 16 13 3 49 16 59 66 13 41 62 74 84 68 75 48 23 49 46 23 7 82 83 55 50 41 55 9 38 36 33 84 56 16 11 95 44 33 44 39 34 55 59 37 2 21 86 56 9
42 13 73 44 6 28 65 46 97 100 74 0 90 49 15 84 99 71 11 62 52 17 45 100 69 37 20 1 69 84 53 56 74 36 31 28 33 27 74 71 60 37 33 20 2 43 16 52 83 12 16 89 80 45 67 78 7 93 74 25 46 0 20 35 54 5 57 27 94 36 7 50 75 77 21 68 100 60 16 95 17 87 72 89 0 25 62 78 89 5 98 15 43 91 39 78 64 82 0 2 85 93 61 81 31 80 91 92 22 100 9 19 34 5 71 49 41 83 7 40 31 15 96 68 37 30 26 23 8 13 80 46 46 55 53 35 52 17 50 86 56 88 36 4 92 0 100 97 68 40 19 44 11 96 88 8 77 17 9 5 79 3 9 55 94 6 80 74 12 23 60 55 55 28 92 1 37 25 16 74 83 62 75 2 33 14 94 52 28 92 68 82 93 41 33 41 45 45 47 64 80 88 72 26 36 54 14 65 91 63 73 28 44 33 50
69 53 63 47 64 7 49 93 37 60 85 40 72 13 11 44 36 81 90 30 44 82 21 51 31 96 95 53 30 68 87 20 93 79 67 67 59 63 95 62 4 6 70 86 83 58 51 21 44 15 2 25 58 69 65 58 86 66 56 8 80 54 86 36 59 15 6 81 59 9 35 46 98 58 10 85 84 2 42 74 67 64 81 18 17 64 66 72 15 53 28 83 45 60 35 2 97 55 46 68 24 40 83 77 65 91 52 54 47 27 62 2 77 57 37 15 76 26 1 48 35 94 96 95 39 50 28 69 90 80 75 63 9 98 24 68 13 51 38 56 12 91 58 77 38 85 26 8 76 67 14 36 95 97 2 84 33 61 6 36 85 65 63 50 90 29 63 44 16 8 40 24 24 61 87 37 23 70 5 96 22 12 65 45 34 4 90 20 19 25 72 24 65 57 66 36 68 29 24 34 37 89 88 64 22 32 43 41 76 94 54 21 46 51 22
82 48 90 17 72 40 53 96 10 73 38 38 35 34 15 97 13 16 67 7 61 60 60 4 88 88 49 21 45 65 67 82 82 16 51 22 3 87 53 91 86 31 66 71 47 79 80 89 33 52 100 25 45 100 22 100 59 51 33 74 91 35 6 74 49 5 48 47 5 68 28 36 61 82 32 82 10 61 83 97 9 19 49 19 97 88 6 67 7 92 91 78 34 47 2 68 91 7 6 4 15 2 37 7 14 61 33 49 2 39 84 45 60 49 32 7 52 92 46 4 3 52 21 38 6 42 44 41 94 82 71 11 21 33 16 90 100 52 80 27 43 23 25 84 88 61 2 12 59 59 15 66 67 90 85 43 36 2 13 37 51 99 87 50 37 21 92 68 91 61 19 40 20 74 21 1 75 92 37 39 71 96 8 51 45 11 68 27 36 76 1 39 78 0 66 57 4 57 28 67 38 49 23 60 23 15 60 4 51 2 19 44 17 54 4
13 98 87 62 2 55 97 98 74 17 62 53 50 34 52 19 33 59 97 90 75 6 48 87 30 96 81 96 29 82 59 90 4 75 12 21 15 0 19 45 78 99 4 66 19 60 63 65 65 11 49 21 15 24 38 95 97 73 85 27 99 58 65 86 56 35 1 37 40 97 90 17 89 55 54 31 67 74 92 54 73 1 58 30 81 100 26 56 1 8 59 26 54 64 66 77 29 53 38 90 67 65 92 23 9 0 1 98 25 29 76 18 38 45 73 99 58 88 61 91 84 90 59 61 49 72 83 30 88 0 100 97 64 72 13 86 98 20 82 95 90 71 18 91 57 13 44 95 94 75 16 27 96 15 50 30 24 83 67 97 78 80 68 12 42 82 49 56 62 31 58 57 50 52 7 65 37 53 93 15 89 100 64 14 93 22 57 82 26 49 96 24 79 97 70 19 85 8 0 34 29 46 100 73 6 81 69 58 0 44 31 31 35 89 58
16 92 78 55 20 62 54 70 17 3 61 83 15 94 65 94 12 95 41 40 6 88 97 3 31 45 11 90 74 99 77 86 20 51 84 33 17 47 94 95 52 14 0 50 33 8 0 11 17 75 61 48 11 64 29 5 48 40 83 24 45 2 26 72 40 0 1 39 10 87 69 37 4 31 45 45 19 70 89 3 87 86 15 51 89 81 47 71 92 77 24 59 65 56 89 26 55 76 24 93 49 66 63 47 7 99 68 63 52 91 14 89 90 83 95 2 64 43 62 86 6 15 62 0 74 35 30 45 55 23 40 86 4 58 95 25 72 55 41 12 76 57 35 22 51 73 90 31 43 88 67 78 68 76 14 57 17 74 83 91 94 15 88 34 39 4 48 57 91 93 1 94 50 96 27 77 24 67 70 93 12 29 1 55 34 45 58 79 25 23 81 65 15 38 97 93 88 33 81 20 38 92 9 87 82 82 30 43 40 91 87 35 4 83 63
0 25 42 25 9 69 46 90 53 74 51 64 56 61 90 21 44 10 90 1 40 55 94 88 73 59 93 1 15 13 2 87 87 84 97 66 45 24 13 47 45 76 9 40 75 16 38 31 86 16 41 29 53 1 77 36 45 9 76 7 54 1 96 99 25 71 57 33 56 86 71 39 65 64 44 13 23 38 37 42 98 16 20 30 86 39 18 52 76 25 92 87 2 18 12 14 5 93 48 88 36 20 56 21 1 68 9 76 5 62 84 79 86 47 48 6 20 52 7 53 14 43 37 20 88 31 24 69 22 47 0 54 43 18 5 85 24 19 5 99 5 28 2 78 100 34 46 72 63 45 64 26 50 8 73 13 20 14 20 18 22 33 66 46 72 80 82 90 37 41 1 74 71 23 94 3 25 27 23 73 95 16 40 23 77 96 31 93 0 74 43 32 35 54 97 79 74 81 54 11 87 79 18 85 98 51 60 24 47 41 4 23 70 93 33
57 56 72 87 65 80 59 84 11 94 70 37 71 19 28 78 63 23 6 85 41 55 61 96 34 1 42 9 48 43 48 0 73 22 33 20 23 5 16 41 55 25 11 29 20 57 58 57 70 8 69 70 35 5 15 86 77 74 51 94 61 73 69 95 25 31 58 93 64 75 85 8 80 95 22 67 12 95 11 8 53 14 31 76 31 43 100 65 35 9 62 22 37 55 94 89 29 72 43 63 82 24 19 94 14 95 10 48 84 58 83 45 28 32 4 16 35 47 23 58 67 32 79 61 20 22 65 6 10 80 6 27 87 62 0 24 60 7 40 95 63 21 12 65 15 71 78 50 86 27 4 27 84 56 84 63 0 72 39 49 81 74 46 91 24 7 61 51 14 9 96 25 99 7 50 21 31 17 13 35 76 20 59 76 97 87 92 68 50 29 45 23 100 62 80 46 27 34 85 94 97 91 81 79 39 10 73 20 55 2 40 96 0 9 49
77 15 84 33 63 45 1 25 54 56 51 10 16 53 14 58 63 11 85 81 81 68 68 72 28 52 48 87 8 64 45 79 84 55 92 82 38 37 29 89 40 71 53 2 28 80 8 70 60 57 92 15 32 22 36 78 3 11 13 42 32 42 70 44 5 86 24 62 75 32 2 96 70 45 39 51 14 47 40 37 56 95 69 7 2 89 55 7 39 38 95 83 44 74 20 15 26 1 83 48 45 84 16 37 71 12 34 27 49 77 15 48 75 68 39 51 91 14 60 46 40 86 26 74 59 70 2 14 37 58 76 2 4 87 12 78 2 36 55 20 35 93 21 26 56 55 94 42 58 87 89 19 64 78 52 44 27 38 58 72 94 2 65 68 47 54 17 84 45 64 33 15 5 2 35 35 98 1 75 80 66 3 0 61 85 100 98 91 3 30 53 80 97 65 62 90 62 80 63 11 13 36 4 74 54 26 89 83 22 68 22 84 55 48 50
89 82 62 84 64 95 12 10 61 11 81 78 56 2 78 18 73 46 14 19 6 8 23 93 15 70 20 60 15 45 95 90 54 15 99 43 83 46 40 66 31 46 42 21 52 39 90 34 43 47 88 46 78 0 38 80 13 54 34 5 36 54 51 81 99 60 74 29 59 33 38 13 70 3 95 2 90 40 26 49 88 6 1 95 90 44 94 99 66 71 67 39 62 61 84 96 35 81 50 95 55 14 23 81 17 5 69 13 71 8 99 28 18 63 73 35 9 36 70 81 47 74 56 27 46 42 22 94 21 59 58 100 92 93 56 9 6 90 80 63 87 35 83 26 97 77 20 22 38 48 86 54 51 52 57 20 82 39 98 72 17 3 83 18 8 100 16 13 90 89 23 42 2 84 33 89 77 98 98 98 18 56 19 99 97 78 7 18 13 24 96 79 33 32 98 20 23 65 90 88 4 83 2 61 63 78 43 84 58 9 3 87 49 28 64
68 0 54 14 60 62 38 91 69 20 98 88 8 97 9 93 87 87 18 8 35 80 13 19 96 6 50 29 69 24 74 50 57 28 79 51 100 16 5 16 71 26 13 55 63 75 54 38 83 59 2 11 80 26 14 56 37 97 51 16 23 60 34 48 60 57 93 73 40 2 19 89 94 91 5 28 29 92 7 31 75 4 22 98 75 6 50 58 90 89 73 4 91 41 50 26 19 15 68 7 98 41 96 55 94 94 57 51 85 7 26 41 42 10 68 48 7 51 75 66 13 41 53 52 91 1 79 76 38 53 51 36 17 83 96 84 33 11 93 95 74 97 74 69 36 5 36 80 93 95 65 62 54 80 81 51 71 35 37 94 0 34 14 22 62 4 98 35 9 80 54 27 67 59 78 58 61 16 41 18 54 77 24 24 63 34 5 87 57 100 92 57 81 64 49 81 38 3 34 36 59 48 79 97 69 51 47 39 12 55 14 37 80 6 78
40 50 100 59 42 19 7 60 7 52 94 84 2 38 98 99 92 11 63 54 29 55 3 68 6 52 97 32 11 0 95 62 0 25 72 43 100 42 80 93 81 94 62 94 97 50 84 34 59 1 4 98 95 9 78 9 19 100 44 0 98 81 72 67 24 84 59 6 37 90 16 91 54 59 35 100 12 75 74 35 48 2 28 50 66 6 83 82 41 93 78 18 0 57 36 27 40 29 62 1 41 20 96 92 87 42 8 44 89 77 99 98 48 20 45 31 4 42 39 3 29 83 61 0 87 2 13 92 45 91 46 26 32 98 81 44 68 26 31 94 58 67 93 34 62 48 86 6 74 81 86 10 52 95 91 100 70 12 19 79 98 47 97 28 71 11 72 24 8 42 83 1 16 96 67 11 83 63 67 42 21 100 33 11 87 20 79 43 78 70 90 95 23 89 37 55 100 16 73 70 75 14 77 83 93 86 18 99 17 42 46 6 23 92 33
96 19 1 72 71 43 56 24 100 31 44 80 11 78 12 7 23 78 32 22 84 91 93 78 31 73 92 24 100 80 88 8 7 45 60 83 11 57 70 44 1 75 24 37 23 77 67 54 93 44 54 69 96 2 60 87 23 11 37 93 96 79 38 100 27 33 67 37 7 4 16 36 63 17 29 52 15 30 28 13 34 98 3 8 75 58 99 39 67 50 72 24 28 69 65 33 76 81 3 99 61 6 71 72 37 41 14 28 7 80 22 37 100 72 30 38 48 34 33 47 1 11 89 67 22 59 2 60 26 72 72 81 2 31 57 29 37 53 57 100 67 41 94 74 23 30 86 5 97 82 22 75 94 16 14 29 89 18 12 73 39 34 34 73 97 84 29 57 78 16 58 4 86 34 94 45 67 79 99 47 12 79 88 60 33 87 75 85 86 12 99 54 53 35 12 90 67 90 98 39 52 95 99 64 21 83 29 7 96 79 13 42 59 47 100
91 15 68 44 75 6 75 46 9 68 71 21 68 85 34 63 21 2 68 14 78 55 62 23 65 95 9 81 75 48 45 63 74 55 40 4 85 23 63 79 13 82 63 34 87 94 21 13 64 68 54 55 96 64 58 24 29 34 47 20 42 6 67 17 29 21 75 23 32 30 89 9 100 15 59 0 3 2 0 51 77 1 9 29 9 6 26 74 53 35 81 71 64 73 41 52 49 68 36 22 74 80 44 57 93 67 55 60 52 51 53 38 54 87 92 37 18 87 94 61 68 25 89 99 72 2 14 5 28 18 65 37 1 3 21 36 41 28 90 47 77 89 79 58 84 48 1 4 32 69 92 73 66 41 9 76 4 81 9 23 10 47 14 32 36 1 55 23 88 21 9 58 11 45 3 43 40 49 46 91 57 43 67 14 88 40 84 91 72 49 61 24 93 91 52 34 92 40 13 48 92 24 74 78 78 8 26 71 85 25 84 2 58 73 9
91 74 78 12 50 46 39 11 86 41 45 40 84 54 31 52 55 68 93 81 63 100 6 30 65 54 58 97 91 41 63 47 38 24 33 0 23 53 43 79 51 1 66 56 30 72 46 31 67 19 10 49 79 59 32 71 42 57 60 39 26 82 5 9 22 86 96 32 78 20 23 26 9 67 37 18 29 82 76 14 23 92 35 27 59 96 96 27 18 81 70 14 66 72 10 98 36 91 34 26 83 1 48 55 56 63 0 64 48 42 25 74 70 17 24 98 85 44 87 5 60 69 82 18 18 47 36 16 53 3 59 15 88 79 11 60 50 90 69 71 95 100 41 64 77 84 30 94 12 88 58 47 90 88 18 3 6 47 46 40 96 8 64 47 51 57 47 59 18 94 40 43 77 96 63 43 18 78 98 11 36 47 67 30 25 100 65 63 98 42 20 68 53 61 86 24 53 85 45 49 51 51 5 74 28 30 66 32 52 68 27 57 2 4 25
94 34 62 31 99 29 96 2 49 17 50 14 66 90 40 14 53 3 71 58 51 50 87 14 51 44 90 54 16 53 48 89 42 2 25 84 88 40 39 22 13 72 23 78 45 56 47 40 76 3 83 76 86 20 25 64 20 75 0 60 13 72 98 45 21 48 61 49 57 29 27 95 81 15 86 14 70 51 11 36 29 53 61 26 82 18 27 28 35 44 84 56 61 12 88 40 67 4 91 41 25 86 99 87 52 32 63 25 68 66 87 74 60 27 99 33 21 38 23 95 79 20 63 53 66 86 59 32 13 80 41 77 50 30 68 67 85 87 57 59 56 11 38 85 65 23 73 7 47 25 56 80 25 73 20 79 95 26 95 86 56 31 50 13 32 93 21 32 72 32 11 62 59 55 17 87 48 80 93 60 29 81 49 3 10 52 28 95 53 37 9 68 18 20 44 48 60 79 34 18 50 97 93 58 83 13 80 89 52 88 91 1 30 20 89
17 50 11 46 5 19 89 9 21 58 51 16 100 72 88 51 27 32 96 37 92 81 78 18 62 86 9 99 49 83 96 49 57 24 41 85 12 97 9 24 29 93 97 80 6 43 55 66 62 67 64 36 49 48 97 51 25 62 92 97 58 2 80 37 29 65 53 60 100 44 32 19 15 78 82 76 14 71 59 60 84 52 74 54 23 67 39 44 30 49 38 2 79 91 27 14 33 94 57 21 14 96 96 95 77 44 93 19 4 80 49 74 70 24 52 55 2 31 11 100 19 25 75 19 6 70 15 3 28 83 28 56 23 13 97 95 91 70 38 50 69 83 36 23 99 7 35 99 50 53 6 94 7 81 24 78 12 21 15 48 69 43 31 78 94 93 91 62 97 98 1 94 55 79 52 21 44 73 93 47 5 57 55 13 61 15 98 47 66 2 75 6 43 23 99 68 30 57 38 35 2 77 90 20 64 94 93 11 89 82 14 73 1 51 93
7 70 79 40 46 2 62 97 5 19 14 66 68 57 37 27 4 42 38 70 35 66 70 31 39 29 51 47 14 3 26 16 77 36 78 66 19 85 82 3 21 73 82 40 96 95 50 40 98 62 64 86 44 59 13 33 30 5 81 35 46 52 24 4 43 89 72 49 61 74 61 22 31 78 17 24 75 64 97 33 10 45 93 75 81 21 61 57 100 12 30 14 58 66 59 88 83 60 45 44 93 39 10 76 80 24 19 7 54 12 63 68 33 46 15 4 39 72 82 61 89 54 9 88 60 32 78 35 33 38 69 91 45 34 75 21 0 75 9 65 25 94 24 80 0 51 66 41 93 28 24 96 56 88 29 94 84 59 40 100 22 17 33 47 1 46 77 42 85 53 98 84 62 36 61 62 55 39 33 83 98 13 99 65 95 73 71 44 76 25 38 68 30 96 72 88 14 47 52 55 44 19 9 23 96 60 7 59 82 53 91 18 7 39 29
24 4 19 47 78 99 75 55 68 83 63 23 83 50 72 9 24 90 23 48 70 65 33 40 56 51 92 45 84 53 81 89 1 21 42 14 2 61 50 64 43 2 3 22 56 77 87 59 90 76 95 0 17 100 5 21 4 97 38 72 50 69 68 93 51 21 80 30 64 87 13 10 13 9 55 16 65 52 89 9 18 91 33 73 98 9 55 75 37 71 64 86 18 95 12 36 46 73 10 7 41 43 35 51 29 95 75 2 97 33 62 35 11 95 68 69 87 12 71 86 81 99 24 76 15 83 78 50 83 1 34 46 16 32 19 16 64 83 84 46 74 30 58 38 15 57 21 86 56 21 95 97 80 24 47 99 2 9 3 90 13 75 30 92 77 24 19 48 23 18 48 27 32 67 97 64 4 4 28 7 58 10 51 52 86 60 8 31 60 93 85 15 18 100 56 9 17 96 8 93 79 57 58 94 63 82 1 74 87 29 17 97 11 95 65
0 10 83 69 25 93 60 1 100 18 23 52 24 61 81 30 95 48 10 8 51 29 14 44 86 82 86 29 13 2 37 70 26 5 80 75 55 23 38 68 44 42 70 62 68 96 16 13 66 7 23 56 49 40 94 21 6 87 91 55 81 40 5 15 24 50 10 8 60 7 26 68 14 38 84 90 63 38 97 85 42 94 69 20 8 26 3 13 35 49 28 61 95 38 12 10 14 90 79 80 59 72 84 67 91 11 27 73 56 0 100 76 65 69 5 10 27 30 74 71 34 57 8 41 97 12 3 43 89 60 91 46 78 26 88 24 33 85 31 87 71 91 15 34 47 41 29 82 88 25 11 97 96 14 95 27 41 91 17 64 62 52 42 72 72 15 21 86 27 28 53 0 8 35 37 36 56 12 22 40 89 95 96 85 66 37 49 12 34 77 1 59 15 28 11 25 86 85 20 60 66 0 7 18 40 26 33 29 69 53 95 53 16 35 9
56 46 69 62 13 57 61 30 50 43 50 74 51 96 41 81 82 85 6 51 15 99 33 12 32 30 5 22 56 94 47 7 33 40 62 100 5 64 91 81 49 70 95 50 85 93 67 15 25 72 67 89 94 42 69 11 33 27 72 38 59 6 25 69 63 73 64 13 41 81 33 75 45 97 93 19 60 49 32 15 17 35 32 59 71 62 25 68 14 72 90 29 39 57 27 12 35 70 77 2 98 76 72 61 68 42 49 95 32 2 2 36 23 77 60 41 13 60 99 36 73 68 63 25 0 49 15 95 22 73 2 83 39 86 11 89 56 88 28 74 42 36 67 91 79 14 78 5 26 94 9 44 58 27 77 9 66 73 54 92 26 74 0 23 56 24 62 67 73 81 77 60 56 4 95 62 50 72 82 19 88 78 84 45 28 62 20 5 67 20 17 16 53 34 2 42 75 65 9 38 89 44 59 55 42 69 27 97 1 61 11 1 65 33 36
8 13 12 28 39 48 65 57 22 95 38 45 76 12 89 93 95 89 73 56 13 26 27 1 74 88 38 22 53 2 56 58 78 71 84 7 68 44 38 56 74 52 67 54 74 27 15 34 22 83 37 48 69 46 77 37 14 31 16 71 55 7 30 94 88 91 78 73 83 72 83 33 100 42 4 70 41 14 48 54 29 54 27 62 2 9 42 42 83 32 33 97 44 73 62 53 90 27 67 11 35 49 10 37 85 28 43 1 22 63 56 83 56 64 40 76 32 50 34 56 88 81 77 78 53 52 30 14 37 85 63 100 72 10 48 74 57 66 13 12 23 73 54 76 86 77 45 25 81 87 80 22 22 34 36 69 56 43 69 37 13 27 94 91 36 38 56 36 10 48 43 13 58 84 75 88 69 82 58 99 26 13 77 44 68 43 8 67 13 35 29 66 30 16 88 37 20 50 38 35 40 42 44 73 8 0 65 28 34 67 10 55 11 84 74
36 26 61 5 27 71 77 16 35 76 99 4 43 64 18 22 86 61 28 75 61 51 6 43 71 31 89 2 41 20 50 78 60 55 100 36 78 20 1 93 100 91 51 10 21 47 43 90 67 6 20 98 22 83 24 44 24 19 79 25 84 79 66 19 92 53 44 55 81 24 15 0 91 57 26 80 13 23 66 55 3 16 0 1 88 77 17 97 38 21 50 15 5 54 7 73 11 45 97 24 32 76 60 56 50 28 30 33 29 12 94 24 93 6 3 59 82 43 29 100 5 30 20 25 20 39 41 7 26 38 52 53 67 33 51 99 13 29 9 71 18 8 16 18 15 35 38 100 22 86 18 97 94 67 43 61 86 64 71 56 63 77 55 73 69 45 38 77 4 30 30 26 47 61 92 1 15 67 47 86 28 2 5 76 48 83 30 40 34 73 42 4 79 22 96 40 65 16 23 78 26 85 60 57 67 30 21 41 67 27 80 47 40 76 93
49 59 100 16 32 95 46 4 56 26 31 4 40 80 20 23 17 19 80 68 23 0 50 36 98 77 7 81 48 76 82 42 16 43 2 14 30 92 63 75 31 46 49 66 41 27 85 74 99 11 39 25 50 35 51 63 12 89 25 20 10 87 90 57 8 53 19 85 48 89 39 42 73 42 84 60 96 91 24 72 89 87 4 67 79 25 88 44 86 52 24 51 58 19 30 77 39 91 88 1 95 65 10 89 21 4 3 83 60 3 76 52 47 87 98 28 77 86 31 35 72 95 88 13 90 43 0 19 73 94 78 59 1 13 89 71 95 97 42 26 44 36 88 59 64 2 56 61 52 22 22 45 5 95 45 55 49 16 20 23 23 88 25 76 97 45 65 15 33 18 36 80 86 76 58 12 92 68 87 51 61 50 47 80 86 36 40 57 14 88 18 83 14 47 72 26 69 93 63 58 61 99 16 5 18 12 34 33 20 82 95 51 82 72 58
36 18 91 46 25 10 20 95 16 73 73 53 83 13 61 23 23 55 59 27 17 69 67 33 42 54 85 2 40 49 16 35 80 55 86 74 6 100 27 60 12 45 41 36 56 42 56 96 48 87 54 16 55 16 73 99 42 24 66 1 73 65 21 93 84 60 54 28 4 63 52 99 68 72 35 84 40 8 63 82 55 36 21 18 79 100 18 78 10 59 66 87 34 55 12 57 60 71 56 33 68 40 14 51 28 2 12 74 82 85 11 33 92 77 36 2 6 71 27 46 6 22 27 62 14 97 26 96 16 44 92 80 5 7 1 22 27 60 17 44 24 79 72 65 10 70 60 74 49 62 84 7 7 77 29 54 100 53 16 48 23 76 19 7 6 86 22 20 20 14 50 49 41 54 85 93 82 85 39 16 91 18 2 10 12 41 92 57 72 90 36 84 47 47 5 44 26 41 14 83 83 82 98 40 93 78 38 18 97 11 97 99 74 90 30
49 79 66 35 66 83 66 73 83 37 40 100 8 30 58 87 27 27 77 2 24 72 39 65 74 3 84 19 0 6 35 72 20 8 32 66 79 87 75 32 1 50 62 92 91 84 58 82 39 18 37 97 4 56 46 63 37 39 39 67 91 53 21 5 59 98 93 66 54 56 68 81 25 57 92 65 89 89 96 18 91 23 4 16 67 36 87 59 13 1 75 27 38 42 83 73 79 35 39 54 89 20 84 45 4 69 59 95 5 20 50 64 47 7 11 54 58 89 67 90 92 22 8 69 29 11 49 100 36 72 58 24 74 42 34 67 9 54 84 16 41 89 95 58 90 94 88 46 43 42 12 77 19 88 41 89 50 3 31 1 96 94 75 26 100 52 61 47 96 66 65 31 83 42 0 75 83 95 57 31 57 64 16 75 29 31 1 64 6 29 6 66 75 98 14 70 82 23 23 0 90 63 66 44 51 34 23 56 74 78 33 17 29 80 27
62 29 0 63 87 92 6 85 64 10 99 46 63 59 62 86 95 52 5 25 8 64 72 9 51 65 85 67 3 58 43 25 98 96 41 34 8 58 80 91 2 72 58 64 21 72 46 27 72 80 30 2 98 69 53 41 58 80 89 100 50 83 10 98 65 64 42 96 64 63 88 13 45 58 3 98 12 64 32 22 54 0 63 68 66 21 20 96 67 79 30 65 33 84 4 40 93 15 18 50 42 97 74 51 57 70 7 42 35 48 32 55 32 39 47 14 63 47 96 80 10 62 55 52 45 44 59 42 31 35 29 84 69 86 8 61 99 24 97 71 34 80 11 65 35 2 33 77 76 1 9 60 70 58 40 49 32 50 97 57 34 39 87 93 62 87 0 35 55 81 62 50 53 49 80 9 99 14 91 90 93 60 27 90 87 43 88 43 59 28 19 77 62 78 11 41 67 17 69 74 22 31 89 33 37 60 64 0 70 78 75 51 30 62 36
83 74 37 55 86 61 71 55 23 20 2 12 95 53 3 82 82 37 45 71 63 89 10 17 50 8 60 29 59 72 52 55 55 36 20 98 73 0 68 1 100 88 91 54 100 90 51 40 76 19 21 56 61 42 29 12 81 39 27 13 11 8 83 91 85 28 8 47 83 1 36 69 70 86 7 54 8 65 100 84 1 60 18 0 65 45 34 71 64 16 25 80 28 5 72 48 56 71 90 56 12 67 32 37 78 4 59 39 68 41 93 67 33 36 31 52 69 27 64 78 4 80 27 9 48 53 33 8 68 84 55 100 4 85 6 82 1 10 2 79 28 75 23 18 43 62 12 82 77 0 46 75 54 84 11 8 89 64 87 14 38 0 99 11 28 71 17 55 84 58 66 60 87 40 79 81 34 52 1 55 61 66 42 70 62 87 68 65 2 71 25 64 46 45 96 21 65 34 37 65 18 17 94 50 23 45 17 10 9 88 28 99 36 45 26
17 1 54 70 73 46 74 93 27 68 100 50 16 8 43 98 36 67 91 44 98 61 91 87 14 39 35 21 55 83 76 73 56 57 10 83 59 38 40 90 23 76 77 73 34 62 91 87 39 7 56 44 74 89 46 21 66 6 38 5 93 48 29 7 66 7 45 37 4 76 17 35 93 70 83 27 3 57 16 39 49 91 98 83 87 41 9 3 30 91 44 2 26 99 13 27 38 45 21 98 76 34 11 69 59 13 41 86 7 64 77 25 98 2 95 5 82 79 85 49 66 30 31 54 38 91 82 71 42 98 48 30 60 95 45 3 70 20 93 86 82 84 78 98 85 68 11 76 13 47 99 29 100 27 86 37 93 7 80 8 46 88 15 95 72 41 2 45 74 98 71 58 77 94 5 86 22 52 17 96 39 55 31 82 7 12 84 65 46 40 19 9 63 77 5 58 95 23 52 71 5 98 42 32 84 62 28 62 4 63 78 66 39 72 63
77 64 15 24 37 75 12 4 25 72 39 91 10 1 47 44 68 33 13 8 86 48 30 80 61 73 81 18 70 90 6 2 29 49 96 1 61 91 57 9 31 68 16 57 63 52 49 20 61 65 80 62 99 62 82 100 52 71 48 39 0 27 74 89 52 21 55 13 58 29 51 38 76 69 57 37 33 41 19 29 32 26 10 53 28 11 90 94 64 46 35 69 88 73 95 4 19 80 86 42 14 64 9 4 40 33 81 12 11 1 51 85 39 20 49 90 24 94 76 63 6 94 45 86 5 76 93 32 49 78 32 7 83 80 76 37 93 19 35 43 98 50 93 23 96 42 64 84 69 38 93 3 16 99 93 6 51 59 27 10 42 29 56 57 63 5 1 54 69 28 2 28 50 29 66 17 34 7 83 5 83 25 14 2 44 25 55 79 14 26 61 66 52 52 3 9 2 45 91 23 8 65 90 22 53 74 57 2 25 41 15 6 33 29 64
93 48 3 93 61 22 8 100 55 56 9 68 51 82 35 100 68 55 78 46 15 37 97 82 90 94 62 59 88 53 31 98 54 81 63 56 21 60 20 0 64 69 65 46 43 100 54 88 81 77 48 92 69 86 59 4 66 25 35 53 19 58 40 87 70 77 3 5 12 96 4 66 12 21 39 9 70 58 52 87 21 74 65 66 7 86 97 63 58 31 19 48 39 45 36 46 44 80 97 61 55 98 34 72 26 60 26 93 39 73 40 44 81 55 27 86 33 15 9 94 22 46 36 25 94 89 10 77 55 93 86 97 31 98 73 10 30 28 81 59 16 48 61 71 11 23 93 7 44 46 14 6 2 95 60 11 97 64 28 68 95 29 79 94 71 17 38 36 75 95 74 65 93 84 18 49 83 56 9 21 36 85 5 54 58 84 43 92 64 36 23 92 77 12 24 10 33 28 51 36 16 73 11 26 30 25 72 64 38 55 2 12 42 73 40
7 77 48 40 77 65 92 39 10 78 79 99 13 32 69 41 70 22 64 28 76 95 0 19 41 87 24 17 32 86 10 22 77 92 66 14 1 91 75 57 56 91 56 20 1 92 10 57 86 94 80 27 96 80 68 99 54 99 81 12 13 58 26 68 66 73 52 84 87 49 69 37 85 57 6 99 43 1 46 44 53 79 56 65 16 26 24 46 64 93 65 83 28 47 46 87 31 64 50 67 39 77 9 18 87 67 46 7 17 74 6 23 47 2 15 84 58 69 81 61 1 77 10 62 55 48 42 69 89 15 82 16 11 88 10 58 39 65 5 55 95 69 2 97 58 72 20 63 20 31 79 41 86 90 92 75 76 2 68 25 31 91 82 86 60 51 36 47 35 59 83 38 11 29 97 11 98 3 85 79 76 25 66 38 22 45 40 42 58 47 27 27 95 75 76 40 59 47 22 57 4 0 52 90 26 74 7 57 73 20 79 65 91 27 91
77 73 46 7 43 43 5 31 50 61 36 2 9 30 89 60 65 22 2 58 51 51 83 74 87 55 53 81 5 42 85 14 43 21 50 94 73 27 48 24 52 81 73 34 53 78 1 40 38 90 19 36 67 64 69 54 69 50 81 78 9 8 91 84 1 82 51 35 16 85 0 21 53 11 18 37 71 91 13 4 64 29 2 8 55 20 99 60 96 22 61 27 86 24 86 26 35 81 19 100 11 43 28 89 64 36 77 85 82 47 92 66 68 69 78 59 56 37 6 92 82 47 65 54 42 98 37 63 0 69 74 11 69 16 61 7 35 22 90 70 100 9 91 9 28 83 92 87 25 56 73 44 67 90 70 15 86 65 28 20 12 41 36 42 63 25 13 50 72 49 51 19 38 21 70 29 35 63 9 67 17 59 98 45 24 93 60 3 15 70 81 99 8 97 95 0 100 14 60 72 27 69 85 17 3 69 41 39 37 6 93 35 73 58 41
18 98 79 91 63 51 62 49 55 75 23 74 94 95 46 47 79 88 65 74 99 38 56 17 91 20 94 66 82 29 72 52 17 94 72 47 63 38 94 81 0 88 100 2 19 38 61 38 46 40 57 54 47 67 93 79 47 66 98 9 83 75 51 22 38 72 18 21 16 56 25 20 83 72 35 27 14 48 99 7 12 70 99 88 58 74 27 59 62 51 18 28 9 34 18 86 52 98 12 52 40 57 13 6 83 3 23 36 54 13 30 63 90 44 73 25 38 24 87 26 97 13 33 74 15 33 15 41 94 12 61 42 51 47 51 69 51 49 11 18 76 65 2 9 8 93 29 3 7 50 22 68 4 95 62 23 55 58 15 15 61 67 5 4 24 84 89 58 85 46 39 94 52 44 94 47 10 32 42 68 58 74 83 53 39 62 93 10 100 43 2 77 8 79 59 1 29 26 33 84 23 65 98 84 40 11 61 20 63 44 80 92 7 24 50
27 93 51 31 37 21 75 97 9 14 55 67 22 18 41 17 32 30 80 85 65 12 77 4 73 89 12 91 41 34 96 31 91 2 35 79 77 90 47 70 24 16 73 66 78 30 96 93 59 23 94 7 39 25 86 52 89 93 89 79 26 4 75 35 14 27 78 99 39 47 4 23 54 80 38 5 40 97 56 94 38 47 72 30 51 1 79 50 56 21 81 26 58 10 16 50 60 29 9 64 72 32 73 11 91 3 64 10 11 50 34 54 48 2 50 18 62 45 30 11 44 66 62 67 0 36 6 51 88 48 72 33 15 51 61 13 20 13 54 51 49 91 78 95 45 84 50 56 58 100 16 22 5 19 28 65 61 30 29 30 0 69 32 12 84 1 3 16 39 59 2 11 13 18 79 47 80 6 71 89 77 4 73 93 58 49 40 97 57 33 57 61 4 29 34 97 3 95 82 71 47 62 7 75 93 14 91 23 72 14 4 54 77 98 49
17 94 85 22 63 64 4 7 87 42 20 80 68 25 18 96 96 82 22 23 79 5 80 49 84 71 48 33 61 71 71 68 84 40 57 61 61 1 95 99 84 80 59 15 25 12 27 68 27 57 50 100 60 3 95 99 93 83 31 31 19 16 29 89 81 6 6 72 84 83 34 63 36 59 11 35 98 19 25 59 31 54 52 34 40 39 84 100 78 9 1 99 88 40 1 46 87 100 7 60 42 51 14 93 69 67 39 39 37 64 95 1 72 45 14 67 35 48 11 96 81 15 64 67 83 90 4 18 8 56 12 59 98 64 69 29 6 98 69 24 12 41 53 43 46 46 60 93 20 6 36 68 11 42 77 83 42 85 30 64 17 70 8 2 85 59 60 70 81 74 97 72 82 32 29 67 33 29 84 81 76 64 59 93 54 70 68 86 6 88 47 15 27 69 18 3 15 100 49 54 49 97 29 94 19 54 19 67 22 73 67 51 69 63 2
26 93 94 66 66 12 9 5 39 99 17 20 54 29 84 1 88 79 80 49 62 90 54 4 21 42 87 2 24 15 18 41 90 94 17 41 22 70 38 72 62 39 7 92 32 28 0 61 59 1 24 63 78 43 74 27 32 93 0 45 33 61 82 58 65 99 24 58 40 57 36 15 30 59 46 59 91 99 20 84 92 0 29 96 81 41 63 89 59 3 44 81 55 2 4 13 16 55 56 21 66 21 82 15 79 10 48 83 15 53 48 46 43 0 91 73 11 88 47 60 25 93 0 1 93 32 70 97 83 70 2 87 44 63 43 77 15 54 1 9 24 91 48 34 20 30 18 57 24 70 26 83 89 45 20 38 92 42 26 60 73 38 77 41 17 1 56 54 17 98 48 96 4 29 55 36 19 39 97 13 39 3 96 34 46 8 70 92 15 45 1 88 61 26 74 54 54 40 0 26 81 92 52 91 48 66 53 29 20 65 64 100 51 68 95
37 55 27 92 87 60 9 95 81 40 41 17 73 40 9 58 55 40 50 50 24 68 34 18 93 11 97 99 41 46 18 54 38 62 62 21 6 82 4 94 34 15 61 54 9 24 27 75 48 81 54 3 84 82 5 76 52 93 76 79 64 85 69 9 58 84 72 74 39 25 25 35 15 84 19 73 68 99 82 42 16 17 78 61 3 34 84 4 26 67 25 67 19 11 97 12 8 52 54 59 93 68 2 46 31 100 33 39 49 24 2 65 10 52 16 69 20 71 46 64 64 57 64 43 42 74 40 13 25 42 92 34 43 15 30 40 47 16 22 70 83 100 55 84 53 81 16 14 73 11 98 79 99 13 10 40 12 90 51 0 45 49 54 98 81 1 54 76 27 24 58 36 38 50 46 82 59 76 15 25 95 39 6 95 5 92 91 40 24 26 59 68 36 35 45 57 23 14 81 43 55 91 48 73 43 57 26 9 48 22 36 71 23 10 47
13 95 51 75 0 11 33 26 55 76 45 43 9 42 85 97 22 79 31 57 3 49 49 11 30 85 88 59 18 43 57 14 55 47 28 25 63 13 92 26 53 84 58 91 75 74 9 56 97 78 66 41 78 33 93 19 84 39 86 63 74 43 59 83 14 61 9 30 38 53 26 43 4 23 75 54 59 33 85 57 80 49 13 62 65 81 50 60 76 1 44 71 100 26 11 38 60 63 39 46 17 27 50 57 30 43 24 72 11 61 66 4 19 57 76 84 59 15 22 2 51 72 95 0 84 92 12 72 71 56 14 64 33 64 5 15 29 69 40 15 3 5 74 25 97 4 35 59 43 24 60 73 51 52 97 49 64 52 74 47 17 32 4 82 63 50 18 46 62 38 83 79 29 67 85 53 52 1 95 43 27 74 49 41 63 24 24 94 97 84 20 91 84 19 70 23 94 22 68 84 3 71 27 32 56 77 51 18 54 6 92 63 92 24 44
51 85 20 33 11 81 37 94 85 57 39 49 78 100 26 33 88 79 69 88 76 97 83 4 36 93 32 28 18 96 92 20 37 53 30 84 68 62 26 27 61 97 16 54 85 4 39 66 14 70 53 30 58 16 81 95 21 69 90 70 77 73 66 81 73 71 10 20 99 75 52 85 87 95 73 79 51 87 58 84 41 83 97 10 50 24 99 59 22 56 81 39 60 80 4 54 73 57 19 81 54 40 83 43 11 61 45 82 51 9 91 24 41 46 19 84 44 67 1 26 98 66 0 22 99 81 28 76 96 91 39 50 5 66 60 77 2 17 70 72 20 46 66 2 49 12 70 92 85 39 73 85 79 99 94 45 23 94 84 70 69 48 87 85 70 11 97 43 68 29 62 69 13 60 68 56 96 21 45 85 43 17 24 10 83 8 7 80 57 33 29 84 98 98 9 6 55 85 19 0 48 24 38 85 28 47 21 23 17 56 36 27 72 82 77
74 44 17 100 11 95 28 55 81 86 70 59 58 78 94 74 33 45 18 15 24 54 8 85 3 8 53 69 79 53 87 79 61 3 53 63 39 13 9 40 17 29 53 22 31 49 55 78 54 95 35 84 57 30 92 13 49 53 22 55 84 80 34 20 84 99 99 4 49 31 38 87 97 21 20 3 74 37 39 88 43 34 82 71 88 96 5 39 17 3 85 74 75 22 13 75 72 12 86 96 10 80 8 89 81 97 17 95 74 74 94 47 9 75 84 65 90 59 76 41 24 72 5 53 51 92 86 70 89 97 32 95 79 10 73 35 15 63 6 55 69 64 77 74 94 7 25 48 53 82 1 76 23 89 43 73 27 31 37 48 28 67 10 85 65 81 27 75 56 27 92 25 37 85 28 67 63 93 60 43 11 80 84 34 8 83 74 74 2 71 57 88 33 39 75 98 93 100 70 36 61 58 7 33 66 34 95 37 95 58 88 88 41 33 7
33 22 99 4 78 37 4 9 26 40 20 71 32 18 40 76 92 95 53 74 77 20 97 54 57 6 57 70 46 48 76 5 3 74 66 43 17 49 25 97 31 83 85 53 46 13 15 83 95 16 17 39 58 1 34 79 20 22 38 44 70 34 71 26 16 62 7 53 52 51 87 15 85 29 62 51 91 43 51 11 49 55 45 6 88 6 7 75 33 99 87 2 77 67 40 31 10 2 21 90 33 18 54 88 12 92 97 89 17 73 83 24 87 49 66 15 4 10 69 60 17 63 52 20 52 45 56 9 81 62 82 97 22 95 63 45 51 97 46 58 30 28 8 34 85 75 79 54 10 14 70 19 79 94 42 88 90 17 22 66 45 13 21 97 99 59 62 98 99 63 94 11 61 40 49 82 42 33 11 79 22 84 76 21 84 83 62 80 44 68 9 49 11 0 68 10 11 96 46 9 96 97 57 64 24 25 60 52 75 36 72 32 67 25 71
1 80 13 29 79 82 20 17 70 66 77 12 85 1 70 55 35 88 88 98 41 41 38 60 12 48 21 98 52 79 4 89 45 14 99 76 15 62 32 86 61 90 88 51 79 56 62 57 30 27 28 15 32 4 5 81 60 76 46 27 10 4 100 0 53 4 51 5 31 44 33 11 81 16 9 45 66 17 4 94 15 38 35 88 43 20 99 20 48 31 84 20 90 43 91 29 28 55 99 44 96 84 60 71 97 9 71 99 23 10 27 76 10 28 60 12 9 37 90 35 26 89 18 92 35 72 22 57 4 83 36 80 55 52 83 8 88 63 1 60 64 37 38 3 71 49 95 46 13 72 88 47 20 84 92 19 44 75 22 56 85 79 14 96 68 32 18 10 85 50 86 24 24 10 23 58 95 82 31 9 92 31 74 25 17 1 35 93 89 84 23 66 62 71 34 55 39 38 91 80 75 56 99 24 54 71 71 7 13 55 11 41 58 91 39
58 26 25 36 41 61 61 70 69 62 43 1 6 97 6 29 80 25 94 91 56 44 76 60 95 35 62 22 62 98 99 73 50 21 74 10 56 50 71 32 78 27 40 8 79 10 87 20 27 72 86 43 3 55 17 52 54 72 85 88 10 91 97 78 60 35 77 89 14 28 73 48 87 47 70 76 24 21 80 0 13 36 73 33 92 97 72 26 23 3 94 25 83 89 8 67 56 92 33 69 82 64 67 6 5 24 20 80 1 96 67 14 3 77 85 49 56 9 67 47 69 96 49 83 5 99 56 87 99 56 2 13 23 28 29 75 59 29 36 56 33 63 48 34 75 45 88 68 45 94 35 99 20 94 67 34 12 30 28 25 37 85 78 61 44 86 82 40 80 73 3 0 89 1 10 47 88 14 47 75 73 68 28 92 23 96 56 16 63 13 46 76 50 87 28 5 66 40 18 33 72 83 56 83 56 64 49 60 93 16 56 64 53 77 31
94 16 53 91 16 27 18 27 45 99 35 35 94 58 81 35 8 51 49 12 94 0 65 4 80 38 66 5 84 66 93 16 56 35 42 7 24 68 12 59 51 17 74 24 54 14 94 32 51 6 83 75 99 79 69 32 12 29 100 66 9 6 96 45 29 80 58 73 44 16 40 15 54 32 18 52 81 6 80 47 40 46 95 82 53 67 65 86 59 100 67 58 84 73 22 21 15 88 74 78 5 79 34 23 92 48 81 73 71 46 65 23 10 13 1 80 59 96 71 7 51 79 3 41 48 6 27 64 60 22 82 49 87 40 29 100 93 70 22 38 92 64 8 68 37 31 52 62 14 23 4 53 7 2 8 55 30 56 6 86 59 9 35 25 18 22 66 11 29 4 10 68 95 12 82 95 24 74 28 56 31 68 37 58 47 31 19 44 2 45 23 56 67 16 58 58 97 34 19 4 19 78 94 81 75 20 12 92 19 11 50 0 80 46 4
42 67 86 95 24 42 62 79 44 79 19 50 24 17 83 11 45 92 39 72 73 17 25 0 93 100 83 91 92 83 41 0 15 12 67 91 73 88 18 32 44 73 0 53 92 85 20 58 37 29 30 29 68 83 62 29 63 79 8 22 62 78 5 68 26 37 32 69 31 61 53 80 54 41 79 61 5 5 27 56 4 34 69 13 56 3 7 79 23 88 28 58 58 61 36 0 94 12 19 80 23 4 3 18 16 36 74 65 37 28 8 24 13 98 29 45 37 31 68 81 89 48 1 23 30 44 86 2 99 14 44 69 94 11 37 16 78 78 39 16 64 0 32 2 3 4 66 85 0 84 9 19 35 95 37 33 80 39 66 45 10 70 25 49 84 47 56 14 35 29 38 82 18 86 77 8 88 47 22 19 36 61 18 38 60 7 48 69 74 99 17 70 55 36 30 45 82 100 93 35 55 58 15 19 95 83 86 72 2 17 46 46 19 64 14
53 58 88 19 57 18 52 90 77 89 25 75 36 49 89 83 81 57 34 62 24 26 85 30 16 2 25 97 71 40 97 95 74 16 35 7 35 79 34 29 53 96 40 71 88 78 36 48 14 73 1 43 46 99 78 24 87 98 92 36 74 76 38 34 93 33 11 91 53 83 3 10 37 60 60 27 36 33 40 88 73 84 35 6 99 99 32 59 83 63 20 85 79 79 60 61 2 37 30 27 28 14 20 30 51 21 82 67 9 46 5 76 55 57 9 79 2 81 99 0 5 37 37 20 75 76 64 29 62 24 7 91 92 16 47 44 17 91 43 69 9 79 2 13 20 78 6 85 24 4 36 81 99 25 43 96 70 69 37 50 40 16 16 97 0 57 22 32 100 26 84 59 16 83 36 85 26 10 19 50 100 55 45 43 9 20 95 19 55 24 42 6 44 80 95 65 95 77 59 67 58 10 19 34 28 72 62 68 93 65 55 74 66 32 62
50 82 45 20 17 24 16 40 65 46 55 56 94 99 41 39 59 37 15 8 6 59 80 19 22 95 4 29 69 41 82 17 93 84 97 90 67 50 84 65 7 15 41 3 100 50 94 93 89 39 48 100 54 83 12 15 16 98 11 69 43 23 18 66 97 36 23 35 47 91 52 99 89 44 25 4 19 100 30 32 51 71 32 83 89 35 63 6 50 47 43 66 0 30 66 83 83 1 54 16 2 67 80 72 38 37 15 48 71 20 79 80 40 51 20 45 81 17 15 72 93 51 63 70 65 90 86 41 42 92 97 65 92 69 42 45 64 39 18 52 27 92 57 27 71 72 26 72 96 42 40 99 87 92 80 82 20 68 7 70 56 20 92 36 99 71 44 52 99 23 16 6 58 100 46 48 74 67 90 83 100 24 92 72 31 18 92 41 56 35 76 8 96 68 23 60 9 86 31 42 53 78 87 8 69 93 26 89 94 64 84 54 72 37 91
48 84 37 61 98 20 55 56 61 53 38 19 18 27 13 59 6 10 18 42 40 72 51 7 74 91 86 28 86 14 36 94 38 86 5 15 35 29 21 59 81 30 94 95 54 2 17 18 54 26 1 50 12 7 97 75 26 32 54 4 26 71 1 11 70 5 46 64 90 27 97 48 35 69 69 68 17 69 12 97 67 33 20 14 45 42 88 52 85 56 54 68 8 68 19 67 79 23 81 18 1 9 33 42 72 26 56 88 58 63 14 83 81 38 56 15 31 23 100 26 82 77 12 21 91 5 4 7 38 12 61 99 65 90 63 88 18 76 21 67 25 87 7 25 22 61 77 41 66 85 26 57 26 33 25 48 39 58 7 55 96 5 53 69 19 14 14 51 92 17 87 51 76 22 29 11 1 56 92 61 43 12 10 14 91 54 87 35 91 67 32 0 94 93 35 57 94 41 98 10 78 70 7 96 75 25 61 9 48 70 3 100 16 64 16
58 54 2 55 70 29 47 22 100 14 18 40 50 44 15 37 0 7 54 81 50 42 30 80 85 97 39 55 55 19 83 0 31 79 89 81 98 62 59 48 84 42 76 90 25 53 49 96 18 7 70 70 37 85 67 54 31 93 21 46 97 42 13 74 34 65 26 7 42 99 44 25 64 33 98 55 51 99 38 26 31 71 51 100 94 3 34 74 76 92 7 67 54 70 19 66 85 15 12 71 23 6 22 19 97 8 99 1 91 75 28 92 39 81 87 47 13 75 88 37 29 90 38 68 41 2 8 50 48 5 8 97 59 54 5 12 41 39 96 25 77 13 65 30 47 3 0 41 69 14 65 37 20 7 75 96 96 86 24 63 57 40 32 99 81 3 52 86 66 51 79 10 41 68 5 96 28 34 95 80 97 2 93 66 11 3 17 11 74 47 92 22 90 14 45 37 64 72 79 70 53 60 18 67 82 56 38 68 64 8 31 3 65 5 40
37 23 56 64 82 89 64 31 49 94 34 59 23 41 47 42 59 25 85 32 53 9 72 74 25 29 17 34 60 21 16 94 53 3 3 16 88 66 67 11 95 73 67 28 29 91 65 17 17 25 69 51 54 91 12 64 70 73 77 28 79 27 21 56 27 99 45 41 20 81 54 27 49 2 98 32 72 93 8 18 79 20 85 92 51 92 8 43 35 3 90 71 69 15 31 44 73 58 68 96 35 36 39 23 61 38 94 85 1 47 42 13 60 17 18 2 40 37 59 81 29 85 7 84 46 18 69 74 59 81 66 0 96 8 26 36 83 8 37 86 37 75 70 60 8 10 85 22 27 52 79 30 41 84 63 46 16 72 37 100 35 91 78 38 46 91 19 82 97 59 28 70 35 83 7 74 3 89 43 36 2 79 65 1 16 92 45 18 91 24 20 72 88 35 15 79 10 55 3 35 55 62 69 38 89 51 9 17 44 30 88 25 47 33 45
84 45 87 32 53 85 88 2 8 96 45 13 78 81 41 63 31 32 37 73 3 43 0 66 99 84 16 100 11 35 71 10 91 89 1 19 73 48 63 50 5 17 14 83 66 75 64 96 91 62 34 60 14 8 13 13 61 61 44 34 97 40 36 87 18 6 37 72 49 43 40 74 73 41 81 5 74 23 29 30 63 73 86 88 58 84 93 56 2 86 18 87 11 44 13 77 34 17 96 90 16 34 96 49 84 2 55 69 7 97 68 2 29 2 73 74 93 40 77 91 97 9 51 58 52 67 98 80 60 89 29 36 42 78 29 9 31 41 20 55 1 100 13 12 94 23 90 65 93 12 43 19 68 45 100 66 71 58 93 59 38 16 95 85 45 39 9 51 6 32 87 57 76 90 94 5 62 39 93 86 99 17 53 52 31 8 54 1 35 34 83 20 66 33 10 90 92 6 15 57 73 43 71 19 79 56 20 66 54 49 25 99 5 35 95
96 78 95 26 23 34 85 52 51 17 48 63 29 24 36 29 13 69 91 51 86 70 3 19 3 13 66 2 96 81 55 100 69 1 28 85 60 16 17 72 31 80 60 64 92 27 34 53 28 68 54 66 52 20 34 36 91 89 35 91 17 14 25 2 4 67 42 92 69 93 23 79 58 24 29 55 81 35 10 21 97 45 57 70 27 95 24 39 42 52 55 31 74 67 36 42 100 7 20 28 3 77 48 14 10 74 13 84 49 77 68 97 84 74 7 52 79 18 33 37 79 39 93 11 53 48 47 89 74 31 31 4 81 20 3 84 2 5 59 2 24 80 39 6 1 8 73 73 42 64 66 13 35 57 37 80 100 1 74 36 94 71 80 87 35 26 32 17 38 9 61 69 62 67 64 99 100 4 8 81 2 32 60 11 80 32 3 64 40 83 89 64 17 17 5 74 15 71 37 36 93 57 90 78 84 37 71 14 16 73 45 89 57 65 54
15 44 9 24 9 71 3 58 20 83 91 23 19 8 99 69 60 33 26 3 98 72 40 74 19 34 95 15 62 47 17 3 26 77 2 94 89 92 79 59 65 56 74 69 11 33 87 32 93 51 71 73 92 35 71 2 94 56 43 39 39 94 64 49 89 83 75 69 54 63 93 66 27 82 52 50 40 22 46 91 65 53 21 17 77 52 60 48 35 53 19 87 12 81 85 98 44 90 97 50 76 63 100 86 74 89 95 90 5 63 79 52 1 80 86 61 13 40 70 36 86 76 2 94 47 66 44 83 75 35 72 40 1 77 69 36 61 77 70 20 34 19 70 68 48 80 40 92 29 47 7 44 12 23 91 74 31 12 13 55 43 69 20 44 68 31 80 16 86 97 61 57 74 71 80 71 15 70 90 12 8 44 70 74 75 29 59 25 40 13 30 38 32 48 74 18 69 62 60 69 9 20 33 72 81 86 88 43 95 61 38 38 15 44 100
30 20 91 67 73 28 60 13 62 9 19 100 56 95 17 18 55 82 79 15 65 97 54 86 23 1 13 52 6 43 54 99 27 92 30 100 87 75 13 34 80 41 57 31 99 59 14 32 31 75 36 34 64 12 9 93 60 68 21 56 24 23 78 66 12 63 0 75 11 47 76 8 79 16 68 37 44 76 92 39 41 71 26 86 24 81 8 24 75 8 62 100 24 51 98 7 29 1 33 19 8 7 41 78 28 5 95 81 66 41 76 66 39 19 10 74 68 42 28 95 16 6 27 35 53 80 53 32 82 85 16 22 44 6 84 5 5 1 38 3 70 0 20 4 68 17 42 16 98 4 39 59 35 24 70 65 92 12 72 50 15 70 6 55 4 13 0 76 94 35 90 66 68 83 14 31 2 84 70 58 7 25 65 97 80 48 91 64 82 34 57 84 44 0 82 66 83 21 25 58 84 9 35 78 71 40 9 26 26 99 66 79 60 88 26
31 17 68 43 55 60 47 37 30 12 52 80 75 65 82 1 3 92 77 23 14 31 39 37 72 36 35 21 12 93 98 82 31 41 27 2 23 88 65 30 30 96 87 18 38 13 30 10 68 48 79 88 83 94 32 57 24 14 99 59 67 72 6 91 1 2 38 25 5 48 49 25 23 77 99 25 82 98 2 92 42 71 72 12 16 20 56 69 33 10 64 2 93 65 13 13 79 65 8 51 78 14 100 83 80 65 93 39 90 71 5 18 73 37 14 71 16 39 33 63 6 12 16 3 98 33 72 42 12 12 59 31 41 43 53 49 73 61 84 78 31 70 36 49 88 34 89 37 62 0 3 20 4 81 97 50 100 95 85 96 56 32 41 9 34 49 36 45 92 40 74 63 5 67 87 57 71 35 56 31 48 11 38 99 97 13 75 25 79 20 9 46 15 14 97 85 21 92 14 64 14 62 14 89 70 92 29 24 25 39 86 79 21 100 10
13 60 25 91 8 100 44 20 84 89 10 46 95 81 57 98 73 9 93 7 87 9 15 87 31 47 81 77 8 26 25 57 97 62 98 66 78 83 94 90 5 48 22 48 62 98 2 62 2 2 82 75 93 53 18 56 79 38 84 37 88 44 48 58 35 12 60 61 18 72 80 21 78 53 84 99 52 87 6 71 69 27 20 41 91 50 95 24 98 67 20 25 88 90 91 29 93 8 51 0 12 1 31 61 3 21 96 25 17 57 80 79 68 0 40 40 38 23 78 75 72 37 68 59 66 3 36 33 84 82 41 78 83 81 87 89 82 99 96 54 98 50 4 13 57 30 47 95 70 22 19 20 71 32 3 83 84 48 36 74 23 19 24 87 8 25 84 81 54 44 9 98 88 27 72 34 12 70 63 23 8 50 47 94 22 56 98 78 47 93 93 79 65 82 20 19 44 10 12 21 89 90 10 33 54 80 17 4 12 42 68 99 67 21 42
64 68 80 53 52 83 36 23 64 60 95 47 46 28 95 22 13 13 82 6 18 17 55 31 95 91 8 6 75 90 30 99 84 33 52 40 79 5 64 26 53 9 8 26 41 92 29 58 56 28 88 82 60 78 84 15 43 8 14 36 46 48 47 27 56 19 90 54 19 24 53 21 67 79 2 80 93 60 74 60 10 56 29 99 76 64 65 32 87 42 80 47 0 78 9 56 92 59 99 73 11 78 18 31 61 100 85 61 57 8 59 29 4 54 31 55 72 71 26 49 45 5 47 34 13 7 43 68 69 46 50 73 89 75 28 84 32 34 63 72 49 8 39 9 13 86 65 26 79 11 99 81 41 1 79 68 6 94 66 43 6 89 32 2 100 80 39 53 23 71 38 53 54 66 7 14 24 3 47 58 24 41 7 5 5 2 80 74 16 27 52 51 90 94 37 21 57 24 53 39 27 31 41 75 20 65 18 32 4 9 28 30 78 45 86
37 7 79 19 65 77 8 21 49 35 79 49 43 27 21 50 71 47 15 16 58 73 19 11 46 97 48 55 87 21 14 97 59 97 5 51 6 46 81 98 24 73 11 9 44 2 84 63 88 1 33 54 29 58 80 7 8 20 33 49 57 36 16 3 54 85 96 36 63 10 78 93 26 80 34 38 25 18 35 33 78 87 36 14 93 64 32 49 54 3 1 79 59 40 63 0 33 52 51 30 86 59 54 22 31 7 8 60 58 88 86 54 30 68 42 96 19 89 35 83 60 56 96 62 25 70 89 15 34 10 58 86 2 98 0 70 40 48 78 73 10 20 46 96 76 59 47 24 57 10 46 34 75 21 37 10 67 98 49 89 22 40 84 10 22 39 19 24 77 46 46 42 26 6 88 84 53 71 88 33 79 13 58 8 68 97 18 11 37 40 100 68 1 27 7 38 33 80 40 36 63 99 99 17 83 63 94 12 42 78 78 46 14 60 12
15 38 71 100 41 100 14 79 74 41 66 67 20 41 57 33 63 49 43 9 69 81 90 36 98 48 20 6 19 21 34 86 36 66 74 87 42 23 3 87 87 22 12 32 80 68 4 63 6 92 34 8 41 87 12 93 78 64 83 13 71 71 19 3 34 7 51 71 19 27 96 49 7 74 48 60 78 20 45 91 53 25 63 28 63 27 94 86 98 71 15 26 18 81 97 90 16 37 50 48 94 94 0 38 57 6 64 1 93 82 74 73 30 54 11 37 30 48 43 52 71 67 81 98 57 89 86 63 37 89 79 81 52 93 31 6 39 42 15 40 44 1 18 56 50 38 7 44 28 20 96 54 75 47 18 21 48 55 76 49 84 41 35 26 8 44 21 26 96 61 72 7 74 24 11 79 34 44 11 99 44 70 66 11 63 96 96 53 0 94 73 86 47 35 18 26 54 9 60 19 76 90 41 55 17 4 77 44 59 6 22 47 52 51 68
25 73 42 55 6 64 45 19 79 45 6 14 28 53 71 72 42 83 11 3 99 41 58 91 28 15 17 64 71 85 42 14 87 54 3 19 8 91 50 99 12 67 54 49 47 21 23 16 90 19 49 85 56 43 60 25 5 88 15 0 27 99 17 74 37 33 66 9 6 1 16 47 81 58 10 93 52 97 6 78 55 49 19 51 69 41 54 51 19 57 89 95 37 80 49 10 31 83 76 95 25 90 39 60 93 72 97 79 50 83 5 88 43 61 57 43 71 7 39 6 51 90 83 38 92 12 35 84 98 95 17 44 10 14 12 85 27 84 2 100 7 91 85 66 55 15 58 18 24 29 38 37 94 49 79 39 77 74 46 58 32 3 38 56 12 13 93 41 5 30 8 5 5 76 29 48 42 0 85 51 46 28 49 17 1 47 54 96 36 30 95 23 8 68 41 26 82 6 7 67 33 23 83 19 97 47 100 100 36 18 39 7 61 52 11
55 64 78 60 15 93 13 34 4 32 92 55 73 3 26 8 43 33 99 14 52 6 42 55 53 14 52 96 13 93 82 10 89 0 61 27 60 4 46 22 97 1 68 29 13 0 49 67 44 36 8 32 1 39 46 31 40 26 41 3 12 83 20 81 54 31 94 35 49 35 19 55 93 95 60 98 36 33 69 54 98 34 97 56 44 31 65 79 75 2 18 85 18 0 82 7 99 55 43 11 90 17 7 34 70 79 58 38 43 27 11 79 62 17 21 59 56 29 15 24 52 7 67 82 72 87 86 11 73 64 6 7 23 46 94 40 66 80 82 49 29 78 84 11 61 10 50 15 20 72 57 21 61 27 90 31 79 72 32 28 80 80 44 97 14 88 84 56 18 39 30 77 87 64 26 18 12 79 43 86 97 70 11 1 7 19 66 44 39 21 19 17 97 58 60 69 100 61 70 61 4 87 48 78 9 16 16 75 2 34 35 31 59 15 91
44 34 33 40 17 31 47 34 14 36 25 56 29 25 50 63 19 0 63 46 98 24 18 66 40 24 73 94 24 25 40 100 25 74 6 39 85 84 79 16 23 42 78 57 41 34 85 40 59 39 38 47 41 89 12 10 42 47 89 32 76 29 56 41 50 29 82 2 62 32 90 82 11 87 73 47 49 8 41 64 56 24 27 76 7 47 65 100 26 97 72 3 31 25 4 92 23 92 76 49 56 35 27 99 57 20 46 58 46 70 5 84 66 55 68 79 36 73 79 95 85 75 16 97 10 82 57 77 27 2 95 62 86 7 66 42 32 53 62 43 43 49 48 48 85 43 96 100 97 3 9 36 16 57 5 9 57 33 69 67 69 45 33 37 34 76 27 94 7 9 11 1 76 19 74 24 47 71 82 38 25 100 32 67 72 72 80 85 100 88 34 10 54 24 62 36 14 94 44 86 65 80 100 45 36 9 99 41 58 31 26 37 24 10 96
32 61 15 64 57 53 32 14 47 39 49 32 99 30 95 34 66 90 12 83 44 43 91 56 15 33 70 21 14 64 33 62 31 0 40 45 66 58 78 51 39 38 44 89 62 32 75 14 23 76 13 69 70 34 86 44 90 61 57 42 61 37 26 49 99 42 56 42 7 22 62 19 32 79 5 8 30 54 57 6 39 72 99 5 75 66 3 39 65 75 6 96 41 39 100 16 91 56 21 91 97 64 24 100 54 75 55 80 77 2 3 65 91 90 91 21 68 83 56 93 11 39 99 36 12 17 39 68 91 83 10 3 53 77 37 55 2 46 71 14 57 89 33 54 70 48 85 98 35 59 94 10 95 42 6 85 50 11 74 10 48 11 54 44 97 71 81 19 4 12 70 45 24 48 37 62 82 87 0 1 63 74 22 49 49 12 14 59 37 3 0 100 10 82 42 75 21 57 48 89 62 30 43 9 93 42 86 91 23 60 60 8 49 24 54
53 98 1 41 48 21 34 61 71 50 61 41 66 30 58 4 49 100 72 75 22 96 66 29 85 70 47 9 90 38 48 99 44 8 79 46 98 8 94 15 21 49 62 76 45 66 35 100 43 32 91 30 96 96 51 14 66 21 14 33 83 57 61 68 89 15 71 24 99 68 92 67 9 17 77 91 6 48 7 44 100 13 98 15 6 37 34 87 67 93 72 29 99 7 79 27 79 98 37 59 54 2 2 22 83 64 11 68 64 82 37 25 17 38 38 39 48 25 60 62 58 15 2 90 23 64 13 87 97 27 86 1 96 3 56 8 10 89 33 97 31 28 69 19 21 8 8 20 74 0 8 4 77 29 1 40 11 51 26 26 78 46 54 42 44 30 10 22 76 5 51 43 74 9 18 86 90 7 4 83 77 32 49 33 88 63 22 67 73 63 34 65 21 96 7 51 71 1 94 57 63 95 100 9 10 29 55 64 79 45 25 77 69 31 14
11 68 9 43 43 58 90 54 65 11 23 19 2 28 96 3 60 28 50 39 11 81 95 95 37 72 53 14 50 49 80 10 98 55 34 64 46 42 64 19 73 3 85 51 1 91 94 71 55 44 9 21 69 95 66 77 66 12 4 79 79 13 18 100 92 90 92 86 45 88 14 38 93 80 53 76 91 72 6 16 58 49 79 59 70 88 35 31 25 51 23 7 92 61 29 91 20 11 5 45 77 46 99 63 76 96 42 35 23 24 41 67 26 7 24 88 37 27 57 58 42 54 92 41 55 40 58 67 16 69 12 7 20 66 100 20 53 82 27 6 82 70 25 71 11 6 44 61 19 94 21 40 61 87 20 95 43 80 51 75 44 89 40 30 36 5 61 83 35 6 65 67 68 47 3 10 70 95 59 90 50 12 81 54 13 65 98 86 4 89 13 2 75 87 89 3 43 82 84 40 3 33 43 82 89 20 31 26 55 90 11 74 100 22 43
26 49 44 46 86 12 82 71 0 74 30 87 65 22 6 55 86 79 42 22 79 64 95 77 86 82 56 1 2 9 30 10 66 25 74 91 81 17 73 34 69 13 38 61 81 98 72 86 26 54 35 51 61 82 88 23 79 80 14 96 80 14 98 98 44 77 50 13 49 84 76 94 16 28 86 22 33 90 88 75 4 16 61 20 39 99 75 78 44 83 54 42 28 91 71 17 76 86 26 58 89 12 15 35 36 73 70 7 47 6 34 28 42 90 79 46 78 13 5 17 39 76 31 39 0 26 48 88 26 79 14 50 55 99 1 33 54 71 68 0 68 44 72 84 34 96 97 19 14 86 89 33 70 15 58 69 23 0 57 40 9 43 80 25 89 61 41 10 76 59 58 11 99 86 74 41 11 98 22 35 14 4 45 43 2 88 43 36 12 80 97 9 45 78 78 2 15 88 3 66 70 20 18 19 98 31 38 3 93 68 52 89 38 33 36
26 32 79 58 36 20 79 89 69 90 100 99 99 75 36 53 67 74 52 66 55 57 26 62 2 1 8 6 29 29 51 24 98 24 10 94 61 37 45 4 79 24 87 59 16 27 58 21 19 70 61 75 80 30 35 39 75 57 29 29 44 25 13 50 16 11 17 40 71 13 83 88 19 45 27 13 46 94 95 97 56 69 94 65 70 28 90 13 26 36 55 37 96 70 36 68 87 96 55 36 65 46 59 4 39 43 19 80 6 60 65 70 89 14 86 63 64 9 99 25 38 60 74 34 64 18 71 9 97 7 75 0 43 92 64 3 27 3 94 53 3 75 17 80 78 39 5 14 74 3 28 78 3 76 53 58 23 9 98 88 53 23 70 50 55 69 59 92 71 51 42 89 19 74 32 28 76 55 8 13 6 46 33 55 81 68 97 82 61 73 77 80 10 99 35 64 26 31 19 42 7 6 80 92 95 20 96 50 46 35 38 73 68 95 34
38 16 74 90 20 49 53 94 68 55 29 60 30 48 49 44 60 2 51 65 19 47 47 70 90 4 66 50 27 26 91 63 7 67 25 30 21 8 31 70 87 17 89 87 56 4 15 51 84 71 24 94 19 73 13 23 27 22 1 59 6 41 45 9 69 61 29 39 88 38 86 29 47 38 32 94 12 57 86 15 58 29 88 10 90 18 63 20 42 38 75 80 32 72 24 27 2 8 33 92 56 10 19 90 29 77 30 36 2 8 22 24 43 85 75 84 71 43 37 90 65 98 48 93 82 12 38 92 76 88 92 61 39 65 66 44 30 96 74 21 55 0 35 6 91 83 66 99 33 50 15 84 65 7 10 75 33 33 99 30 24 40 77 67 52 76 26 22 79 18 82 37 68 18 71 72 53 81 51 19 48 49 79 27 58 25 79 83 39 85 95 6 59 21 90 64 34 42 35 34 70 30 0 6 22 26 6 3 61 3 48 73 57 72 35
46 18 31 3 36 59 38 37 99 93 53 33 4 29 54 24 63 74 66 73 87 56 85 16 44 32 81 52 77 69 69 57 61 73 80 7 42 88 11 30 58 24 23 39 98 47 81 75 46 21 18 80 10 96 99 27 13 97 58 48 85 6 62 66 72 18 91 75 65 64 62 16 58 11 3 20 90 77 80 39 42 22 14 65 46 58 11 92 42 43 49 58 78 41 46 67 51 59 9 16 48 73 25 82 38 77 66 59 57 89 60 64 70 60 5 20 100 96 58 31 52 74 55 53 76 58 17 62 36 62 32 44 79 46 58 14 44 48 58 18 64 43 64 43 59 63 62 58 47 66 81 68 100 79 100 69 26 9 50 65 68 47 34 22 43 40 30 10 47 21 36 86 75 4 38 33 38 45 94 15 40 11 88 26 13 40 40 76 0 72 20 10 59 94 88 25 99 36 32 27 80 13 39 31 27 51 83 51 11 90 44 97 26 4 30
13 61 41 45 54 51 10 49 86 48 89 19 45 49 82 24 40 87 26 29 10 90 82 78 87 47 62 95 32 8 73 92 99 92 33 65 48 19 53 74 88 5 13 8 77 66 94 60 96 29 38 59 15 70 91 87 22 61 29 100 85 60 4 95 83 64 59 41 98 94 55 89 91 25 25 67 24 44 88 2 56 100 60 84 92 19 22 53 78 19 80 89 100 50 62 98 89 64 85 75 53 63 51 80 18 36 94 51 13 10 48 27 84 78 1 56 69 7 51 4 3 80 92 82 74 98 25 59 73 53 78 1 69 83 9 89 96 51 0 68 61 12 34 80 54 60 89 40 60 78 51 16 23 22 83 87 27 0 62 74 31 59 12 91 7 67 34 5 44 90 86 52 18 6 78 17 34 65 83 45 41 76 51 32 18 9 71 36 19 80 23 50 34 9 58 10 65 74 56 12 97 73 19 41 56 63 48 11 92 82 66 22 82 67 26
64 40 29 39 59 34 65 43 70 84 85 31 82 93 5 21 32 4 98 94 20 39 30 89 31 86 56 70 62 90 19 29 33 20 37 88 21 68 45 33 59 71 85 48 85 39 28 70 39 89 60 56 89 81 37 35 14 26 3 44 13 71 33 4 27 9 29 70 6 39 96 9 48 53 47 17 35 31 10 13 18 58 88 50 19 13 59 13 0 0 64 37 4 96 59 5 11 89 57 13 51 27 77 27 72 15 18 24 11 21 25 30 56 8 13 51 57 12 89 91 23 75 100 16 97 67 97 8 67 51 36 48 76 52 54 1 29 89 50 46 81 52 62 98 48 64 87 8 59 37 50 47 37 26 31 10 100 41 88 28 37 82 31 24 92 69 68 49 34 2 19 49 15 9 48 56 80 37 87 82 85 38 53 17 36 17 35 72 60 74 74 98 61 84 50 7 73 49 82 76 48 92 81 18 54 98 19 79 48 44 28 29 60 13 17
82 0 100 22 43 18 80 15 94 98 9 87 6 1 73 28 56 43 10 34 42 52 96 64 53 85 97 97 54 83 65 88 1 79 16 74 30 34 77 72 95 97 50 44 30 86 1 89 29 90 74 56 99 52 75 17 50 88 100 32 67 32 88 14 3 28 56 76 76 29 84 5 60 45 81 4 66 82 9 34 97 56 29 69 66 97 56 51 40 92 10 0 52 83 27 7 83 97 88 82 77 39 63 80 93 73 96 23 53 96 43 17 82 42 43 1 0 62 4 36 74 49 12 12 71 40 91 10 87 7 46 56 1 22 51 62 12 63 26 10 60 14 57 22 92 41 89 57 19 69 36 72 23 44 31 57 31 27 51 52 89 75 24 42 48 74 66 59 63 94 21 51 94 43 68 49 13 90 33 24 90 14 32 88 45 86 28 68 12 40 28 5 49 88 42 75 79 50 69 75 72 74 49 50 67 55 99 94 89 93 98 38 82 58 58
54 29 58 35 99 51 76 54 46 88 53 80 18 95 95 5 8 89 46 29 59 88 52 12 33 26 75 2 8 50 89 5 91 4 5 72 72 74 27 83 17 45 42 78 8 13 99 79 0 71 5 54 73 45 1 56 76 18 30 79 11 77 72 97 44 50 22 7 34 8 70 97 35 78 36 35 45 57 70 50 74 21 37 88 62 15 7 95 33 93 48 57 86 39 50 36 67 87 18 76 42 92 50 25 91 58 85 63 32 32 23 56 24 68 36 62 51 15 3 52 69 73 24 88 98 77 49 58 5 4 20 80 6 48 53 36 44 49 8 92 21 76 55 36 0 90 11 78 82 98 35 43 75 31 61 2 92 80 59 37 40 11 32 9 57 2 24 1 87 99 52 2 28 73 26 36 23 37 79 68 24 7 6 23 20 100 83 16 43 46 49 7 53 23 7 11 24 75 38 70 3 85 10 89 57 68 95 72 90 81 70 28 10 29 68
96 22 45 77 60 2 40 85 92 89 94 39 83 2 36 5 11 83 29 82 91 100 65 28 58 11 82 13 67 6 97 92 95 62 100 8 76 6 81 79 22 2 18 76 78 51 53 16 69 60 80 90 67 81 11 89 41 70 86 9 47 80 65 45 8 57 91 36 14 12 42 41 1 93 76 61 50 44 40 14 37 9 21 95 15 86 97 51 30 16 6 38 66 47 0 68 10 53 45 100 0 59 14 38 27 12 14 85 88 73 7 97 76 9 47 45 42 30 17 44 34 11 88 71 43 53 92 82 22 28 52 22 78 67 35 48 17 73 97 70 93 54 97 1 44 31 29 97 56 73 63 92 51 14 54 38 85 0 96 79 45 43 63 51 72 68 1 50 7 27 38 79 92 22 37 33 4 15 83 30 36 87 54 14 61 95 97 55 76 55 71 71 70 30 21 66 12 56 83 93 49 32 11 55 27 60 80 95 11 59 57 62 79 88 73
39 1 46 70 36 21 54 15 11 25 19 100 29 93 36 10 46 12 55 25 88 22 11 47 45 1 65 62 92 47 47 19 33 27 47 18 89 90 45 39 56 69 58 33 37 88 18 8 24 94 22 44 65 17 87 30 91 2 3 99 12 84 62 81 100 14 21 87 86 84 79 12 60 69 36 86 3 11 6 29 53 93 1 59 58 7 9 12 1 63 66 51 84 63 76 56 52 51 6 95 57 93 54 53 67 9 71 51 22 99 63 69 61 61 90 33 33 88 61 21 66 69 42 86 60 78 59 75 88 67 78 74 76 49 10 52 70 83 16 50 71 39 9 50 39 18 72 42 74 37 73 96 47 40 22 91 64 17 6 25 100 45 56 90 31 32 24 5 6 50 50 63 31 33 92 39 86 86 31 100 71 79 10 18 20 27 43 72 68 70 5 31 21 3 54 99 58 48 33 49 86 72 71 26 73 68 6 46 44 92 99 53 84 49 81
76 47 73 30 18 51 17 59 95 17 39 93 19 11 43 62 72 51 49 8 22 36 76 19 77 20 87 91 91 38 58 27 44 93 21 96 10 42 50 60 20 35 35 89 23 54 53 95 76 25 94 39 54 79 93 74 91 40 12 2 35 38 56 54 7 21 84 9 43 77 27 74 82 78 39 47 9 63 9 23 72 30 50 51 39 8 54 59 95 21 64 32 22 31 41 65 78 48 85 89 62 10 54 60 21 70 69 42 18 49 45 8 55 59 68 0 87 60 70 9 60 23 20 96 75 41 37 20 78 83 81 45 3 80 10 90 38 66 2 6 5 96 69 15 80 89 80 73 65 45 82 79 26 70 76 85 6 42 48 63 11 84 36 16 88 84 9 71 65 42 2 51 56 56 86 67 5 6 70 15 76 77 50 18 81 94 44 77 28 85 33 68 69 8 47 92 97 55 41 16 80 30 10 37 47 80 69 71 84 5 92 3 87 61 12
51 50 31 35 91 6 53 100 75 44 11 27 18 54 52 5 26 85 3 71 51 70 85 22 52 34 83 28 58 36 100 16 54 65 60 51 81 9 88 14 91 18 93 57 28 50 66 46 25 69 25 80 60 32 52 13 96 76 67 48 13 3 95 29 60 73 20 100 15 57 89 3 99 84 17 29 57 33 93 89 59 74 18 30 9 96 23 62 69 68 48 17 37 97 12 8 69 68 16 46 84 26 27 95 9 40 79 98 81 16 95 47 99 47 11 68 30 77 45 15 10 28 44 39 45 98 36 8 56 14 97 52 47 58 22 38 15 68 31 55 36 31 47 52 92 65 78 63 8 46 19 5 70 22 58 21 57 38 43 34 96 15 62 51 18 55 1 4 29 56 1 20 97 99 34 84 99 91 10 51 15 18 56 16 2 49 6 81 45 56 48 71 59 94 57 62 60 55 66 79 96 94 99 39 33 74 21 58 7 86 47 21 80 53 44
12 50 32 70 2 88 1 57 29 58 57 96 23 51 57 53 42 39 32 24 25 33 47 55 99 12 46 66 36 91 41 57 68 74 70 96 73 12 64 20 55 35 97 11 80 25 60 56 55 50 8 86 36 24 48 10 2 55 16 3 54 85 62 53 95 92 96 100 44 76 64 59 66 68 67 38 92 3 9 11 93 69 9 3 31 3 94 36 97 2 92 83 71 63 54 19 91 34 11 86 30 68 8 40 1 37 15 99 25 94 20 7 41 81 13 77 36 86 18 31 84 95 55 9 6 42 35 87 99 5 97 24 10 13 91 67 26 22 85 73 81 59 44 80 8 12 90 88 36 59 4 64 81 62 97 78 34 71 31 3 68 95 2 63 81 50 68 23 81 70 35 84 24 60 88 32 43 21 75 47 42 74 46 42 23 90 71 59 83 51 1 52 95 32 0 44 91 32 13 34 51 30 89 43 21 72 49 28 70 68 48 72 41 17 3
53 2 72 8 11 99 45 55 33 49 5 99 30 5 51 81 26 4 21 76 20 80 72 22 94 25 43 52 56 74 37 29 8 92 4 63 45 52 93 84 1 84 69 74 8 64 70 93 32 87 76 16 72 33 16 62 82 39 23 51 9 66 4 80 19 30 48 22 8 61 87 48 22 4 38 97 21 9 31 19 89 53 33 62 5 24 54 12 16 96 60 7 93 51 49 62 67 13 83 24 22 71 22 61 46 5 51 30 79 29 25 59 48 65 36 26 16 51 59 28 16 64 7 100 41 10 14 71 58 8 63 22 55 47 9 71 2 46 44 96 70 19 63 12 31 50 49 57 28 78 51 84 32 37 35 48 44 87 38 96 7 66 34 0 4 22 89 57 52 77 83 16 68 56 46 68 4 19 46 98 82 93 33 2 36 29 79 49 38 89 61 32 64 30 32 31 80 23 7 74 93 76 34 19 19 10 31 31 84 77 19 35 69 89 76
