162 47
68 3 4 11 30 48 40 51 54 52 34 36 1 100 99 96 1 49 39 58 94 48 89 66 50 43 11 88 2 72 30 58 74 69 41 19 48 3 62 22 51 49 74 86 7 53 52 0 60 98 69 51 74 5 77 80 90 14 53 63 99 51 48 41 92 87 68 66 93 82 42 80 29 40 65 36 47 0 29 68 1 61 86 50 5 12 20 84 66 92 88 67 68 8 26 81 17 64 10 48 97 1 61 79 13 15 12 51 73 78 39 23 23 24 23 58 50 21 20 57 27 73 74 19 97 17 60 59 90 13 46 25 0 63 83 65 16 42 75 49 55 66 23 73 33 100 49 38 81 43 14 56 60 90 60 11 90 3 93 62 91 74
29 4 42 66 4 29 46 24 49 2 62 18 61 45 25 44 65 60 7 34 83 89 77 97 38 71 42 6 79 44 28 14 1 13 17 10 50 70 46 1 10 78 11 26 59 38 80 18 44 25 82 50 63 47 64 67 86 90 28 18 7 77 19 55 73 79 38 7 71 99 23 53 59 43 32 80 91 22 45 47 44 15 17 28 18 57 15 59 25 2 45 65 77 96 75 19 3 28 68 29 56 54 43 52 17 77 30 78 23 14 49 82 6 82 3 12 93 22 36 4 65 40 84 29 47 92 19 74 5 23 10 53 62 29 43 66 72 32 100 26 65 53 84 9 100 45 35 7 92 83 74 89 85 59 63 8 11 48 29 40 91 34
60 71 91 89 39 93 45 20 71 26 77 64 81 32 28 61 35 87 80 93 10 80 75 8 60 42 96 23 68 78 11 44 76 50 27 79 50 65 27 2 16 90 81 8 98 79 25 63 28 6 77 88 82 1 26 10 10 40 8 5 39 12 98 80 93 74 69 29 52 38 0 80 28 76 95 71 74 18 89 95 19 97 96 45 47 19 41 49 82 96 16 47 7 60 59 71 96 1 30 1 76 90 93 19 39 12 74 6 35 59 9 31 16 68 76 52 76 77 57 46 82 81 43 43 98 89 4 76 97 30 4 45 65 18 73 72 22 72 51 10 100 7 0 83 23 83 79 43 32 77 9 91 48 64 75 2 59 17 50 73 10 56
97 43 61 81 39 2 63 40 40 79 26 78 100 30 48 29 18 63 97 17 69 54 35 27 4 71 72 59 63 97 92 83 67 88 80 0 32 61 18 17 84 74 70 85 51 80 39 89 75 14 45 59 8 93 78 27 36 42 49 100 77 68 38 100 22 10 59 11 70 0 34 10 80 91 2 31 87 19 81 47 43 8 34 72 25 41 76 91 24 11 89 26 10 37 40 15 84 37 80 11 32 72 94 52 84 91 82 51 74 43 41 68 50 90 72 93 64 63 61 36 19 100 61 55 91 67 43 29 79 28 40 93 26 55 7 55 100 96 73 31 10 4 41 82 23 12 96 38 41 47 93 98 46 94 73 11 39 59 67 20 28 61
30 26 71 10 66 51 2 88 29 84 83 46 5 98 58 41 79 61 40 49 66 54 36 69 69 17 54 2 20 81 40 34 40 13 98 36 23 25 100 96 42 66 59 89 93 5 24 47 38 44 41 71 94 43 3 10 22 46 25 61 61 91 34 9 15 61 30 91 58 1 96 86 37 72 55 31 23 30 29 20 85 82 32 64 72 85 7 16 37 4 83 49 56 49 76 60 42 18 24 7 39 48 43 99 23 29 47 90 83 78 48 13 11 75 96 86 2 36 52 76 51 86 56 65 44 83 6 91 96 70 51 20 91 0 4 39 41 12 66 51 89 69 6 14 24 40 81 75 85 48 60 39 85 21 98 58 2 14 33 85 79 0
20 66 25 67 75 52 48 38 51 4 50 94 19 25 12 63 8 29 54 11 10 22 78 21 2 11 93 69 76 90 23 61 73 53 85 65 86 16 54 87 40 75 87 17 92 64 85 100 19 32 90 16 26 47 5 77 60 40 53 26 19 56 4 47 69 4 54 87 15 31 50 6 42 14 37 33 61 59 71 41 47 45 53 68 10 20 80 94 96 26 58 31 31 37 69 48 98 79 12 0 45 38 4 59 53 39 98 9 57 87 54 37 99 15 15 91 52 12 29 44 66 71 65 6 48 30 16 33 50 50 50 37 59 75 37 54 54 51 40 93 96 59 28 30 64 88 35 28 83 42 57 68 5 74 73 95 32 83 26 15 15 54
16 18 75 81 84 95 42 73 77 16 83 75 95 30 14 9 86 60 73 20 86 67 71 27 22 68 97 51 5 40 37 84 40 40 18 64 66 69 75 9 4 99 41 22 9 32 44 93 70 44 40 3 74 80 1 89 78 44 33 69 25 39 28 97 87 21 54 18 55 96 13 72 96 12 41 98 46 85 93 70 43 76 42 20 65 9 85 22 39 49 79 95 67 16 3 71 36 73 46 42 57 86 30 48 59 35 79 71 39 50 42 57 46 88 93 70 51 82 64 53 8 89 23 31 23 79 16 4 61 68 32 18 89 46 40 9 60 93 33 65 97 78 56 98 46 31 51 3 1 61 8 36 69 68 65 15 77 87 68 10 87 90
64 71 47 87 68 95 49 78 69 49 46 94 78 66 54 94 63 16 37 83 80 30 52 18 47 97 60 54 46 99 34 65 71 57 46 26 93 83 61 19 75 90 25 48 92 86 17 94 62 18 42 19 80 81 31 29 55 53 43 98 88 20 93 11 75 51 34 72 3 10 59 34 26 100 33 47 61 8 90 80 27 50 84 5 65 85 45 86 51 73 9 62 91 36 70 8 88 87 52 58 12 1 77 29 43 56 64 100 73 78 51 5 98 92 86 84 3 100 17 15 8 96 25 25 44 3 13 52 22 26 35 20 66 90 3 20 14 52 87 15 77 76 83 76 67 35 42 97 10 64 86 25 73 44 18 57 74 38 10 6 35 50
41 99 27 13 51 26 77 21 83 73 39 34 15 22 89 51 65 59 0 10 84 18 36 45 48 3 31 88 86 34 62 63 43 52 83 95 62 37 56 80 36 6 64 48 38 63 28 13 50 81 38 54 85 2 57 2 65 12 8 81 72 22 4 40 24 96 38 67 3 18 25 64 98 7 68 90 75 30 97 7 79 90 60 66 33 11 33 72 75 36 50 98 88 29 83 89 52 70 26 7 94 52 43 100 94 26 41 7 52 97 5 47 2 57 79 65 62 54 21 67 86 62 74 78 85 46 26 69 11 94 56 47 46 40 79 36 91 99 58 46 49 4 30 8 70 36 52 25 60 38 5 49 32 8 75 76 87 60 69 44 95 56
89 80 67 19 37 48 69 7 96 61 83 6 65 40 81 61 4 56 22 53 11 98 94 17 82 53 90 46 24 61 79 30 53 45 23 91 24 11 35 1 48 96 19 74 28 20 72 85 15 30 53 22 36 100 69 89 99 78 70 71 46 92 85 72 62 9 13 97 1 98 53 10 5 51 64 83 63 20 62 84 15 46 56 55 63 96 88 76 78 11 61 90 10 92 23 73 80 17 48 72 25 0 96 25 53 12 74 85 94 5 98 92 52 93 3 32 0 76 89 93 77 31 88 76 98 67 37 21 36 63 73 20 32 75 73 32 84 35 8 32 0 40 33 54 10 98 85 22 17 36 71 100 18 17 57 80 73 68 97 2 48 7
15 89 78 53 27 38 41 31 2 12 98 66 87 20 60 57 27 54 66 8 87 72 47 98 40 18 52 88 14 53 59 38 92 60 79 1 94 70 45 68 26 35 89 54 81 85 98 36 35 23 29 44 18 42 2 100 42 20 28 49 60 86 16 15 63 32 50 90 95 80 86 40 39 87 72 6 89 12 91 13 30 30 71 8 50 41 4 55 81 9 16 49 34 61 41 5 95 22 40 67 62 11 72 26 51 96 83 83 96 21 10 40 20 52 4 46 32 68 83 86 24 15 22 15 79 45 42 54 73 52 66 74 92 93 21 77 55 77 87 44 32 1 85 8 33 30 56 98 1 74 63 82 37 83 5 27 3 74 26 48 65 59
19 91 77 29 10 14 58 2 72 1 70 3 93 80 100 20 7 16 50 89 76 59 2 84 21 48 55 2 18 71 81 85 23 31 7 74 72 68 66 82 26 43 62 100 35 85 99 74 59 30 61 75 34 28 69 36 57 57 97 99 71 23 10 56 84 22 18 12 58 54 5 57 64 59 87 86 85 78 79 59 98 11 85 78 24 97 12 44 54 2 8 62 80 71 66 30 36 76 75 6 24 53 61 85 43 80 5 96 38 40 2 56 21 53 29 26 27 22 58 38 43 36 89 97 15 63 90 31 16 6 100 20 18 91 60 51 4 1 76 31 2 41 99 52 10 8 23 28 78 8 31 17 43 68 27 79 83 30 95 21 43 36
28 19 80 6 72 31 42 28 11 67 58 28 28 24 71 32 22 86 41 71 80 55 95 93 47 14 22 93 28 19 29 16 21 22 89 32 40 53 97 88 3 74 13 7 91 79 10 82 51 100 18 53 61 38 19 67 31 61 62 52 51 50 2 29 63 92 37 3 16 12 26 84 18 57 42 83 52 46 77 94 92 69 3 21 28 44 69 98 24 58 87 91 56 41 58 17 28 54 90 6 54 49 59 46 36 54 91 42 48 53 45 70 66 33 11 90 2 63 61 40 86 61 48 1 84 49 72 3 84 23 53 79 90 72 87 49 1 41 78 32 78 32 66 12 82 25 31 64 22 11 79 36 12 63 88 24 70 33 32 79 77 36
14 72 84 40 87 41 44 47 58 94 44 37 66 98 91 82 0 45 39 18 63 9 78 65 53 59 26 66 79 0 66 64 80 67 59 97 61 78 88 76 85 94 76 0 5 76 62 48 35 95 6 34 20 67 56 93 43 68 41 53 20 55 14 70 95 97 45 32 96 71 22 42 31 6 20 75 47 79 1 29 76 56 18 44 2 23 46 65 80 70 28 75 10 84 62 66 20 86 63 77 12 90 3 30 66 74 22 39 34 88 39 23 94 30 39 16 13 96 88 93 86 75 10 53 45 70 34 82 20 60 29 21 62 32 68 40 26 23 99 34 40 40 90 43 40 0 90 8 67 39 0 18 25 58 96 17 35 99 93 28 95 1
59 28 3 15 14 38 77 13 40 64 5 40 24 19 20 70 15 70 41 48 76 88 6 44 15 26 72 19 0 21 43 47 44 69 2 23 16 88 1 91 41 60 69 72 75 10 49 36 91 82 15 53 76 43 73 11 47 75 45 98 64 14 4 83 15 88 67 1 34 31 99 67 74 11 95 83 41 67 37 50 89 68 17 38 22 0 12 65 64 28 75 39 9 19 60 7 10 74 7 50 92 52 12 13 82 94 88 18 3 62 22 51 76 23 36 69 12 14 35 50 97 50 41 1 93 91 18 29 6 63 82 85 90 58 4 63 94 7 57 75 16 19 50 92 66 37 62 70 17 21 67 37 10 82 36 36 98 18 74 32 9 79
64 75 6 77 73 67 52 63 69 81 80 2 97 17 32 55 76 92 28 60 22 78 40 60 22 28 7 67 12 1 16 85 30 82 23 17 39 30 99 48 63 64 78 11 100 68 90 69 42 94 46 62 39 64 15 32 42 88 25 26 10 98 48 86 95 97 28 59 2 75 39 60 66 32 15 92 62 37 98 43 82 6 7 87 93 46 73 13 68 90 90 63 42 11 22 95 56 74 86 12 92 75 27 46 62 21 72 28 24 94 67 72 99 2 37 88 78 31 91 26 6 7 33 6 88 19 48 4 4 39 85 64 55 6 14 83 11 36 37 73 69 44 84 1 57 2 38 77 42 45 59 57 64 94 49 89 92 14 5 68 8 87
93 48 22 56 46 7 92 44 14 25 60 12 72 5 37 56 11 52 7 61 84 97 76 26 8 12 91 21 71 71 47 44 71 86 1 22 22 23 72 89 8 23 22 66 47 30 70 62 48 59 47 47 77 91 90 56 4 87 78 14 96 80 84 49 57 69 34 6 92 94 20 41 98 28 73 83 83 94 57 0 44 52 7 0 32 68 61 93 32 57 71 71 32 54 14 56 38 88 27 45 57 27 37 0 46 92 43 18 16 1 27 67 7 90 51 54 40 96 91 90 51 70 97 12 5 7 37 81 15 93 12 12 80 73 11 90 47 60 46 74 53 82 34 34 37 63 62 76 85 12 76 36 74 69 8 54 21 90 74 8 50 61
87 45 50 100 42 4 42 41 45 79 30 86 60 32 33 93 28 71 66 50 30 75 66 35 6 91 71 42 42 80 31 8 33 92 71 60 62 32 32 66 28 10 47 78 46 26 7 32 40 34 32 87 98 7 86 43 74 46 61 39 26 77 24 38 74 9 21 32 82 93 36 98 65 37 68 15 53 96 70 18 4 36 75 7 50 46 88 18 48 49 86 41 21 50 93 83 31 46 35 95 56 28 23 12 6 15 9 33 54 73 73 42 28 27 41 90 75 86 9 49 1 74 1 56 99 33 7 24 77 31 15 85 32 56 60 44 68 71 23 49 68 89 74 22 63 26 63 18 29 71 97 13 71 93 35 48 70 11 93 11 98 85
13 37 19 13 61 100 52 76 23 33 66 43 39 86 69 18 41 36 81 16 78 64 54 9 74 69 93 48 100 55 35 49 98 17 57 85 48 83 60 43 16 35 69 38 65 100 2 32 22 33 45 95 84 85 29 100 3 8 19 19 71 48 14 95 84 93 47 0 22 100 10 21 80 71 58 95 76 21 83 91 30 42 60 49 7 38 4 76 30 66 34 9 33 95 12 60 50 24 67 32 66 65 87 37 85 18 84 64 20 17 39 70 33 76 86 20 21 49 58 68 25 65 31 33 31 62 26 70 41 17 32 77 60 17 13 36 26 44 87 93 41 16 90 35 24 11 55 99 13 37 32 48 40 21 26 64 51 4 85 49 95 2
93 80 19 26 89 68 77 36 52 30 76 93 36 21 28 15 65 48 43 49 95 41 83 59 64 40 72 72 70 21 28 66 30 67 73 30 46 27 34 100 68 88 32 50 7 66 5 48 53 21 75 57 9 52 12 28 73 15 52 45 5 58 6 57 2 7 94 0 88 52 98 90 54 74 48 28 17 63 27 11 6 48 2 45 43 86 91 45 85 51 93 6 20 19 52 6 90 40 57 20 82 2 51 53 77 59 38 47 28 1 32 35 88 67 20 39 100 99 14 88 88 8 56 76 92 82 52 3 0 71 71 47 73 41 76 77 56 1 84 29 64 54 29 19 68 25 33 11 42 73 72 95 86 4 19 15 46 48 24 78 35 50
36 47 85 91 43 29 94 40 16 45 74 47 87 55 67 72 73 62 76 77 12 92 43 29 27 7 88 70 32 56 62 81 46 94 82 19 32 88 39 37 55 54 68 12 68 79 87 90 32 72 18 38 12 13 19 10 21 42 94 67 38 44 60 87 79 27 6 78 11 18 62 8 88 68 100 77 51 71 82 95 3 64 14 38 15 2 10 48 4 82 85 31 82 72 21 64 38 34 22 74 57 29 2 88 91 34 80 8 80 100 22 5 94 93 73 47 2 10 36 83 30 95 94 92 73 3 49 42 74 62 85 5 77 34 36 8 46 75 3 2 15 86 65 57 99 66 90 33 17 8 80 31 99 27 95 39 90 44 96 29 5 3
16 58 6 3 69 89 32 45 12 1 30 55 45 47 80 79 87 28 60 24 77 31 19 71 27 20 36 96 83 31 89 70 85 41 93 43 31 26 57 100 38 64 80 17 50 48 57 33 46 37 0 75 65 24 40 19 96 97 90 52 22 88 56 13 24 22 32 7 73 27 58 96 70 45 36 13 40 34 47 66 12 62 92 83 79 15 20 50 87 18 22 86 64 88 22 76 9 69 55 59 99 72 56 41 54 96 92 9 41 27 19 90 27 16 16 96 12 54 40 18 57 4 6 98 65 80 22 13 39 56 27 100 80 84 85 12 89 70 85 62 58 92 46 25 43 40 49 4 95 7 44 83 36 6 45 57 90 30 31 70 19 75
91 93 9 21 95 36 1 88 2 39 1 49 80 59 74 67 68 46 46 31 14 59 28 84 79 19 24 95 54 81 11 98 23 59 93 60 22 34 19 56 4 5 51 13 80 18 73 13 90 89 35 93 80 98 1 70 81 67 48 87 19 63 8 41 4 100 95 80 12 91 69 9 71 61 17 76 5 48 36 94 63 88 31 86 94 18 88 82 55 24 47 50 53 12 44 68 35 52 32 48 76 0 88 19 100 11 10 84 63 78 73 71 68 7 86 53 63 72 20 73 60 39 32 31 21 32 68 3 1 95 97 83 6 95 64 67 30 45 35 36 45 99 34 90 37 97 4 10 53 19 26 93 59 32 87 82 71 71 96 30 93 48
24 56 79 40 50 93 42 57 8 61 49 73 85 32 90 3 49 12 8 36 95 48 19 15 15 20 26 47 20 17 99 1 91 52 22 21 20 76 44 84 49 53 93 100 20 42 27 85 11 25 30 84 21 1 58 33 4 57 47 20 16 33 4 17 64 19 36 53 75 68 95 30 78 72 77 80 3 40 95 96 31 54 48 34 91 85 100 54 87 7 79 96 71 98 36 13 48 12 91 32 56 38 29 20 65 31 83 31 48 18 46 16 89 88 17 76 45 26 43 44 49 43 27 64 60 18 65 10 26 39 71 100 6 82 22 15 86 69 44 61 74 40 10 65 14 27 58 81 28 24 42 62 48 92 14 46 16 73 92 77 39 94
40 51 87 100 32 21 59 55 60 59 62 54 46 94 88 83 77 90 94 53 9 11 74 84 57 90 20 45 45 93 34 91 4 34 25 37 79 65 29 49 0 86 100 7 96 4 4 24 18 28 55 16 22 42 45 33 73 56 32 90 90 68 42 17 9 8 68 81 60 99 88 57 60 73 71 81 35 32 51 3 23 38 77 86 51 53 46 96 93 32 34 92 71 18 34 27 95 53 91 24 49 41 41 14 97 90 32 74 92 73 31 56 2 68 25 15 87 17 43 86 73 44 98 46 72 97 54 27 31 26 63 94 72 31 83 95 32 95 81 69 14 43 18 56 25 17 14 56 64 47 11 77 11 79 16 22 5 46 83 95 63 13
22 51 78 72 62 64 16 72 75 11 73 96 46 56 22 23 1 4 53 89 46 97 89 67 21 95 15 23 67 34 13 91 15 22 15 32 75 39 18 43 67 66 28 49 17 40 29 53 5 35 95 85 96 37 90 4 61 85 41 41 71 10 48 38 90 17 25 51 29 16 78 73 59 19 81 74 77 54 62 100 3 43 8 41 51 40 27 87 91 69 49 97 10 15 12 50 57 64 81 80 91 4 51 19 17 84 66 32 99 36 58 89 24 96 64 74 18 22 39 87 67 74 48 48 54 89 28 26 27 78 41 69 1 94 38 33 23 73 95 42 67 1 55 78 81 74 58 9 82 26 67 19 87 64 9 12 87 68 91 93 52 41
57 80 6 30 26 15 18 75 15 24 86 66 11 2 50 57 63 34 15 10 24 52 43 91 54 26 18 38 88 98 25 69 48 13 89 97 59 23 81 88 100 11 26 96 51 96 26 95 68 39 89 27 76 52 94 28 96 14 61 40 9 47 26 3 97 48 49 82 97 75 27 4 99 61 75 96 19 51 47 12 58 40 46 41 50 51 65 41 29 30 34 81 74 90 66 21 68 60 75 84 82 33 41 43 23 71 95 27 40 76 84 11 25 30 41 38 19 25 26 47 14 73 27 6 15 64 29 85 20 97 54 17 86 30 75 20 38 38 26 77 3 94 51 87 18 81 27 46 20 7 34 47 2 50 27 85 33 85 82 71 0 30
89 97 44 86 84 25 90 57 34 65 12 42 92 20 6 22 38 0 75 68 82 89 97 3 21 37 97 45 67 87 32 31 73 25 1 2 15 85 64 6 22 25 61 3 29 43 25 62 28 93 23 11 78 39 91 69 98 51 49 8 63 93 78 11 100 32 26 56 81 83 3 65 4 80 70 60 58 47 33 69 39 55 58 31 86 74 30 87 83 36 56 42 65 48 75 18 24 37 1 98 66 53 45 22 41 7 9 26 71 28 18 20 67 24 57 31 53 40 44 26 5 32 28 2 54 49 20 54 33 78 86 97 92 100 43 60 95 80 49 23 26 24 18 87 78 18 8 51 93 57 3 95 51 56 7 80 35 91 77 3 68 96
15 28 79 59 9 28 20 70 85 44 6 91 88 10 44 18 16 41 99 86 78 17 93 9 21 59 15 32 38 74 28 100 27 35 16 27 51 22 28 42 11 49 45 8 44 5 26 99 1 86 13 90 15 28 49 19 77 88 98 84 43 66 81 37 86 0 30 19 83 80 20 50 20 70 43 40 53 51 33 71 41 33 88 16 33 21 35 63 71 51 70 47 67 97 28 34 40 94 29 4 81 63 76 29 10 90 1 54 30 100 9 55 95 87 9 13 92 11 20 43 84 72 89 44 86 39 26 83 28 75 100 62 14 88 27 29 2 74 2 68 44 89 68 36 52 13 92 88 63 3 96 55 19 48 53 90 67 56 51 48 37 74
92 8 88 90 65 31 14 67 6 65 70 35 57 100 15 22 39 64 84 13 31 58 5 42 27 73 35 13 33 3 46 97 73 5 59 41 28 74 59 20 66 82 15 43 76 19 37 82 15 81 72 61 93 25 27 13 94 62 83 22 13 72 59 47 0 82 28 73 7 78 26 26 76 0 27 18 40 83 87 0 58 85 47 78 83 92 64 14 12 56 8 66 96 78 78 59 67 27 9 91 74 14 92 47 17 13 97 45 45 25 85 25 68 71 90 100 99 48 30 7 78 26 58 90 91 70 22 79 57 64 14 90 99 81 97 98 69 74 77 31 73 61 25 65 67 55 29 43 71 58 99 7 32 47 94 19 62 39 95 48 51 15
39 13 84 60 86 42 77 57 62 31 79 0 17 81 23 57 68 86 23 45 91 22 57 49 26 24 29 39 51 63 56 87 97 97 16 21 28 87 37 55 51 66 16 78 62 48 40 74 83 85 25 79 62 45 74 99 68 82 1 4 58 99 57 83 59 49 44 91 73 77 88 86 57 31 87 47 66 59 15 73 56 18 5 28 5 81 22 6 29 83 48 87 11 41 78 18 78 0 50 57 25 18 62 9 70 68 81 85 47 98 23 74 58 32 76 95 41 83 57 50 39 45 71 36 90 37 61 32 26 31 27 59 30 46 36 63 13 42 15 70 84 90 53 67 31 74 99 92 41 19 39 60 89 73 19 1 77 69 95 35 66 36
8 16 51 80 95 69 74 73 45 46 60 61 60 9 58 21 10 34 67 27 82 79 57 77 57 21 42 28 23 28 54 29 46 66 13 85 32 72 21 33 94 90 50 21 36 76 57 45 18 60 50 61 49 24 20 12 55 65 88 88 55 81 11 12 27 29 24 17 74 63 91 53 64 76 52 32 85 10 23 15 83 58 75 50 69 1 57 67 13 15 42 41 40 21 58 31 33 100 59 87 78 52 35 9 84 14 86 60 79 73 26 0 67 1 12 6 35 99 71 27 10 12 99 0 71 82 15 20 8 10 52 85 51 6 10 1 55 54 90 84 28 36 4 55 21 7 21 42 74 37 55 96 95 35 86 86 87 71 98 80 1 78
36 48 97 61 77 9 46 19 86 65 24 69 72 13 39 17 36 33 88 79 84 96 60 14 28 32 86 95 6 24 88 31 81 100 33 50 31 97 20 73 6 94 77 82 57 64 94 43 7 90 23 31 28 7 80 20 56 8 97 97 44 99 10 66 55 28 50 62 30 31 62 59 94 56 51 57 7 58 23 15 2 7 74 59 19 68 37 13 88 93 42 29 33 63 43 87 68 8 89 53 77 81 14 20 38 14 79 65 90 68 89 40 43 17 44 61 8 17 2 9 41 35 91 1 4 86 97 4 39 58 78 99 28 87 42 47 20 12 81 47 87 6 36 93 38 87 10 66 9 51 55 9 71 4 77 55 64 34 51 92 22 69
92 84 56 72 48 31 41 39 31 2 58 49 19 41 61 28 36 22 83 68 22 95 30 14 3 70 65 40 85 24 84 76 42 67 88 17 51 11 77 92 89 37 13 93 55 74 96 85 84 58 92 3 43 6 5 25 68 49 56 72 29 53 87 27 27 83 11 92 16 59 11 33 98 26 3 39 18 55 66 16 88 3 89 59 45 38 21 56 19 27 33 84 7 96 35 29 95 97 19 70 54 71 87 4 62 99 19 27 55 38 13 38 55 40 34 81 1 24 77 78 65 35 30 68 1 42 38 67 12 88 50 38 88 73 60 81 52 82 44 64 18 44 47 36 18 27 15 46 28 15 64 84 51 49 86 55 92 16 45 1 30 54
10 48 14 100 77 28 15 0 34 18 5 52 4 27 2 21 0 22 4 30 31 94 3 47 22 86 80 82 51 52 37 64 6 76 80 60 68 48 69 2 52 13 61 42 15 96 6 39 55 74 49 83 98 28 55 69 10 92 11 50 6 57 68 88 34 8 86 93 7 7 31 19 34 59 49 19 84 13 13 85 11 53 25 13 52 17 40 38 33 42 71 47 57 81 50 74 44 20 12 93 58 22 11 68 56 79 27 95 30 10 33 44 70 31 95 98 38 24 75 90 90 21 4 24 7 34 62 56 14 92 58 91 93 54 33 72 9 33 63 70 1 52 98 40 46 55 24 41 26 85 41 71 26 82 63 50 70 57 32 52 32 17
47 16 1 20 81 93 8 35 48 19 18 48 32 29 95 2 69 19 49 60 47 7 45 75 28 23 22 28 33 97 15 43 78 92 46 22 44 86 63 16 15 79 2 26 95 71 24 0 24 40 90 67 61 51 92 50 66 6 22 29 91 43 66 74 57 91 100 16 58 59 39 67 61 84 15 3 77 96 18 2 98 49 15 67 8 64 51 96 61 57 49 70 86 6 8 43 23 45 59 3 83 100 48 97 73 12 22 89 11 38 1 49 87 55 75 57 44 85 24 68 49 40 38 65 1 25 27 12 85 72 82 22 49 71 40 38 84 21 97 46 98 87 9 55 92 78 84 91 92 21 97 27 63 15 53 67 49 13 20 57 70 92
34 35 84 20 20 26 22 54 32 69 15 91 31 35 17 88 75 62 62 8 28 76 100 38 66 48 33 78 90 87 18 85 25 23 73 54 96 2 97 36 11 71 74 65 34 81 33 51 97 10 35 3 9 81 83 65 28 85 78 62 25 83 96 9 8 99 50 96 64 50 35 95 22 83 82 55 37 16 69 71 23 42 18 56 50 89 40 85 93 6 76 93 33 9 60 56 100 46 41 36 2 98 40 95 24 14 93 78 86 76 51 69 64 98 29 56 68 69 17 16 99 64 6 23 13 42 89 36 27 41 96 18 65 61 76 18 85 43 8 14 34 70 7 45 54 6 99 22 85 46 25 17 39 81 78 69 65 44 18 56 90 27
54 84 57 27 40 57 32 79 49 17 46 88 71 54 57 10 87 66 35 72 76 58 33 19 25 60 1 98 90 47 16 12 79 99 8 53 51 57 52 17 52 80 26 52 25 82 60 54 100 17 64 63 43 36 34 44 79 55 54 40 43 54 32 88 10 67 42 24 38 98 59 0 31 25 48 28 43 5 20 55 84 56 55 12 23 22 93 95 86 69 7 58 22 88 11 70 13 4 91 32 32 52 36 42 23 36 40 85 61 88 67 35 50 32 37 7 33 76 1 78 10 57 52 67 24 91 41 52 58 41 59 82 38 84 75 34 27 72 86 83 44 45 17 54 81 81 43 16 51 7 74 8 0 90 28 93 9 82 77 0 76 63
54 58 23 45 17 53 75 92 27 78 28 24 70 53 92 92 47 47 93 3 6 68 42 98 14 55 62 93 3 46 37 89 12 19 30 18 90 58 54 52 74 61 37 35 31 57 96 94 49 26 43 56 78 98 59 82 42 93 93 5 12 50 7 60 90 6 10 51 10 33 35 62 90 12 10 74 11 52 27 78 66 61 76 90 65 17 73 50 24 42 36 26 16 31 84 55 1 50 80 43 35 41 71 30 9 33 18 45 5 52 1 86 49 15 77 74 87 3 68 37 96 46 36 17 14 95 100 4 84 77 58 43 21 82 28 97 20 17 46 12 12 52 54 71 31 37 93 15 80 59 46 87 40 66 62 64 21 13 70 24 13 28
81 89 54 68 13 65 32 28 29 76 53 74 19 16 27 37 88 69 64 38 85 9 71 99 91 88 19 1 99 21 83 79 25 44 37 70 48 70 52 59 72 58 29 88 11 48 45 30 90 25 35 22 5 42 27 100 42 41 42 100 0 46 11 99 3 26 71 97 40 98 78 0 88 40 8 37 67 13 97 12 55 58 11 1 96 12 7 69 13 65 75 71 17 3 19 82 38 94 39 53 28 28 34 47 0 5 85 76 98 35 17 90 89 98 14 79 53 47 41 61 33 46 92 22 33 14 75 14 28 38 11 14 61 30 56 75 22 36 22 10 39 67 54 88 4 12 91 95 92 30 63 40 41 71 75 14 51 18 70 48 21 13
74 53 74 21 27 18 56 59 4 1 21 55 4 62 82 68 87 58 18 27 45 84 79 48 72 5 77 74 80 41 39 23 14 43 30 71 60 58 7 24 77 75 68 37 100 99 10 52 21 42 68 6 4 14 69 73 33 75 59 89 99 8 60 28 43 7 72 61 46 33 10 19 9 22 85 83 5 23 93 56 35 99 2 14 2 46 42 12 15 5 13 34 7 65 32 83 22 57 61 15 63 98 17 15 95 92 40 80 98 74 59 65 30 15 24 59 70 70 99 26 46 41 31 17 16 12 43 10 71 81 37 92 73 93 78 89 30 35 100 80 2 76 17 21 16 91 82 9 5 89 81 100 81 82 53 21 95 95 2 53 62 12
5 83 68 9 54 84 23 57 75 2 93 56 52 15 72 79 32 50 20 50 42 65 74 63 22 76 98 73 19 56 13 62 89 94 90 49 41 38 32 73 72 47 83 45 62 86 78 74 37 60 18 83 63 98 2 15 37 17 71 42 56 21 72 81 66 89 53 32 77 97 55 49 41 39 32 53 39 36 32 14 91 18 91 99 99 98 90 39 21 59 12 73 3 6 81 9 90 68 30 81 95 17 96 75 75 35 13 93 15 40 46 97 48 44 28 85 100 20 27 1 8 11 47 77 96 70 27 13 22 62 57 89 21 14 17 22 97 35 75 9 48 44 87 77 13 69 88 39 10 39 25 35 77 77 6 44 58 72 100 3 52 43
30 98 33 20 64 42 22 33 97 53 59 13 87 19 59 49 87 69 6 54 95 12 84 56 69 44 82 21 93 0 87 22 15 14 93 10 36 71 89 5 38 29 0 72 91 69 82 5 17 27 42 70 41 56 52 46 77 41 5 13 98 41 2 46 30 36 35 86 10 58 84 12 8 63 74 49 24 41 5 54 52 47 78 74 84 72 10 86 38 30 20 76 63 56 27 14 91 85 2 60 35 81 89 13 50 49 57 77 60 42 66 52 23 26 71 71 2 86 30 66 54 12 72 9 68 0 69 19 40 74 92 67 48 59 81 95 33 18 32 93 89 10 98 88 26 54 10 33 39 50 36 27 88 7 36 72 31 43 29 46 13 12
96 43 36 9 15 71 30 21 52 21 88 72 20 49 0 7 14 18 23 44 34 63 10 58 76 57 75 66 28 78 54 55 42 61 75 55 89 94 0 47 38 21 100 29 7 92 44 2 50 15 20 38 53 68 34 20 2 17 48 85 98 34 66 28 71 6 63 39 71 35 88 19 37 91 52 60 73 86 86 47 82 59 18 28 47 45 19 90 65 8 3 12 84 99 49 0 64 5 69 78 59 43 20 23 57 24 75 84 25 97 33 73 34 45 17 13 22 87 96 47 18 78 47 29 14 70 71 33 78 15 40 58 79 74 88 35 28 17 49 57 84 36 64 56 69 33 23 2 28 26 96 20 55 94 88 34 77 24 7 33 78 0
42 39 29 7 86 17 47 82 53 28 51 22 81 22 29 77 43 72 27 98 8 43 41 94 42 42 6 39 9 60 43 63 53 94 32 0 28 15 88 4 20 84 47 80 4 15 25 38 23 33 41 62 68 37 18 28 92 49 69 30 81 5 2 7 45 81 95 34 84 95 60 58 24 62 14 1 3 67 88 42 95 5 78 68 43 100 80 25 40 92 65 9 22 87 27 19 81 37 96 68 76 73 98 81 96 67 78 65 85 79 26 39 74 76 4 82 71 73 34 56 91 16 21 38 31 99 90 87 59 39 57 97 84 70 20 86 32 87 97 25 31 65 87 90 78 61 34 82 86 0 5 72 66 11 81 41 47 70 32 80 17 52
7 58 52 20 47 97 37 62 73 6 3 24 1 7 55 11 70 70 2 3 21 43 37 17 68 84 17 15 73 91 46 21 77 76 16 43 76 17 22 58 15 19 65 58 16 51 17 78 75 56 98 52 59 62 7 94 67 79 27 13 54 29 12 7 96 30 6 27 79 91 59 23 88 31 47 10 8 44 79 4 16 73 77 55 7 51 56 31 1 1 48 86 77 51 4 58 82 40 86 4 47 100 93 20 43 83 94 14 71 26 95 3 93 96 7 89 68 31 8 15 69 4 74 47 34 15 27 20 79 29 4 24 82 72 38 36 42 70 61 2 90 29 98 94 14 83 65 61 42 15 52 59 1 44 29 28 72 98 39 58 71 10
47 83 88 38 22 85 48 16 45 1 44 93 84 61 74 91 24 53 50 89 81 84 49 4 50 30 38 26 2 82 44 50 66 57 92 83 78 52 16 18 62 54 25 34 63 45 75 55 52 53 7 63 36 37 37 42 30 19 44 70 38 37 15 42 71 58 84 66 41 27 54 19 65 35 49 26 4 62 6 52 49 28 40 2 27 70 50 35 88 99 9 7 80 26 67 92 23 38 82 57 87 37 77 12 9 18 11 6 73 36 67 33 71 66 75 53 35 0 0 21 85 70 26 59 12 55 62 90 23 93 94 29 21 76 19 77 25 19 84 37 78 81 42 19 12 88 100 9 89 14 0 29 29 93 96 85 12 22 29 22 89 63
