31 523
66 76 61 17 9 8 31 26 90 16 31 21 26 54 28 21 88 27 45 25 21 8 4 52 24 49 85 27 34 28 39
62 100 31 5 100 86 47 7 3 45 79 23 87 63 46 62 53 7 85 27 72 30 78 79 45 83 20 44 64 15 82
92 50 34 67 74 14 80 88 5 84 33 72 82 90 4 31 90 44 38 94 5 100 3 36 41 73 69 27 38 67 97
10 40 100 60 34 89 86 82 17 46 31 24 99 53 39 61 27 21 47 73 0 70 29 46 76 20 40 80 41 86 84
61 26 75 16 3 23 86 80 13 37 44 33 11 55 58 23 44 19 92 38 66 21 98 41 75 99 5 70 64 6 2
93 92 19 88 95 44 78 3 20 93 21 76 1 16 30 61 85 56 40 41 72 33 55 33 64 64 94 99 58 78 96
91 17 62 18 29 22 8 23 88 76 84 87 9 84 2 88 23 37 11 93 40 50 82 20 58 41 79 12 42 55 25
67 91 89 63 42 44 5 71 51 37 73 15 46 89 10 22 11 67 95 78 88 61 86 72 100 17 95 56 13 34 13
61 49 43 96 99 5 100 15 5 85 1 52 46 62 30 8 17 70 14 68 37 2 16 88 4 94 37 1 20 67 39
5 13 64 2 14 97 94 48 73 96 17 24 12 26 45 49 5 92 57 27 100 98 85 94 54 26 4 70 13 79 12
9 39 6 58 58 42 26 82 2 16 7 83 53 37 32 52 45 49 32 87 37 50 30 51 44 34 43 46 9 39 87
0 70 14 16 91 50 100 50 76 64 26 23 55 53 34 79 41 15 24 35 84 47 19 47 60 66 84 20 31 74 40
94 48 52 85 96 50 76 0 7 96 71 28 98 52 79 41 65 90 26 85 50 11 63 89 68 62 58 65 92 75 16
23 53 100 79 99 26 24 10 64 20 78 78 15 85 50 82 68 63 73 92 90 35 86 53 83 61 39 13 42 49 23
0 52 84 75 43 60 71 79 15 68 31 52 22 1 85 43 8 63 19 16 70 18 59 19 31 11 30 19 77 79 71
68 9 64 84 12 6 54 35 71 72 26 88 5 22 55 83 38 13 6 30 36 67 24 67 24 6 42 21 15 55 47
67 78 87 49 23 68 36 64 66 10 28 47 100 82 84 34 66 60 85 87 67 82 76 45 9 69 39 30 69 0 29
77 48 61 77 95 69 77 90 53 84 90 24 78 42 3 83 8 21 47 18 36 32 7 54 87 14 98 31 84 76 66
18 36 78 12 78 67 68 69 0 27 81 68 51 50 4 0 17 94 29 19 23 44 23 67 55 73 38 72 35 29 87
28 74 11 18 57 100 91 35 48 50 78 36 76 62 32 28 98 93 28 77 28 86 61 99 6 8 80 100 64 56 5
21 97 21 19 11 44 72 42 31 17 40 72 92 20 16 48 2 2 76 66 30 41 44 51 58 32 51 45 82 41 78
63 29 54 64 61 40 75 85 57 90 73 92 62 55 5 25 100 45 42 76 89 87 62 96 59 14 61 41 41 85 3
30 17 51 11 60 9 37 44 6 20 34 1 78 62 68 19 75 19 68 61 16 51 60 32 60 98 46 78 60 4 99
1 20 86 18 61 96 18 44 63 37 12 29 53 9 74 44 82 5 76 12 92 90 86 68 75 16 49 47 31 82 89
63 65 86 15 12 8 77 9 70 78 56 66 67 9 9 18 8 72 73 74 65 29 76 14 59 46 89 97 75 81 6
67 71 82 88 4 4 37 94 52 95 47 82 35 28 57 72 98 88 47 60 54 27 59 22 41 38 92 58 14 30 79
58 35 19 80 35 23 23 33 72 64 26 35 0 32 42 96 7 70 65 10 98 52 85 56 1 24 17 78 3 0 76
17 54 28 59 18 43 90 99 25 1 36 56 100 61 42 37 37 60 62 35 31 19 5 10 82 94 73 16 26 56 19
46 51 19 34 81 17 30 14 39 13 19 63 6 26 99 16 96 12 55 61 76 40 87 90 79 30 54 63 76 0 92
86 27 36 70 62 56 18 35 80 87 2 37 75 83 20 19 3 69 13 42 6 87 53 65 97 80 91 93 68 71 67
8 75 88 60 47 86 62 43 19 39 100 10 65 26 10 69 83 89 14 37 60 70 52 41 45 74 55 84 48 73 61
92 75 67 100 26 44 50 93 98 22 80 46 59 9 70 28 57 20 93 8 72 10 42 33 76 90 8 62 36 38 10
78 2 87 53 62 90 75 83 100 2 24 17 86 25 27 67 14 83 91 21 44 26 95 33 37 89 21 57 10 77 28
82 64 16 6 59 32 61 16 33 85 58 12 5 55 67 33 0 63 41 4 79 28 93 50 68 54 39 97 97 40 47
56 79 6 19 100 83 95 67 66 90 2 95 31 94 84 14 50 8 29 97 18 37 86 18 24 77 51 22 14 48 59
12 71 33 23 76 42 20 14 39 100 8 12 48 21 23 91 17 63 63 92 92 83 55 79 26 10 28 23 95 57 86
44 25 11 39 5 28 91 52 56 98 15 36 95 86 73 39 20 96 11 77 14 74 8 41 92 3 89 78 43 57 21
79 63 82 51 97 40 22 50 3 26 94 15 11 83 67 52 92 30 30 63 52 93 49 62 80 43 51 90 58 1 87
26 52 85 39 72 33 91 48 4 5 12 63 43 64 35 40 8 0 11 43 91 97 19 48 55 61 85 75 32 30 29
40 98 6 12 100 18 34 76 54 12 36 63 42 59 23 83 61 90 44 66 28 62 37 14 92 27 77 88 78 59 91
6 78 58 4 37 25 33 52 52 63 11 81 47 7 58 63 41 79 48 90 94 40 95 86 93 38 96 61 49 32 56
86 5 19 96 55 29 3 60 11 6 90 65 5 82 25 95 92 18 79 14 47 46 19 89 23 6 3 85 46 14 40
29 83 37 81 66 79 59 43 75 89 41 99 14 60 90 91 87 6 41 90 85 86 44 66 97 18 84 81 84 27 66
47 29 81 24 36 49 26 72 27 13 2 19 55 83 80 86 12 91 1 26 100 98 51 44 92 38 68 86 95 62 60
51 3 57 6 72 83 91 82 57 2 11 92 30 71 87 77 27 88 70 8 54 22 26 100 25 61 74 72 38 39 52
78 47 54 37 90 57 31 56 96 12 33 61 2 14 7 13 59 10 8 68 45 77 72 2 21 88 73 35 44 31 32
35 42 35 58 40 28 14 37 13 27 37 79 14 23 91 66 59 35 84 80 76 79 53 74 38 51 63 68 20 98 47
80 53 50 81 61 92 53 55 61 44 18 66 50 59 25 50 31 18 73 24 78 35 91 30 47 91 77 43 49 71 0
55 87 26 45 7 11 43 80 99 50 18 82 53 28 63 61 51 87 46 64 29 60 21 67 90 12 12 76 78 12 14
57 13 95 38 48 0 32 92 24 27 28 2 20 79 77 33 77 12 45 91 89 9 36 32 53 55 39 6 74 6 5
0 84 89 26 15 7 23 0 7 3 78 5 21 33 81 40 90 75 74 0 35 17 98 1 33 66 89 79 45 0 31
45 70 46 19 21 97 90 63 84 31 26 10 95 97 70 22 94 67 3 47 16 71 65 82 47 14 85 60 53 79 27
95 23 27 6 4 87 61 4 55 3 31 77 52 82 71 70 83 22 3 67 79 15 46 31 66 15 78 36 83 33 51
4 94 25 31 97 90 25 96 6 70 39 58 66 31 79 91 76 98 32 25 84 17 8 38 97 24 89 96 40 36 4
30 38 35 3 89 28 26 39 63 77 81 16 17 62 69 3 89 92 16 53 15 17 25 85 79 95 22 61 51 3 55
65 28 6 69 13 67 82 30 53 78 15 15 16 47 54 54 64 63 64 49 21 78 83 30 58 38 45 2 83 99 75
19 53 57 79 81 26 42 60 24 26 100 10 91 18 85 81 15 74 27 0 86 54 30 98 1 55 46 20 19 54 46
63 98 2 39 19 83 67 61 35 25 94 16 1 85 18 89 44 95 12 44 59 46 77 23 9 32 80 79 92 28 42
94 37 74 86 41 23 53 4 77 72 60 52 35 91 48 92 39 0 81 90 69 73 83 64 41 56 44 94 55 14 53
88 91 78 77 91 100 51 0 27 66 94 8 65 70 19 84 14 0 74 51 15 2 83 86 70 91 48 62 7 49 64
38 53 95 9 89 6 72 99 78 38 9 75 43 93 52 37 76 80 10 76 7 17 5 79 15 98 48 59 93 8 61
92 0 71 24 31 72 78 99 99 87 37 20 14 50 93 82 66 25 35 56 7 88 100 21 93 18 47 59 58 54 61
5 23 58 78 31 21 0 47 2 27 53 62 72 68 94 84 85 28 11 19 43 87 34 46 52 17 40 35 18 82 35
38 62 82 97 72 92 3 78 39 92 93 79 37 69 73 42 39 1 32 13 68 21 30 75 10 67 62 87 12 57 37
76 23 97 74 89 48 38 90 23 32 75 23 30 9 4 57 1 49 9 71 88 65 48 55 2 94 42 56 13 34 5
54 60 90 25 66 40 63 89 91 55 91 3 81 93 21 17 19 82 75 94 39 99 74 21 87 9 75 26 85 76 16
2 65 73 5 79 23 27 94 58 64 11 61 64 52 23 60 2 44 79 55 7 66 92 86 100 39 41 74 36 40 73
97 78 1 17 37 99 59 49 94 89 41 54 68 21 4 9 77 70 81 87 40 97 56 82 56 71 96 5 90 79 100
80 41 8 69 82 80 69 73 76 75 17 46 57 70 98 46 73 94 61 7 99 80 83 69 89 27 80 98 5 17 21
28 1 23 58 87 27 2 25 51 66 27 18 87 59 65 71 30 85 15 11 99 52 66 14 56 1 54 75 93 91 65
28 17 71 54 88 72 51 56 51 91 8 23 71 6 84 7 48 36 31 79 86 74 74 48 100 54 53 29 9 82 12
33 82 97 92 53 91 72 57 92 44 25 4 55 39 64 81 58 80 62 60 94 54 89 3 30 82 26 31 25 1 5
61 30 23 87 1 93 20 20 54 63 29 59 44 57 62 62 55 53 43 33 65 53 31 91 60 52 73 30 50 93 71
15 82 45 11 48 60 11 11 60 8 37 77 95 97 55 56 38 22 92 27 4 67 23 40 92 55 88 17 57 56 83
58 61 61 82 15 32 37 64 93 29 20 39 68 96 71 21 79 65 64 79 21 7 31 60 83 20 65 95 19 93 80
11 58 19 82 40 6 26 39 12 15 48 36 47 50 44 28 12 85 50 42 90 60 76 45 31 78 51 0 12 53 75
14 63 15 92 3 31 96 88 58 18 4 56 76 55 71 69 53 24 9 38 21 74 50 4 86 43 4 24 78 63 84
58 59 67 82 17 10 19 0 82 43 96 75 16 56 31 77 89 68 80 45 2 29 20 76 18 8 97 25 77 77 95
34 88 3 89 28 1 48 34 73 81 48 24 57 41 61 89 59 81 16 27 21 34 82 78 62 25 75 72 34 1 94
14 97 32 85 97 21 35 54 83 32 65 44 64 8 97 45 100 67 48 30 97 10 4 24 57 15 21 91 22 49 69
0 10 52 62 20 85 98 85 100 46 55 50 39 36 42 27 19 87 43 46 16 42 80 28 20 64 21 95 0 96 96
98 15 72 58 36 7 43 83 61 55 5 57 57 23 88 77 47 90 39 32 29 33 11 4 50 66 33 40 30 66 60
58 73 55 90 44 6 33 85 0 57 27 37 28 53 29 41 78 49 32 18 18 54 64 53 55 5 44 32 84 13 43
60 80 69 43 81 53 44 49 80 20 31 34 5 87 61 90 82 100 19 32 32 33 2 71 7 38 61 29 100 65 30
62 69 9 41 60 3 95 71 69 52 22 62 58 56 71 45 47 68 75 79 39 25 70 18 21 1 40 81 72 27 52
95 60 67 64 56 77 56 95 5 7 15 10 44 13 26 16 10 79 29 11 40 46 61 20 20 18 88 71 25 82 85
4 76 53 52 35 80 75 8 59 3 70 65 96 24 56 11 99 61 65 87 54 26 88 27 72 50 59 88 52 24 5
66 24 52 71 36 58 34 73 84 25 35 8 68 21 74 86 98 53 82 72 91 24 45 6 25 86 8 30 20 50 18
35 45 96 61 72 30 15 57 71 22 23 47 83 43 29 38 57 14 49 75 50 13 53 12 63 20 3 11 8 88 10
42 51 7 50 66 96 87 60 3 40 59 90 15 99 98 78 48 44 89 9 66 2 5 48 15 15 15 67 28 34 17
78 29 57 10 5 74 69 89 32 69 74 28 61 24 83 30 69 48 100 6 44 27 48 37 35 83 14 47 89 95 48
39 51 68 3 52 69 23 60 19 84 87 68 1 5 95 16 22 3 81 90 3 57 99 32 49 27 88 83 90 14 70
91 93 12 32 92 6 87 73 49 96 32 27 49 75 79 12 63 61 82 79 37 98 75 19 2 79 12 94 100 64 44
70 82 36 30 25 100 69 6 41 66 77 68 96 61 79 84 80 9 85 39 72 21 47 97 84 73 48 48 58 19 33
63 41 7 96 83 50 89 0 39 50 90 1 77 37 0 2 20 51 24 44 80 36 81 41 14 84 61 29 18 83 23
97 38 94 76 28 48 76 61 61 13 30 28 19 65 5 35 11 79 45 61 95 31 20 91 72 62 64 18 36 85 51
82 29 66 11 62 16 9 26 67 48 50 64 45 34 13 11 1 24 10 43 4 71 34 9 11 1 37 26 89 87 65
49 54 61 99 61 10 35 33 85 1 75 66 60 6 13 40 48 60 86 29 55 97 67 70 40 73 22 33 16 17 21
45 45 55 62 63 44 30 13 50 93 16 65 97 23 63 10 56 47 40 29 29 77 38 60 9 11 21 77 20 97 80
84 14 89 80 30 72 48 58 26 100 7 62 76 57 2 30 35 80 75 19 78 78 26 29 23 38 86 69 44 99 48
10 15 78 3 71 81 46 76 29 30 67 77 27 54 36 0 43 89 35 25 12 43 56 32 53 51 6 83 99 51 2
84 80 76 58 7 78 54 94 36 68 60 68 62 27 92 34 21 32 50 93 47 71 11 63 33 74 41 66 40 44 49
74 24 21 47 68 63 35 24 28 30 65 66 18 89 52 24 95 15 100 54 67 81 37 79 7 58 70 68 74 15 67
34 21 84 97 8 92 13 76 50 24 7 17 19 24 67 71 68 49 98 28 31 30 62 13 10 73 14 13 84 37 41
63 76 27 13 79 8 43 30 53 94 81 88 36 8 47 98 49 13 87 64 29 65 96 73 85 49 37 87 23 51 62
67 38 59 51 71 82 15 76 76 16 83 39 54 60 57 33 19 68 36 19 27 16 46 23 18 17 76 92 73 69 86
26 38 4 20 35 10 50 12 62 71 10 83 19 63 79 32 84 13 1 78 50 17 62 72 96 3 88 12 39 39 15
74 72 86 59 51 34 94 85 47 96 100 95 56 8 31 64 24 21 32 13 85 90 36 1 5 64 46 55 8 90 84
5 72 4 97 19 30 44 73 25 93 53 74 98 32 7 50 4 5 25 42 69 68 42 68 66 4 34 15 11 52 0
28 36 31 26 96 51 82 56 50 62 82 47 63 72 100 85 22 70 92 42 92 58 95 8 22 23 36 76 30 52 91
6 14 72 65 95 55 30 67 48 46 19 3 84 47 74 80 61 6 28 17 8 1 75 47 7 81 81 8 0 49 43
32 46 83 52 54 31 17 34 69 1 66 75 66 31 91 9 56 85 68 63 23 72 2 87 13 82 8 60 90 37 14
25 52 13 84 24 53 4 32 38 89 15 59 88 54 57 31 32 75 62 76 42 65 64 30 89 98 17 51 20 83 19
46 25 50 8 0 4 28 85 54 60 80 21 94 44 71 12 45 10 5 67 4 89 98 74 76 35 93 32 22 76 39
12 55 55 88 80 30 36 15 73 33 71 92 6 5 2 49 3 50 76 91 86 30 86 22 18 12 63 24 96 67 29
85 4 29 52 35 98 43 54 2 37 83 39 6 76 24 32 20 16 22 31 33 10 0 71 54 66 81 89 85 85 29
17 62 57 1 3 34 32 46 22 81 65 33 76 1 18 53 54 71 75 17 1 8 8 46 22 68 87 23 14 56 87
34 80 85 73 70 91 25 0 66 42 52 60 94 70 97 14 20 97 80 48 55 6 35 87 84 34 59 59 78 14 76
85 88 49 65 15 11 1 69 42 31 11 70 7 81 38 35 48 70 0 70 45 60 23 27 79 40 13 87 77 1 1
64 16 80 22 96 3 46 90 97 24 67 5 15 72 67 34 16 19 13 48 100 34 64 40 18 83 17 94 76 24 7
25 11 26 27 71 81 88 33 34 17 5 4 3 8 51 55 72 4 78 89 23 78 16 51 2 22 14 0 12 84 8
84 85 39 55 59 95 20 28 28 59 29 68 86 67 71 94 21 37 81 12 54 77 82 38 15 87 83 43 94 67 13
53 75 46 56 39 8 29 85 30 29 33 46 64 55 77 17 52 78 19 18 54 59 61 52 0 58 90 7 27 26 50
22 24 15 95 78 72 10 16 40 4 98 84 16 93 62 39 51 8 54 67 80 52 97 74 67 59 44 67 87 59 93
0 98 37 29 96 78 14 33 18 15 49 66 11 75 37 96 90 62 33 100 69 69 30 3 40 35 1 57 24 61 67
21 74 17 28 11 40 10 48 79 75 44 0 78 17 16 72 47 78 69 52 20 58 24 30 55 1 69 27 83 30 57
27 69 9 51 46 87 13 16 43 86 4 30 37 5 79 70 35 20 24 66 1 45 91 62 66 64 3 95 53 3 76
69 5 39 22 0 53 17 3 4 58 37 84 51 81 65 13 96 17 95 58 97 83 37 14 60 12 67 14 90 25 6
45 59 4 19 91 22 35 57 50 9 62 19 74 9 15 1 58 100 17 79 100 49 33 26 84 57 59 12 62 12 36
99 82 87 32 23 17 6 16 78 85 47 83 66 76 8 30 8 21 99 57 48 98 6 95 26 3 99 80 68 67 36
45 39 31 9 44 1 33 72 43 71 10 30 10 95 23 69 15 88 92 50 12 47 1 74 15 2 10 91 0 85 66
32 49 68 93 13 5 58 29 50 86 78 2 96 84 35 3 96 98 81 47 38 23 49 16 69 31 8 87 33 43 43
34 68 0 52 26 54 16 64 55 34 69 51 69 40 71 69 89 80 66 70 52 20 9 98 36 62 61 42 73 8 32
81 25 13 47 14 87 76 95 83 71 74 20 8 33 3 63 48 12 68 61 69 21 5 11 38 55 12 66 63 67 72
3 81 71 84 64 37 46 48 5 79 28 77 68 46 33 95 35 51 59 88 87 56 47 66 55 13 98 97 51 9 10
40 24 78 11 73 22 85 62 53 26 79 26 87 98 36 76 2 33 14 77 61 67 48 8 77 99 65 20 42 65 69
0 84 9 93 35 37 55 57 67 14 11 3 9 63 3 19 68 98 21 35 13 94 5 99 23 78 50 54 80 30 54
98 61 96 52 50 87 29 80 63 34 31 11 87 98 40 1 91 41 60 95 77 30 16 26 89 75 8 53 67 66 50
13 14 68 2 83 69 22 78 69 11 93 100 21 88 88 44 40 53 81 11 27 72 60 89 28 52 74 44 59 37 40
75 44 1 52 8 39 49 84 47 51 47 65 57 17 61 7 19 47 84 72 59 81 90 30 47 72 73 9 26 8 72
98 24 48 11 61 92 21 45 88 71 78 77 48 80 4 47 88 86 68 99 61 2 98 37 72 26 92 19 100 80 62
5 49 99 29 29 81 69 31 2 45 85 48 34 33 8 82 78 55 0 43 7 83 16 18 42 100 37 28 8 94 53
19 31 62 15 77 34 40 99 34 73 36 41 79 19 7 51 78 56 44 8 93 69 73 81 33 11 24 69 95 25 97
47 12 50 59 65 37 50 79 51 70 63 6 86 77 45 58 11 88 84 76 65 26 6 92 14 22 51 28 49 69 22
16 12 79 21 84 81 59 82 51 46 58 23 1 75 51 56 96 81 91 3 70 46 23 24 46 23 85 74 32 50 23
37 10 22 47 30 56 22 19 57 87 92 24 20 75 2 21 28 68 43 37 31 52 31 42 26 39 39 63 82 89 3
20 19 78 71 19 37 93 88 65 39 53 82 46 0 5 29 19 14 59 47 57 59 92 54 79 48 51 41 2 9 75
1 0 55 97 23 8 1 64 75 32 75 72 92 38 6 54 16 8 1 99 97 58 21 18 34 12 36 86 35 47 53
74 18 68 38 8 4 78 37 6 55 61 25 64 47 18 5 11 65 26 23 100 29 16 1 69 6 26 7 82 28 56
55 44 78 57 21 2 95 85 29 20 48 23 63 36 37 59 40 38 21 33 29 56 47 49 71 60 74 7 58 92 93
11 10 38 85 31 22 6 49 24 13 84 62 90 23 30 43 37 74 49 86 15 38 42 83 62 98 24 60 59 70 42
24 15 82 15 75 78 66 31 31 25 88 8 97 98 14 0 67 34 90 96 72 52 88 7 58 35 63 78 64 95 19
63 56 29 27 4 36 66 84 7 47 6 80 6 98 73 42 52 1 36 41 54 64 44 83 89 92 31 28 22 76 1
73 33 8 95 24 16 61 100 53 1 80 90 94 27 82 60 0 50 15 68 1 58 76 66 42 51 86 53 62 37 48
41 84 75 89 43 4 69 30 3 24 15 95 91 92 86 83 36 80 16 51 6 81 7 92 62 90 53 49 43 90 67
81 65 93 45 24 64 62 33 22 9 53 35 24 76 11 65 60 75 53 76 96 32 83 12 98 6 40 20 65 93 58
62 1 78 83 28 75 33 36 11 37 7 29 71 79 41 82 6 56 72 58 62 37 54 77 88 95 56 95 99 69 12
57 57 61 67 61 91 54 93 49 77 4 56 18 55 96 71 98 50 8 39 31 49 65 28 57 72 23 36 45 86 30
32 82 61 65 11 43 38 87 100 3 38 20 15 48 78 68 99 95 42 83 92 82 32 31 3 21 29 66 31 72 12
55 45 9 57 58 53 27 83 37 72 63 68 71 45 29 90 16 48 47 81 100 45 14 84 90 64 15 50 51 85 27
10 54 14 86 83 29 47 2 77 57 58 85 0 94 43 17 1 87 100 72 14 25 44 35 84 48 19 68 37 40 81
26 13 6 38 31 80 13 61 95 32 92 16 97 78 100 46 28 65 35 48 61 57 7 100 78 52 78 100 3 29 37
84 63 93 46 26 60 39 80 48 37 28 93 46 85 95 29 0 33 30 17 6 52 75 14 67 54 6 6 48 74 68
95 93 43 28 13 60 25 28 31 3 79 71 27 81 33 18 82 27 90 5 4 36 80 91 69 88 68 79 34 94 26
67 20 89 60 64 28 7 20 21 32 79 26 83 97 3 58 25 29 78 41 82 74 94 15 69 39 70 10 71 0 56
33 42 83 13 58 95 48 63 1 70 12 49 88 24 15 59 10 57 22 57 1 63 6 42 97 10 68 80 77 37 80
9 52 63 78 55 60 41 89 64 81 81 80 61 41 10 7 1 73 7 58 45 84 3 48 54 7 25 59 95 54 98
14 97 85 58 25 81 87 16 39 3 46 58 87 5 64 36 3 32 40 91 71 68 74 67 98 82 16 50 88 64 73
36 64 88 82 77 52 28 63 63 75 48 19 4 67 0 92 5 54 32 31 59 25 2 78 66 59 51 13 37 53 69
37 33 99 16 25 37 67 0 2 71 64 70 90 59 70 80 13 54 35 75 44 92 60 68 19 100 83 31 49 29 7
11 37 93 39 25 29 30 49 48 94 81 11 82 22 9 87 6 69 24 64 92 69 54 49 47 42 68 33 37 45 28
24 64 69 39 12 9 2 50 69 30 18 39 76 18 26 57 56 2 77 83 39 49 55 10 35 71 75 19 84 36 27
45 91 79 68 51 25 90 83 77 86 11 63 10 38 58 48 10 78 16 82 67 91 84 58 34 18 36 86 58 73 89
28 6 38 89 34 9 98 17 14 82 77 100 78 57 73 43 6 46 93 1 55 23 96 92 38 88 90 60 62 86 84
65 15 76 33 34 99 69 7 22 42 85 48 52 12 70 94 28 98 70 45 95 51 31 99 8 60 1 85 25 5 68
78 18 82 9 94 14 95 46 37 71 16 74 58 86 41 26 77 82 46 19 34 16 55 62 39 38 85 92 67 74 60
36 75 88 31 20 73 85 33 73 18 50 45 8 40 22 28 66 66 11 61 70 79 52 62 19 51 75 56 1 43 80
24 74 68 81 12 98 68 93 93 56 39 100 58 45 86 49 19 82 46 86 77 22 90 31 76 80 66 29 91 90 92
64 18 49 60 98 63 67 48 58 19 27 65 31 66 39 47 66 42 32 62 80 89 98 61 39 1 25 91 83 36 49
31 39 90 59 89 31 20 44 89 51 68 86 89 66 17 41 20 19 95 35 71 78 20 10 97 21 85 21 58 82 100
37 46 60 55 22 37 64 62 58 53 1 42 69 8 77 70 95 81 64 27 49 59 96 69 62 52 35 66 3 5 52
69 32 72 14 29 32 19 28 87 3 12 37 55 50 19 61 81 39 32 87 62 44 16 5 41 23 69 83 81 91 1
60 26 75 82 100 9 32 41 14 27 23 79 46 73 17 0 94 0 78 9 12 87 34 10 72 20 8 88 72 39 25
46 62 23 17 82 19 82 78 79 57 100 72 70 92 71 75 55 5 75 38 63 40 47 8 5 22 63 12 38 16 89
65 97 8 90 84 10 58 63 48 33 10 64 37 73 27 34 27 18 59 98 65 76 27 71 75 37 98 28 17 4 77
14 8 73 30 4 52 94 73 33 5 53 14 96 6 36 92 63 59 76 30 52 5 76 65 13 7 45 91 69 61 65
74 90 39 7 49 88 76 45 6 32 39 18 0 80 60 4 41 72 19 12 31 76 23 7 72 67 0 37 52 2 62
84 97 11 95 72 62 85 92 22 18 63 62 21 64 64 31 89 30 58 89 28 8 20 64 55 61 55 24 9 5 2
98 60 76 20 4 67 12 93 46 63 92 0 38 69 36 26 68 26 86 98 78 81 55 18 15 17 90 43 50 44 17
55 34 51 70 31 75 43 91 0 59 23 31 22 69 56 31 15 40 20 93 84 40 70 31 47 44 57 45 18 98 18
87 13 14 27 77 5 94 74 53 93 57 39 2 27 82 32 25 42 97 69 55 20 63 32 79 60 61 66 8 57 91
42 100 20 73 93 56 46 40 47 89 51 19 82 92 4 34 22 13 67 65 39 29 81 11 57 75 80 97 61 96 29
45 64 10 7 69 72 32 5 98 15 86 1 55 24 77 76 50 74 21 98 55 29 62 28 75 85 40 85 84 85 5
50 12 74 92 88 56 89 1 28 48 22 20 44 92 79 40 59 8 25 52 60 5 93 30 83 66 41 34 71 19 66
75 19 80 66 91 96 39 44 33 72 72 66 94 6 38 49 57 68 59 46 92 65 50 71 31 28 10 53 12 1 61
100 3 17 62 34 20 8 32 6 77 7 75 72 92 14 70 14 63 79 21 27 64 16 5 60 84 19 11 26 88 15
92 77 84 96 43 60 89 2 72 52 45 85 38 27 17 25 71 24 76 17 24 16 74 42 12 41 59 84 98 50 90
73 71 81 53 71 73 57 90 49 38 29 26 13 84 73 54 71 75 70 74 68 72 15 91 62 58 68 94 47 42 93
91 58 84 64 52 47 90 60 1 46 50 39 1 88 61 3 39 40 87 30 35 25 0 92 69 10 50 18 34 48 47
44 56 37 15 23 6 23 32 28 47 32 16 71 18 88 50 68 24 88 76 17 84 27 34 65 69 28 38 73 12 93
96 77 37 56 83 1 73 2 2 11 77 35 18 44 77 66 52 7 3 62 37 77 98 30 50 99 88 85 20 94 51
30 49 72 65 71 83 80 57 35 87 95 31 2 47 57 98 20 18 37 68 9 0 70 30 11 42 41 1 58 17 2
17 34 6 73 66 53 1 16 55 98 88 82 62 44 22 69 55 53 100 62 97 12 20 71 4 67 42 16 18 21 42
21 11 4 88 18 84 41 91 38 1 91 32 42 29 98 50 90 74 36 10 49 32 71 76 33 45 27 66 73 51 7
93 43 62 13 30 91 19 56 64 79 82 5 1 47 15 65 12 69 72 41 54 17 1 13 36 70 62 20 74 47 47
87 97 47 48 20 86 1 27 96 9 2 53 92 39 28 17 55 26 53 15 22 80 56 79 18 63 73 70 75 60 74
50 39 20 45 9 86 78 59 74 93 30 67 17 92 97 59 91 8 17 88 59 43 56 88 43 73 11 26 24 38 61
7 48 70 41 3 46 96 3 22 37 51 37 26 30 6 18 12 15 40 34 76 37 86 33 39 37 14 40 38 80 38
38 11 2 53 11 67 57 11 73 20 79 73 9 26 8 6 66 78 33 20 43 85 1 80 36 17 17 98 20 10 64
4 37 31 25 34 35 79 58 100 36 53 57 77 3 6 54 71 88 17 77 31 68 60 90 81 97 80 73 68 39 99
9 35 79 61 11 56 76 14 79 15 24 59 45 22 85 90 20 54 55 48 94 14 15 32 91 85 41 70 56 6 49
81 38 64 9 34 97 29 4 32 15 1 13 66 44 49 19 98 37 65 53 86 4 70 47 53 45 24 74 57 40 14
66 31 30 79 29 56 78 20 84 22 37 12 49 29 83 79 45 26 7 93 87 73 99 60 60 32 61 86 26 44 79
71 38 24 72 15 21 7 78 57 9 34 91 8 95 38 10 94 32 30 100 95 67 86 83 80 100 59 82 45 40 5
13 94 50 86 28 56 60 31 91 54 100 33 84 65 4 60 20 69 69 96 46 3 74 26 77 51 65 81 19 18 40
41 94 82 94 80 26 29 69 24 58 86 58 80 96 21 38 28 24 31 65 64 76 67 10 6 32 78 67 44 95 49
6 43 14 94 3 19 42 53 62 27 15 76 94 26 33 43 5 50 86 39 97 64 2 41 32 75 78 41 39 77 26
39 67 96 40 58 11 64 30 91 99 77 47 25 54 1 90 59 3 21 45 26 76 54 36 76 10 12 4 68 100 87
73 13 4 28 62 19 89 93 67 96 76 7 88 93 27 89 85 38 0 51 29 75 2 97 50 8 16 32 40 10 83
57 34 18 62 60 94 78 40 66 68 50 87 82 18 86 35 43 91 87 36 65 14 81 50 16 29 5 100 50 86 31
17 56 14 24 100 86 15 4 72 58 36 65 39 26 46 13 46 23 28 42 80 53 86 1 100 45 52 62 92 97 16
51 31 78 27 6 58 52 46 85 46 95 44 10 18 38 38 80 68 45 66 89 42 99 84 94 15 94 12 77 100 77
71 89 88 59 81 84 82 75 3 47 77 55 77 33 78 87 58 2 12 66 27 39 8 51 37 17 30 95 44 19 31
57 22 43 32 2 45 1 39 4 19 99 48 53 99 22 84 55 10 31 67 43 18 65 80 87 75 39 43 45 81 54
76 23 15 72 94 22 30 48 6 69 100 32 7 25 87 6 2 84 41 57 97 23 72 55 71 62 54 51 59 79 13
36 24 66 88 94 4 97 10 10 46 76 4 71 1 29 60 78 70 43 65 78 83 75 42 96 7 64 29 67 97 92
8 85 55 46 47 40 9 19 60 0 47 23 79 97 6 40 6 73 35 91 73 30 68 97 4 16 28 76 22 52 36
84 64 74 59 6 38 43 45 13 26 30 51 35 27 62 72 90 14 44 3 16 39 2 63 30 19 85 40 18 66 46
96 96 48 23 15 56 75 1 10 89 3 83 98 11 72 22 43 89 48 80 83 59 62 57 88 55 70 43 48 63 4
69 8 44 44 85 19 34 12 55 98 57 90 50 62 59 44 48 89 49 4 43 36 78 76 10 64 84 92 46 86 4
71 35 59 21 70 12 88 50 63 41 82 36 43 49 96 23 77 97 20 89 49 68 38 44 89 73 56 95 45 16 15
88 82 6 12 61 32 0 57 17 28 91 94 69 42 87 8 61 19 16 95 77 55 56 11 95 46 80 10 50 18 58
26 88 99 3 90 74 54 67 82 70 86 38 4 91 82 16 97 15 54 30 45 55 60 6 71 55 78 88 100 22 55
55 56 75 41 26 74 24 8 13 52 37 15 80 29 62 71 36 23 81 63 68 46 10 56 41 77 7 92 48 83 85
13 55 42 48 80 7 68 23 21 74 16 49 27 67 92 80 16 55 58 49 35 15 36 81 89 93 45 1 84 3 68
40 21 18 17 37 44 73 34 7 38 1 38 42 75 75 84 18 24 85 100 57 13 43 92 35 83 38 16 34 59 8
94 81 81 70 45 87 37 38 86 46 69 91 0 18 29 43 50 67 6 34 93 10 37 81 96 52 51 96 45 59 30
58 92 22 4 57 9 47 67 44 65 68 64 33 70 41 42 97 71 35 75 68 58 11 76 20 1 33 20 1 31 88
84 57 18 5 15 56 68 41 95 46 18 12 60 15 14 56 54 2 61 83 49 13 18 27 84 25 84 78 76 47 73
85 1 85 68 23 27 0 10 80 40 72 82 20 74 35 45 25 83 11 32 65 21 73 58 17 63 21 73 46 84 70
36 53 72 74 30 30 70 68 16 45 9 40 61 57 17 76 83 80 94 45 14 48 46 29 47 65 29 46 57 83 75
97 5 52 89 62 27 62 41 75 37 55 86 27 48 97 68 26 27 15 70 36 19 63 30 40 33 45 61 90 85 79
80 60 32 15 89 99 59 30 21 86 21 15 50 93 23 44 13 25 25 92 81 32 25 56 50 76 43 79 3 25 87
18 43 66 80 95 37 7 70 27 68 50 31 9 97 42 88 7 56 36 81 100 39 77 29 51 98 8 98 11 80 85
37 42 48 50 97 17 23 12 85 82 11 61 8 18 63 37 52 67 87 93 80 5 9 21 96 15 88 86 47 3 4
36 37 24 95 89 33 37 21 68 67 38 30 53 36 6 8 88 74 91 22 99 84 55 10 45 8 39 4 81 93 25
5 37 95 58 23 67 96 0 90 98 89 89 73 64 11 22 13 93 60 94 74 100 18 93 81 98 100 11 48 47 77
45 49 95 24 68 81 32 45 65 84 31 92 69 15 64 14 28 41 19 11 44 24 2 4 87 77 58 84 22 78 69
18 59 6 87 97 4 44 55 44 59 72 92 7 1 11 27 46 89 72 64 82 88 81 31 57 78 99 74 20 53 7
67 83 15 11 84 53 91 37 44 99 99 97 91 76 70 98 14 27 72 77 78 78 34 23 89 49 88 10 11 84 13
70 51 50 62 100 35 27 34 59 6 71 30 92 98 13 84 73 55 92 95 61 62 45 89 68 94 71 28 63 63 24
76 100 89 75 96 99 22 38 32 69 94 47 36 10 51 38 10 77 83 13 83 39 80 40 37 26 82 56 33 54 61
89 46 22 52 18 68 84 68 29 99 65 30 48 45 36 51 9 10 86 36 5 41 86 49 11 94 42 18 19 67 31
67 9 37 14 53 14 63 4 3 44 33 2 81 49 42 82 76 24 15 26 47 82 84 60 95 90 43 10 65 44 35
98 1 74 92 19 70 34 46 25 53 37 36 75 75 69 15 61 12 12 11 68 87 86 95 27 57 2 98 37 82 16
21 27 31 65 97 29 61 95 25 44 64 26 96 58 25 99 74 13 96 64 89 48 2 23 48 24 87 34 14 87 12
27 44 93 76 13 71 85 78 87 41 40 26 51 60 59 61 9 100 31 54 98 52 42 2 0 18 5 60 89 80 33
52 21 45 27 13 17 29 69 79 39 74 36 3 6 85 71 63 55 1 14 94 24 51 38 57 49 14 0 89 22 69
34 97 45 20 55 60 16 94 33 0 51 47 55 58 72 45 13 71 41 8 18 67 92 89 27 97 4 91 70 16 37
93 89 45 43 74 43 91 46 29 97 18 62 82 42 64 68 33 48 27 10 6 21 10 0 5 86 3 76 24 16 59
69 12 12 12 44 18 0 5 55 67 37 33 41 59 15 8 26 66 57 4 100 7 69 98 23 29 75 88 17 40 12
66 76 2 92 79 83 79 0 50 69 36 2 24 61 81 39 27 68 16 51 38 89 12 47 0 50 64 25 37 99 27
23 85 33 100 95 13 26 71 95 74 96 58 9 90 58 6 63 81 96 84 17 99 48 23 43 89 99 54 44 51 2
35 69 41 96 69 20 26 55 1 19 94 94 49 6 18 97 14 79 12 4 92 51 94 12 34 15 31 55 6 15 26
87 27 47 88 40 100 88 31 97 82 50 70 14 23 27 6 67 15 71 77 60 83 0 33 33 29 42 26 84 8 50
88 40 78 73 66 20 25 20 30 51 20 39 82 32 95 66 36 100 71 44 70 22 11 16 13 72 13 39 59 42 83
57 35 25 49 3 59 41 12 73 0 44 64 71 74 3 77 64 23 87 62 2 31 19 44 48 3 36 61 10 45 29
50 92 87 94 49 82 9 59 20 19 28 46 62 75 76 45 41 53 41 38 52 52 51 43 72 59 37 0 46 31 28
3 89 90 80 35 73 68 82 67 93 3 0 96 40 20 67 65 57 99 77 14 89 25 91 19 69 37 61 10 10 34
15 3 66 38 63 4 90 31 11 2 36 7 65 77 51 64 75 66 92 45 2 17 74 53 18 55 33 27 96 32 56
68 77 75 36 75 95 90 65 90 69 55 8 31 2 73 19 26 63 90 14 21 27 43 47 61 81 66 61 97 67 25
78 18 5 71 23 35 81 55 68 55 74 22 10 52 13 78 16 71 84 72 37 35 26 40 90 58 86 71 95 81 1
4 65 90 57 51 82 4 98 73 6 7 0 50 32 60 58 53 94 78 99 10 21 63 29 20 19 53 67 97 19 60
74 95 33 38 20 41 57 75 58 25 21 80 53 74 46 27 1 99 7 4 66 87 20 6 75 49 41 30 44 75 97
20 43 36 78 81 100 23 53 91 11 50 47 19 90 43 31 46 36 65 91 29 15 81 54 82 28 60 62 56 78 24
12 38 81 78 90 2 82 97 30 36 50 32 34 22 62 13 39 28 82 97 93 85 51 33 10 46 74 31 15 57 23
8 88 7 22 86 95 46 44 70 28 1 93 3 82 69 41 18 76 89 98 67 50 52 44 37 61 21 61 65 98 13
36 1 89 7 4 52 76 34 62 32 67 33 57 7 82 2 36 53 81 43 88 1 72 93 9 81 4 68 2 8 17
0 78 66 4 50 95 90 9 99 42 100 23 12 0 99 10 69 48 44 61 45 57 31 55 50 71 36 49 0 74 70
29 53 48 80 1 9 73 32 47 22 8 6 62 34 51 76 41 35 17 19 63 37 1 32 54 37 79 43 14 34 49
86 36 78 75 76 68 54 59 27 80 46 29 9 41 47 44 54 87 89 27 19 12 28 64 91 38 22 51 3 25 14
59 100 36 26 6 86 35 69 68 38 52 14 10 23 99 60 77 63 18 54 36 29 83 80 100 25 69 41 99 55 74
72 44 11 19 70 76 9 55 25 11 67 71 36 74 10 50 94 18 46 55 45 11 16 97 71 63 79 16 54 37 30
42 84 31 7 49 37 42 54 17 53 74 74 13 49 90 1 40 62 97 90 24 37 48 96 24 72 36 41 53 48 37
75 29 100 92 94 65 51 7 86 59 30 50 12 84 73 91 68 15 99 58 24 69 67 94 53 26 73 91 5 22 52
57 40 17 89 55 85 79 32 45 36 72 62 29 85 84 6 93 35 72 79 70 35 5 21 68 70 46 22 6 99 82
67 17 90 46 74 46 43 88 21 18 87 65 31 20 100 39 59 61 19 16 80 7 20 70 80 66 52 56 66 38 100
15 0 18 41 97 100 7 52 58 9 27 87 58 15 11 45 71 67 2 6 79 0 88 22 19 46 5 37 22 46 75
6 51 85 19 14 63 18 23 50 69 82 50 82 13 23 15 35 51 58 55 1 29 45 90 42 11 27 93 21 96 98
30 44 91 53 50 54 100 3 87 12 96 36 100 23 52 29 24 7 29 67 46 66 70 91 32 48 78 87 14 48 78
42 68 36 70 73 50 61 12 90 55 49 82 95 77 49 18 30 43 45 79 24 27 95 36 28 70 87 64 46 15 65
99 71 56 100 68 98 22 12 69 87 46 62 99 92 5 0 96 31 78 50 32 14 66 93 65 84 18 32 47 65 61
100 95 70 62 20 80 14 74 54 47 27 96 28 75 89 86 54 31 72 23 80 21 17 63 28 82 83 93 12 21 32
4 51 69 15 11 13 25 63 14 32 81 100 2 68 8 57 28 13 53 37 73 61 37 30 26 1 99 50 86 52 3
83 13 51 35 99 35 60 16 49 67 89 55 90 17 100 83 79 41 70 23 0 62 81 9 17 33 10 66 3 92 40
83 73 26 63 69 45 16 62 91 78 10 6 88 56 95 40 66 23 45 98 19 43 82 47 30 62 14 55 61 7 15
85 34 81 87 84 39 4 5 47 37 41 31 63 18 75 74 76 19 76 20 0 65 17 83 85 76 85 43 17 8 77
81 6 94 93 61 76 48 18 7 8 80 35 33 56 26 96 80 11 45 48 15 47 77 82 78 36 24 98 75 93 52
66 86 76 60 96 15 7 28 23 64 94 95 100 78 5 35 62 90 49 22 47 34 3 52 41 31 53 79 46 99 21
79 52 34 24 28 5 94 85 1 54 42 31 40 12 31 96 99 48 73 99 84 23 53 89 42 11 72 40 38 79 15
75 24 72 6 73 42 56 74 48 13 55 26 4 72 48 92 91 69 16 33 40 0 22 93 21 52 63 13 96 53 36
40 50 15 54 58 44 57 11 56 43 100 75 64 53 19 35 81 41 95 18 80 8 18 4 92 63 52 94 15 31 14
51 30 66 27 90 98 83 55 56 80 22 69 88 1 27 95 68 17 18 46 71 52 91 6 63 36 21 33 73 63 16
91 61 33 57 79 13 84 80 91 35 43 25 90 65 22 49 26 27 92 87 14 34 73 81 44 43 98 87 72 7 40
78 62 19 27 13 42 73 67 57 29 42 57 53 54 78 47 54 95 75 83 66 56 53 70 26 91 74 51 6 74 66
6 60 53 23 82 51 84 21 22 65 1 8 88 23 27 4 58 96 2 2 42 40 10 30 12 35 24 44 65 28 53
65 4 49 29 11 88 95 12 21 84 68 82 89 54 60 91 43 85 96 28 49 33 86 52 51 37 47 38 18 33 34
37 46 27 75 27 19 3 92 48 25 32 33 62 81 80 5 49 93 99 90 89 44 45 22 61 8 39 27 29 53 41
7 98 46 7 87 98 45 9 78 4 65 98 26 47 45 67 17 67 37 65 39 31 12 71 36 56 38 7 30 3 96
61 14 43 63 71 19 4 69 81 93 0 56 8 39 3 69 51 37 51 73 52 31 45 74 34 33 55 55 52 96 79
5 15 93 25 1 91 32 30 10 17 25 64 66 98 47 81 100 37 14 98 14 69 52 92 36 53 98 35 72 6 59
40 31 70 15 35 23 93 14 39 67 74 4 71 84 43 51 97 13 37 21 2 24 71 23 46 22 53 28 33 53 13
93 15 57 86 91 29 76 9 34 65 77 46 9 54 30 82 13 13 85 98 92 23 60 53 48 41 84 48 95 12 93
79 19 0 8 3 39 19 67 27 65 78 44 17 29 67 5 27 4 2 32 47 93 0 76 68 19 8 7 55 89 92
6 61 87 68 16 91 89 66 75 81 66 94 86 20 59 42 23 17 3 40 31 31 67 82 6 12 57 35 14 87 34
73 89 50 65 11 90 10 92 32 58 31 66 59 5 96 46 49 97 91 51 9 43 71 78 70 54 31 45 90 0 1
93 84 99 19 65 64 86 38 78 8 45 54 28 95 85 67 56 7 29 97 0 18 55 4 48 22 66 88 40 49 92
37 96 26 85 81 64 82 45 69 79 53 19 55 76 10 8 69 85 29 43 3 76 29 59 4 38 75 8 67 35 70
15 6 74 10 72 62 38 0 54 84 74 55 63 1 31 34 94 61 71 62 26 10 52 56 3 22 94 28 62 78 36
69 61 6 50 73 76 47 57 76 73 63 34 30 36 87 23 93 23 75 65 10 54 81 38 58 65 70 29 43 96 16
83 67 78 92 8 56 49 55 82 0 7 93 97 37 29 60 49 22 92 14 55 53 36 22 49 78 91 60 80 77 74
27 19 50 92 74 31 44 5 81 93 70 64 20 88 75 20 3 18 33 24 15 34 11 69 61 32 6 98 61 26 29
93 32 31 36 38 0 22 15 65 85 16 94 59 46 42 80 29 38 45 80 92 9 43 31 7 84 55 58 0 91 42
27 47 12 60 66 55 0 48 66 97 51 78 60 32 67 51 70 18 41 64 15 55 70 58 40 90 37 93 100 75 36
3 42 77 50 50 13 24 14 25 74 64 1 63 71 43 77 31 14 86 24 81 98 32 20 74 10 84 97 15 7 94
79 16 80 39 48 77 25 78 58 76 39 11 92 48 83 51 45 40 48 69 92 90 20 91 38 66 94 12 19 6 8
72 76 93 81 87 46 19 1 33 93 98 6 45 84 32 40 8 29 92 36 62 24 38 23 96 89 85 100 7 58 92
25 74 5 75 63 76 91 42 15 22 41 44 4 74 62 37 24 32 85 7 92 85 94 54 9 71 3 49 90 71 53
43 88 8 64 66 29 28 13 16 85 51 21 70 93 84 66 45 10 87 12 2 16 74 38 39 11 37 16 44 26 48
59 15 25 100 57 18 5 67 24 4 0 6 28 22 54 91 78 70 33 3 6 88 5 56 25 15 48 100 53 26 57
89 79 53 5 100 34 80 41 28 65 5 3 36 66 47 73 72 92 97 17 19 80 2 60 30 28 22 57 85 9 89
10 76 44 82 75 1 43 42 98 71 68 100 89 57 52 23 89 99 88 7 18 72 35 32 31 88 73 89 77 20 57
94 48 24 15 14 1 59 25 98 83 87 62 33 93 13 87 29 38 29 58 81 47 11 25 18 10 41 81 32 56 50
28 46 12 18 40 71 22 8 68 24 93 100 70 71 62 61 72 6 93 6 59 72 79 15 83 81 46 100 66 98 79
26 89 76 91 36 19 14 64 50 29 74 69 56 3 36 6 22 87 20 17 92 33 0 59 75 34 92 85 15 6 37
26 24 99 94 21 2 66 36 49 80 55 11 27 96 39 21 17 48 57 92 34 9 99 75 0 38 12 53 20 6 35
78 89 69 51 13 85 79 54 99 82 82 24 16 31 62 57 68 35 14 85 2 57 80 21 77 51 97 33 14 85 0
40 43 26 51 31 11 2 65 3 69 62 29 12 60 95 7 63 27 36 85 14 97 43 37 60 61 90 31 84 27 59
97 85 51 41 50 24 10 94 88 20 9 75 82 69 89 68 69 23 85 49 93 41 61 71 13 22 93 26 37 88 12
27 34 79 42 45 84 54 48 59 18 20 29 31 18 91 82 25 22 58 34 7 68 88 86 46 87 77 9 55 14 51
77 44 63 55 68 9 96 23 39 0 73 63 98 71 74 83 78 21 27 98 76 96 96 51 94 59 24 36 36 98 50
96 15 37 67 45 57 1 26 29 33 87 60 52 76 13 21 63 70 3 5 52 24 96 48 61 54 3 96 67 64 84
7 23 96 88 96 7 50 70 9 4 3 72 27 66 95 7 93 39 13 46 71 34 68 45 18 42 21 91 98 21 82
63 21 85 83 68 20 29 16 91 36 49 36 39 97 15 86 3 98 51 31 11 41 56 24 43 84 64 54 70 22 81
14 84 23 43 68 50 73 48 44 32 27 72 28 27 92 70 19 45 88 23 35 50 43 39 56 47 30 68 58 28 74
20 21 79 17 71 36 62 0 63 0 82 88 97 3 78 21 32 80 18 70 82 46 78 26 93 52 35 16 15 37 33
6 100 88 20 7 16 79 89 25 45 0 22 19 16 72 38 96 94 5 28 38 8 81 46 50 67 68 87 36 1 22
85 98 41 31 36 4 11 97 62 48 58 62 12 0 25 84 42 56 92 78 39 83 78 41 11 48 24 28 87 70 90
63 41 82 99 81 2 64 2 21 78 80 30 0 40 7 48 80 99 54 18 55 57 69 58 86 14 10 9 27 22 82
37 36 14 58 44 51 98 22 53 49 38 56 86 13 12 51 86 99 93 84 80 58 66 20 6 82 42 86 75 67 39
61 19 3 92 3 28 28 22 49 66 30 2 10 31 64 33 65 35 63 70 56 9 34 96 42 35 45 55 4 8 90
48 68 44 33 96 48 94 73 82 0 27 76 81 80 67 99 94 19 16 91 59 34 88 97 47 71 4 55 50 10 26
93 18 98 20 49 27 53 9 68 65 85 19 43 19 74 49 98 96 73 20 32 96 56 61 30 47 88 50 86 37 58
26 15 28 63 35 9 45 85 87 57 90 16 61 28 35 62 38 16 35 42 19 38 69 79 38 48 63 92 99 80 1
92 88 3 17 22 11 73 39 79 5 4 72 16 74 25 62 16 21 15 49 15 79 56 59 56 7 74 36 44 29 100
75 82 51 13 90 29 23 4 50 43 76 75 96 84 24 20 31 51 60 13 90 36 39 11 5 96 24 30 41 22 39
69 84 11 48 39 54 9 91 46 94 88 18 49 61 17 48 22 97 9 11 27 61 24 3 9 62 39 89 45 20 42
75 53 10 29 19 17 17 49 54 1 73 2 13 76 78 69 58 19 37 96 95 26 67 84 46 6 5 4 70 54 44
95 46 26 49 8 43 68 70 60 90 22 48 17 26 53 100 42 32 7 50 73 77 38 46 0 90 93 18 87 95 98
95 62 63 18 30 19 43 8 10 14 72 70 26 68 92 39 52 47 70 71 12 24 36 28 24 38 28 29 5 79 56
14 28 77 13 52 18 37 69 77 66 35 20 24 25 96 49 88 64 61 76 97 99 72 26 15 64 60 42 80 16 95
63 10 59 94 80 8 56 31 67 43 65 25 24 17 50 17 29 78 77 66 82 44 34 14 31 44 55 31 2 86 36
96 6 59 8 15 95 78 61 100 76 65 11 18 78 69 37 90 84 68 57 3 33 71 79 3 100 49 31 44 52 39
25 44 29 47 15 38 72 31 33 97 73 95 33 13 33 97 52 63 32 11 29 91 94 48 45 97 90 47 82 91 61
49 79 13 32 52 40 68 29 48 69 11 95 47 1 20 58 7 96 3 62 53 31 45 96 98 82 4 2 80 35 41
96 21 13 26 56 15 86 43 25 45 65 51 54 99 69 61 42 57 40 18 69 26 79 52 18 91 6 91 12 61 82
21 32 100 21 68 89 67 16 15 44 17 37 70 10 40 5 97 39 59 56 39 84 46 90 93 0 11 48 92 36 97
54 13 91 54 43 16 89 16 14 58 35 43 61 50 24 86 70 85 42 11 98 97 11 14 87 21 87 37 36 57 11
9 42 62 23 49 20 73 18 57 86 24 1 74 0 41 58 4 96 31 81 20 68 28 73 19 18 7 72 89 99 59
22 44 20 10 46 98 33 56 4 5 10 41 99 10 58 56 76 22 14 89 97 74 13 81 64 69 57 99 16 0 73
38 50 10 24 63 87 13 61 42 89 25 14 75 90 35 20 20 53 8 68 62 20 68 52 40 2 49 70 42 64 16
31 34 81 52 40 58 33 11 82 40 35 64 86 32 54 33 38 54 44 66 42 48 67 43 19 89 5 70 19 29 57
15 16 56 0 49 5 67 23 43 68 20 76 43 63 72 80 68 62 73 39 45 6 56 12 29 5 81 100 70 91 10
100 56 23 31 62 57 0 86 18 43 63 60 70 68 72 4 30 78 0 24 0 1 67 24 56 59 2 63 71 10 60
67 12 78 1 34 67 40 97 2 49 94 48 40 77 99 50 72 30 20 94 83 24 68 24 99 34 87 43 28 0 92
8 57 49 20 40 5 42 67 74 85 99 100 72 76 17 80 57 81 74 25 58 76 95 18 29 70 69 60 46 81 48
63 4 61 96 48 93 30 17 78 26 6 16 90 3 44 80 65 12 43 60 87 6 60 73 91 77 44 88 27 20 58
55 42 93 65 15 83 51 18 2 81 96 24 33 87 54 32 34 76 25 84 65 61 44 55 66 49 68 100 48 32 56
70 28 17 58 74 16 31 51 46 85 41 27 0 36 32 80 49 100 43 25 40 68 9 70 95 91 3 55 15 14 34
66 81 89 99 2 6 96 29 94 2 33 70 94 86 19 13 48 39 99 30 48 52 98 88 92 78 4 76 40 17 42
54 2 93 41 53 48 2 31 88 80 41 57 3 46 70 37 82 66 89 25 26 75 6 97 3 81 94 81 0 85 12
19 63 33 12 91 45 38 30 31 83 99 38 12 70 26 75 23 94 46 36 51 73 39 36 77 49 69 24 22 22 25
70 21 79 4 70 10 71 69 27 46 64 65 96 23 7 31 95 43 69 98 54 95 17 67 40 10 50 61 36 100 62
97 24 65 78 91 83 9 78 65 40 80 25 94 45 59 5 42 68 57 9 97 56 28 7 53 73 59 100 19 10 75
94 89 65 9 42 95 57 21 13 1 39 78 77 50 55 42 43 14 25 100 94 58 31 29 38 13 92 80 53 16 14
80 51 85 75 22 23 34 14 40 21 8 98 60 29 45 89 29 95 14 61 86 73 7 100 43 60 24 40 2 29 70
24 25 60 65 18 73 59 79 59 4 63 65 69 43 15 73 74 24 51 87 98 30 82 20 18 4 76 79 47 39 75
58 60 8 60 12 63 52 2 61 46 35 22 28 24 48 32 58 85 17 8 95 75 55 56 38 77 51 74 37 79 13
86 80 24 34 51 52 35 23 33 44 28 46 43 32 75 7 4 36 80 12 92 18 58 25 96 51 91 50 84 63 51
50 5 13 83 69 45 45 13 78 31 65 47 55 5 90 88 84 48 0 98 78 17 25 96 83 54 40 56 64 31 86
81 37 88 48 93 51 14 43 90 15 75 72 40 78 13 16 62 0 80 76 50 6 35 41 81 39 95 36 60 41 91
76 33 71 62 55 19 16 33 100 48 65 77 2 54 82 46 18 62 59 2 39 84 93 52 28 55 32 15 93 13 93
14 72 42 85 70 19 45 5 87 5 34 93 77 6 100 80 16 94 22 96 44 46 59 50 3 1 38 89 10 13 64
55 62 94 83 23 50 56 55 58 11 69 12 66 65 29 37 53 23 16 75 50 20 100 76 89 98 73 19 21 60 77
49 80 77 75 7 21 90 47 99 7 21 18 10 35 73 72 62 25 70 74 9 6 65 37 100 71 99 45 18 17 49
64 55 90 7 52 18 26 47 74 67 26 14 42 99 9 29 20 57 57 10 67 98 24 52 64 30 81 63 30 33 100
30 54 40 63 45 45 39 52 50 73 24 30 98 23 39 12 6 14 84 93 86 19 45 4 91 75 90 39 75 65 91
34 16 60 3 50 13 21 25 71 37 26 26 39 93 45 44 51 43 31 51 50 54 13 47 89 27 85 68 37 78 33
37 2 27 69 35 59 37 6 43 67 53 42 21 57 51 9 84 84 69 62 73 61 33 55 51 67 83 70 27 27 46
26 98 27 95 25 9 46 98 83 12 74 74 100 84 87 45 57 71 85 96 31 92 100 37 27 4 72 30 36 43 71
6 4 27 52 38 64 3 2 49 29 10 74 38 59 19 83 28 91 51 4 71 1 61 77 13 72 14 41 52 44 79
49 4 1 5 85 100 29 49 45 65 90 18 86 32 92 29 5 8 80 11 6 23 1 86 44 44 36 7 11 89 58
31 21 1 86 24 82 50 13 27 49 58 53 95 72 53 28 53 63 0 15 0 23 76 98 19 49 31 65 92 43 55
79 4 25 31 43 99 61 69 43 22 45 5 99 80 71 12 90 97 46 51 15 7 31 24 82 73 99 54 62 69 25
86 54 69 12 82 44 5 93 44 28 38 60 68 53 49 98 51 82 90 79 42 62 72 60 15 29 14 62 6 82 58
27 56 33 66 95 23 48 79 72 4 76 40 75 57 70 95 67 18 30 0 67 43 73 1 28 29 43 97 97 97 74
59 23 58 66 3 97 65 15 63 79 17 30 35 87 38 78 55 63 75 65 12 18 10 25 67 1 54 56 48 64 27
43 77 29 19 38 50 13 81 52 7 81 41 73 22 18 87 89 20 79 65 49 22 25 67 55 64 74 53 44 40 31
53 97 18 89 3 48 60 71 38 88 58 94 31 34 75 91 87 24 51 82 42 32 58 24 89 25 60 25 56 84 89
27 97 2 49 45 92 61 22 93 73 30 20 34 12 17 18 46 60 11 20 56 48 95 87 27 11 45 10 31 20 20
8 10 38 25 95 2 69 38 86 89 98 33 30 16 93 64 37 20 37 83 1 75 60 100 6 83 77 100 2 16 84
47 42 4 14 50 17 1 27 45 50 43 56 82 67 32 20 50 50 20 38 22 56 100 64 63 99 69 100 73 47 65
20 90 41 74 19 56 95 74 69 68 47 68 15 74 40 6 49 95 78 45 78 71 65 34 86 52 81 33 89 87 5
39 0 14 65 40 52 40 26 20 6 9 26 59 91 67 67 82 21 10 90 99 65 24 60 76 24 49 57 48 58 1
61 82 98 98 80 0 40 73 76 40 27 65 17 20 23 12 68 37 29 90 94 78 56 27 93 54 35 93 99 50 24
74 24 41 46 14 90 30 90 48 74 6 81 13 60 62 61 14 50 66 33 21 47 90 40 75 54 99 26 79 34 16
68 56 63 82 3 47 65 36 94 95 17 29 95 61 83 68 18 73 55 72 51 67 69 81 18 2 66 29 28 32 63
17 46 18 89 44 23 85 49 54 36 4 48 35 6 26 13 33 73 56 60 66 91 11 85 94 99 31 90 41 40 47
70 98 73 60 84 22 93 99 76 73 65 46 99 73 38 46 5 18 1 15 1 19 85 47 30 11 65 58 2 87 19
16 100 56 56 95 34 37 1 11 99 45 28 18 69 74 48 28 44 87 22 15 33 68 39 20 70 36 99 55 23 90
46 39 69 48 4 31 42 78 91 96 98 50 96 49 4 1 26 24 58 79 55 68 21 34 95 91 80 27 65 9 84
9 8 96 38 14 7 62 60 63 86 8 19 37 63 47 76 39 99 12 30 96 45 82 96 18 12 90 8 98 40 95
3 31 0 15 94 93 87 81 16 61 23 15 17 30 10 35 60 72 5 43 44 64 57 53 41 78 18 46 55 36 13
3 76 67 26 8 31 16 46 53 86 42 63 60 83 68 8 27 71 23 70 63 45 34 52 25 51 94 69 89 100 90
68 95 86 96 70 19 81 52 23 37 6 79 51 98 63 38 84 74 26 54 74 68 7 80 50 17 2 45 1 54 66
33 54 76 48 48 37 32 42 32 25 89 46 95 76 62 18 29 32 69 6 35 79 34 48 72 91 45 39 79 53 78
62 12 0 25 45 16 100 68 13 91 37 40 42 95 97 23 28 37 9 33 60 90 19 33 6 21 48 91 87 26 1
8 68 68 29 36 57 85 71 17 31 29 36 41 14 39 49 39 91 87 62 78 78 68 62 66 72 60 57 4 80 22
58 36 46 7 32 16 51 21 11 4 26 73 40 3 77 34 47 49 76 88 21 23 99 68 86 41 74 15 71 29 97
97 19 86 10 99 29 94 16 20 3 82 59 81 87 90 63 54 28 72 73 48 7 12 74 52 72 39 62 43 34 97
23 11 29 25 13 36 11 19 86 52 55 47 72 12 33 15 19 86 90 11 73 28 71 75 69 69 27 50 16 27 99
2 21 81 9 24 41 54 46 5 36 60 51 55 3 20 71 9 25 60 19 42 2 70 74 13 91 58 78 6 10 43
99 90 0 66 94 33 83 36 21 8 18 87 39 39 18 96 0 36 95 9 71 30 26 87 1 95 42 67 21 85 30
13 94 48 64 61 90 0 0 1 75 31 15 80 39 61 100 1 3 8 100 17 56 82 38 50 97 63 25 71 16 18
86 33 44 69 10 63 90 54 79 24 90 50 18 60 14 6 71 68 17 88 82 40 17 22 64 18 39 33 35 60 75
17 27 8 28 60 11 94 87 43 39 33 75 38 91 9 86 21 89 96 20 83 82 1 79 2 98 24 100 85 18 65
96 18 91 72 3 22 0 81 90 84 74 12 48 68 44 34 93 5 62 69 32 23 0 25 91 13 76 51 47 76 47
57 19 26 95 92 52 27 28 70 82 95 98 86 83 27 82 90 15 64 45 12 60 70 67 72 12 25 50 66 84 3
91 80 7 33 57 0 98 95 16 0 65 96 25 50 86 46 9 98 32 31 73 5 34 87 90 83 94 49 53 14 87
19 92 81 95 61 53 43 41 1 24 94 44 52 59 8 44 23 82 95 16 31 33 46 71 63 27 86 1 54 7 51
24 55 72 31 48 71 8 52 29 81 98 87 78 30 11 19 54 93 58 51 9 9 88 14 52 16 83 74 29 20 96
30 42 49 99 33 65 6 84 76 79 50 11 88 1 66 99 59 57 39 6 71 28 65 43 17 6 97 0 81 38 42
89 74 84 8 81 72 2 41 48 45 26 10 12 31 37 61 66 19 46 22 45 14 66 29 6 69 3 27 67 8 21
94 31 66 39 23 9 14 78 19 36 21 7 74 46 3 77 31 22 36 4 37 37 31 74 71 26 100 92 13 100 10
58 85 59 15 5 54 36 88 50 72 96 80 83 24 58 63 4 38 42 70 77 30 92 59 62 32 43 95 26 8 11
57 90 81 80 29 82 52 85 45 0 99 40 38 8 92 6 71 81 78 8 64 73 38 53 81 14 10 99 34 26 9
53 20 56 16 77 75 22 32 20 44 85 63 81 90 100 16 67 12 6 84 32 41 23 6 37 19 14 52 65 93 92
22 19 25 89 95 76 9 59 68 87 79 7 81 76 23 8 54 54 84 47 73 88 17 23 70 76 26 20 97 36 28
55 89 21 72 19 4 84 31 64 6 6 10 18 56 6 22 12 24 46 50 95 66 68 41 52 37 78 15 65 51 3
56 4 43 91 81 12 21 43 45 51 24 2 60 82 48 85 48 94 100 11 91 2 99 93 16 72 25 64 2 30 32
14 1 82 44 38 69 49 47 36 99 59 10 83 55 28 31 84 27 14 47 31 56 86 38 39 41 54 99 30 76 97
25 96 59 85 16 17 27 89 59 19 88 9 82 57 32 63 69 12 97 68 43 8 92 68 46 56 29 45 27 91 86
11 89 12 14 89 61 44 45 11 30 42 68 64 38 90 47 59 15 95 82 38 99 60 3 84 100 4 54 75 45 54
36 78 85 57 79 63 43 87 7 46 54 41 66 65 0 64 82 48 58 50 93 39 17 70 60 58 17 32 84 82 71
78 60 28 20 9 94 2 59 57 69 32 49 53 80 73 76 22 78 60 33 6 47 46 95 44 91 61 87 67 3 95
78 53 35 65 45 95 55 90 77 1 70 0 43 7 81 60 2 2 91 77 44 25 14 89 4 99 37 79 35 9 27
83 18 99 92 57 74 36 79 40 35 27 58 58 7 39 63 45 24 76 80 17 83 80 99 26 9 32 91 94 29 17
39 41 92 18 32 21 1 90 28 5 51 81 75 32 41 14 79 16 58 98 9 87 6 28 84 36 71 79 67 9 91
68 46 38 62 94 4 96 89 80 53 67 69 68 50 1 46 60 31 2 27 35 85 93 96 70 87 5 27 12 67 97
63 50 85 14 16 95 3 59 23 16 47 44 65 81 63 14 42 11 2 79 25 13 45 92 93 93 98 3 58 59 45
4 75 96 61 40 42 29 61 9 63 39 75 54 91 9 43 71 98 0 4 62 11 58 49 86 40 30 55 26 90 26
60 36 20 8 76 40 78 50 66 95 90 74 63 96 95 4 88 66 65 39 78 90 28 41 8 19 40 82 36 88 86
47 60 51 58 22 91 89 12 77 40 96 4 19 28 68 52 33 53 96 79 65 63 69 64 75 5 25 48 76 38 14
8 99 74 27 64 18 100 15 93 49 51 64 51 13 1 17 87 72 35 2 61 18 91 90 82 13 93 76 56 25 36
68 21 8 51 72 62 50 60 91 52 39 87 23 71 17 47 42 27 29 66 44 64 49 54 2 10 39 99 27 55 81
11 15 23 90 21 20 66 14 5 27 12 36 3 2 31 76 31 80 99 8 7 69 76 76 61 41 43 11 53 8 61
71 88 89 3 4 13 5 17 9 9 60 86 83 32 71 19 5 26 43 82 28 22 96 95 27 10 32 21 50 7 100
4 92 32 4 72 43 46 48 42 71 49 13 48 10 64 96 51 94 77 73 77 5 47 88 96 7 33 94 68 32 27
6 11 29 59 69 96 44 68 47 52 68 38 19 88 83 27 58 11 24 16 36 70 12 46 50 4 62 14 34 4 52
16 62 40 29 50 28 13 20 4 62 71 55 81 58 8 25 67 10 48 34 34 65 22 36 26 98 59 69 72 60 96
42 20 22 91 93 96 44 51 20 55 63 98 97 68 66 90 85 72 25 23 54 90 76 52 37 14 88 82 54 46 84
27 20 98 88 43 13 75 90 54 42 63 45 7 14 46 29 64 40 9 100 97 95 59 90 40 100 7 86 65 88 99
87 47 8 73 96 70 23 91 73 65 48 78 96 45 13 28 13 14 56 57 6 15 34 90 79 14 36 35 95 81 32
81 34 49 28 91 46 2 46 38 25 68 72 86 66 99 40 17 88 33 82 19 58 75 1 19 62 84 87 39 43 31
31 33 66 0 44 36 22 20 73 0 85 81 80 26 93 5 72 79 11 46 2 45 27 93 92 39 64 48 42 79 3
73 97 44 58 20 15 81 25 77 68 87 94 69 19 86 39 17 25 1 91 87 55 52 94 43 84 94 83 27 92 47
61 18 90 11 58 23 4 53 35 73 72 12 28 14 3 36 61 88 81 47 5 64 15 54 82 8 45 25 76 90 50
68 14 16 18 1 48 17 41 47 48 44 76 49 96 54 41 89 53 100 85 27 19 0 70 78 56 52 19 72 98 72
63 99 17 63 3 30 98 35 43 91 55 84 57 2 3 65 43 68 26 35 48 81 21 63 44 27 75 42 44 99 99
15 52 21 11 15 30 52 64 33 82 83 1 71 28 37 25 80 6 40 81 50 99 35 82 92 60 18 50 3 20 82
13 59 59 32 45 96 18 19 15 76 70 67 69 32 68 72 70 60 93 98 96 11 18 88 66 81 93 79 11 75 58
19 92 50 79 14 32 20 55 97 9 75 8 53 79 53 81 88 6 52 15 71 86 78 21 33 18 9 56 70 5 3
92 39 82 19 10 34 87 49 30 81 39 2 93 39 98 71 62 55 74 5 57 32 83 23 99 17 20 6 75 19 11
36 100 24 95 67 86 76 86 57 21 11 91 77 35 73 34 83 41 75 43 82 82 66 86 49 99 92 20 8 53 37
27 69 25 40 43 1 64 32 29 69 11 86 98 8 79 79 48 99 31 83 1 5 74 62 63 99 38 46 73 32 44
65 90 69 72 46 30 18 90 80 21 21 40 91 89 9 34 91 29 76 70 54 30 84 87 54 74 29 16 14 80 86
49 100 13 43 8 12 82 82 5 40 40 49 38 4 31 37 38 76 67 47 99 25 40 64 38 74 20 38 72 76 66
24 53 41 29 16 63 63 78 87 49 46 98 30 39 20 24 91 84 56 8 74 31 14 72 42 48 39 61 84 31 11
3 57 80 2 92 52 29 56 20 96 17 73 21 74 3 72 51 50 77 69 21 48 30 34 6 33 1 44 8 54 96
50 90 64 49 51 51 86 75 60 29 64 2 20 87 9 90 61 31 38 6 10 43 7 16 67 34 18 71 67 71 92
78 72 41 44 90 76 19 82 63 71 58 37 8 23 86 64 49 6 19 50 14 17 58 100 25 95 56 12 59 70 100
31 19 31 97 80 72 26 47 86 23 96 78 34 68 88 17 16 55 42 58 99 66 39 30 65 28 7 37 6 62 20
74 20 67 4 3 99 99 5 94 70 86 97 56 71 23 20 22 71 71 91 80 68 78 70 62 57 52 50 6 8 48
72 51 86 45 51 25 16 43 92 64 91 36 47 81 52 12 13 62 26 55 59 35 31 8 14 65 59 2 56 23 93
66 4 89 42 29 52 74 31 73 50 40 30 45 19 23 66 88 48 76 64 94 69 5 65 30 43 100 59 31 90 57
32 36 43 21 71 1 61 77 99 95 81 99 99 10 71 96 12 55 24 1 1 2 87 56 94 49 17 58 95 51 10
10 52 39 66 41 2 20 29 97 86 72 50 26 60 73 72 40 66 96 62 17 26 13 36 96 60 98 71 75 32 19
40 91 60 35 91 100 59 19 29 89 9 95 0 23 5 34 5 39 62 71 43 89 100 7 46 78 96 17 41 93 73
84 47 56 98 98 0 82 28 39 52 62 30 92 35 88 75 26 20 20 9 98 21 56 98 60 57 65 62 15 6 17
57 18 1 95 20 56 57 5 48 2 55 30 8 5 22 40 19 55 40 63 36 20 34 60 51 88 3 22 74 4 98
1 95 16 40 51 43 77 43 57 90 83 13 24 48 9 90 41 41 26 47 92 39 70 27 72 60 46 63 70 38 52
92 36 64 100 12 15 75 34 69 6 37 23 9 43 84 83 22 64 79 37 45 29 75 93 94 97 3 26 55 93 26
62 71 8 79 72 13 71 34 56 51 32 57 80 44 65 15 21 2 79 8 73 4 86 16 90 29 96 5 89 21 90
58 84 24 24 100 44 35 7 43 13 98 13 20 11 95 37 71 31 59 53 41 10 73 23 82 33 34 20 55 28 15
29 19 56 7 0 100 84 41 10 45 74 26 87 96 47 86 53 37 97 16 0 0 37 24 11 99 90 92 88 93 94
33 68 7 38 70 12 37 14 31 18 19 97 61 45 68 61 37 7 71 60 66 34 21 95 11 3 19 57 23 63 75
62 79 40 6 23 63 2 23 47 91 32 30 19 79 37 96 100 66 2 3 55 94 27 51 64 82 26 40 46 55 5
74 84 96 88 56 84 6 89 88 62 95 37 73 26 88 10 39 1 37 61 90 87 41 70 48 33 26 65 18 99 95
65 72 16 19 35 37 16 85 98 63 94 80 46 39 68 7 97 82 91 48 81 3 81 84 79 33 58 71 58 52 91
73 43 19 80 24 56 65 94 70 13 16 43 14 42 98 30 99 57 76 81 78 51 24 40 7 69 92 59 97 3 30
14 2 22 48 25 25 51 4 11 44 85 39 51 10 42 33 60 48 7 22 81 19 87 74 49 81 74 31 93 2 27
7 0 9 51 33 36 88 55 43 20 12 75 14 20 66 60 95 34 35 79 93 66 86 59 30 7 31 98 14 44 61
94 39 99 24 53 46 73 75 100 48 44 99 76 4 20 33 51 65 6 89 21 29 65 38 86 21 24 44 0 31 11
26 96 68 54 31 19 62 51 91 71 4 73 47 34 44 73 100 45 0 18 68 35 81 84 26 55 65 77 82 15 33
42 1 38 90 27 99 56 38 77 0 5 30 38 28 89 57 87 66 87 45 57 73 59 59 16 99 2 11 1 76 90
11 5 12 83 43 65 16 82 21 18 52 66 80 82 10 17 80 14 7 22 86 17 58 16 13 66 43 49 89 63 80
87 15 65 96 23 14 13 31 27 51 30 79 2 56 98 97 26 0 89 99 27 71 80 15 41 18 46 49 94 64 89
19 85 11 49 10 97 41 73 78 0 91 99 63 18 90 14 29 70 97 19 5 21 64 86 75 12 71 83 98 90 58
32 42 2 44 94 64 77 29 2 22 24 56 33 82 71 25 98 63 74 30 21 6 35 31 2 28 85 88 25 88 57
89 100 96 5 16 36 47 74 93 63 52 85 37 36 72 84 75 62 38 36 27 12 31 4 51 97 13 68 42 20 55
76 19 15 94 98 70 68 34 74 82 84 99 17 35 20 76 42 79 40 79 32 0 60 98 13 19 91 15 7 93 68
0 69 52 61 81 82 10 44 37 79 41 8 9 92 87 88 72 86 94 84 35 96 61 6 93 39 7 52 59 37 79
55 91 90 70 54 60 91 34 82 31 68 71 11 73 78 49 94 18 41 8 100 12 57 19 66 67 50 16 67 47 46
