52 391
29 41 6 43 82 15 69 31 69 57 50 24 45 51 79 67 69 77 35 73 24 14 82 65 50 15 13 18 24 34 77 16 15 43 55 85 53 40 18 45 38 44 17 18 75 34 64 87 99 92 12 50
86 29 51 80 6 24 42 8 60 58 1 83 94 33 61 22 73 94 75 41 72 47 51 33 3 42 7 77 84 3 39 52 31 85 39 20 89 86 80 87 77 89 69 31 54 17 30 5 16 12 0 33
56 14 46 39 36 39 83 14 45 92 53 100 6 49 31 46 22 20 7 23 46 40 89 35 29 17 46 22 22 87 35 39 86 39 76 97 53 45 45 27 87 50 90 98 54 13 30 92 100 9 100 96
0 45 5 13 92 40 78 79 26 57 76 78 77 94 91 8 99 64 65 4 37 86 35 89 97 44 80 97 42 76 54 30 13 87 52 43 88 62 65 32 72 4 42 67 54 77 38 9 100 87 86 36
52 58 38 45 28 47 6 41 9 69 66 12 41 53 16 71 71 14 86 89 9 77 45 10 30 69 85 13 70 21 27 27 55 78 92 2 15 95 63 84 8 13 14 37 78 91 67 23 50 1 6 0
68 9 89 78 90 34 31 25 59 15 86 93 86 88 18 79 59 70 44 99 73 11 31 66 41 64 82 51 87 17 69 76 84 86 87 78 45 70 82 79 87 64 28 94 83 90 53 92 47 82 58 62
50 82 5 83 36 78 72 45 29 19 0 10 47 61 100 6 32 45 53 18 4 43 11 42 13 8 96 15 43 55 29 22 57 80 44 98 47 81 43 2 65 36 40 17 83 97 15 8 35 77 27 58
1 95 13 63 60 60 73 100 95 74 42 14 62 9 45 50 36 92 18 75 96 54 28 82 13 82 36 37 60 27 40 17 64 94 77 18 98 30 82 4 57 24 82 70 54 58 74 85 79 27 13 73
0 86 67 41 71 94 27 83 2 59 29 58 33 58 58 36 61 64 15 59 70 42 53 20 64 44 16 77 28 71 75 69 99 25 68 59 85 66 97 99 52 60 41 96 41 2 68 98 29 45 27 42
33 9 25 50 20 38 51 65 35 83 38 70 55 62 71 82 58 73 34 75 54 52 66 14 66 22 17 29 83 52 15 84 79 27 46 77 21 88 50 91 25 59 76 61 52 73 50 25 48 64 28 44
27 17 34 27 43 40 27 59 44 62 86 85 59 17 24 17 27 90 29 44 58 48 20 16 75 47 27 99 78 59 7 10 40 32 87 66 55 68 35 85 100 51 87 18 50 99 66 98 93 67 83 26
22 10 50 79 3 74 6 34 47 66 29 53 70 83 45 62 49 48 77 84 47 61 43 35 2 87 79 82 45 80 80 88 34 5 36 8 70 59 29 89 42 55 30 78 36 91 68 99 49 52 9 80
13 17 11 75 23 28 93 95 37 8 29 90 9 9 41 9 62 17 47 84 17 60 19 45 78 28 6 38 35 27 84 72 81 83 24 0 27 0 46 56 78 88 51 20 41 61 60 77 46 72 0 20
2 9 92 39 59 38 26 83 100 88 23 66 90 60 89 67 9 41 94 100 36 20 17 8 11 23 21 7 3 26 28 33 84 73 63 1 11 70 87 81 37 47 36 65 94 32 76 42 15 17 77 86
53 50 51 97 67 16 90 66 17 30 26 46 59 8 99 45 57 17 44 85 42 1 34 91 81 41 99 22 24 71 94 64 35 85 38 23 60 25 28 36 1 65 22 36 25 92 70 83 2 81 59 60
78 31 32 3 89 3 90 14 20 95 32 49 29 60 68 11 1 71 69 0 79 42 92 23 76 5 27 18 98 62 18 66 41 51 95 46 27 4 74 71 15 62 27 31 65 67 97 82 1 59 61 89
31 62 62 70 68 89 81 81 7 95 77 39 93 43 51 33 33 37 59 25 71 24 21 69 11 63 88 79 70 82 58 12 24 68 17 34 18 9 96 17 60 65 96 61 88 10 97 97 38 35 1 20
98 94 35 28 97 80 33 45 18 7 40 3 84 13 81 8 28 98 73 91 24 42 40 39 63 64 10 97 2 75 72 37 4 49 68 6 32 10 40 52 98 72 93 48 59 41 47 2 28 9 40 33
86 62 87 55 69 87 81 79 58 100 67 73 52 82 35 80 97 17 18 42 15 67 30 77 65 14 51 25 12 82 6 14 64 78 35 52 68 55 13 61 80 88 24 79 28 66 81 68 26 6 31 50
94 69 53 26 81 40 8 88 3 1 66 53 81 56 51 82 34 31 59 46 84 18 36 85 9 96 25 94 49 52 20 32 94 3 48 44 37 34 29 1 81 96 40 74 94 85 24 81 94 1 18 97
40 48 34 23 35 40 15 56 2 63 31 6 31 27 30 32 7 3 15 85 40 8 63 43 72 24 64 85 60 11 7 74 47 34 44 52 76 1 6 27 94 17 83 10 8 77 63 83 1 8 32 14
61 11 87 20 16 96 15 27 47 92 73 20 49 63 55 25 22 95 17 41 49 74 27 28 90 76 72 99 99 37 90 29 37 46 72 22 96 32 89 82 3 5 67 14 30 20 100 26 82 86 18 22
70 49 92 61 22 83 27 16 9 30 57 64 59 92 33 76 100 89 68 23 35 58 23 24 15 100 23 81 56 60 97 86 51 92 36 25 57 13 52 78 70 37 25 4 21 76 46 89 26 31 1 78
82 88 34 71 28 9 22 35 87 82 93 67 94 58 59 15 25 64 84 90 91 51 98 65 22 52 19 8 63 47 36 42 68 83 36 3 61 49 54 71 71 96 71 93 25 95 76 36 40 40 32 35
64 12 47 1 29 20 60 87 2 61 45 94 6 4 56 27 81 75 49 18 92 38 100 68 18 94 28 57 11 65 2 26 38 42 41 98 59 55 27 61 53 70 91 80 12 15 18 19 94 35 58 83
11 56 49 68 84 5 89 41 38 49 50 57 79 47 92 50 26 31 5 80 61 89 64 77 89 43 52 21 98 24 44 22 78 27 16 84 57 33 59 17 21 74 80 98 68 2 2 73 62 97 74 27
45 86 60 5 67 37 16 79 17 24 41 62 19 81 85 2 94 90 54 66 32 100 100 8 19 42 64 8 50 8 5 66 21 43 29 95 76 30 100 76 24 24 91 65 30 36 88 74 32 5 21 51
12 13 86 67 97 86 21 52 89 46 35 25 62 81 52 44 20 19 69 90 42 97 63 80 36 72 63 24 83 69 2 80 47 8 58 70 89 56 90 64 78 21 29 18 22 72 94 30 26 46 73 88
35 82 60 85 13 73 91 56 29 16 73 38 65 48 80 14 43 1 81 13 1 20 99 18 38 50 26 21 74 31 84 94 70 58 37 35 42 35 70 10 40 19 63 48 2 47 26 28 28 81 5 10
16 60 80 63 21 30 51 29 95 10 71 37 52 23 97 93 61 58 8 34 20 13 91 86 28 58 17 21 91 73 21 15 89 90 35 57 96 17 11 95 42 92 98 90 63 20 81 94 8 38 50 80
53 31 85 84 72 22 37 55 76 63 44 38 10 84 44 73 95 44 0 46 55 73 93 81 28 27 46 94 21 97 81 57 17 42 99 3 13 32 52 86 91 28 63 12 14 42 60 12 42 40 98 18
77 10 62 15 57 8 42 67 67 45 72 61 47 64 69 37 84 30 59 64 30 31 71 65 32 54 66 28 50 38 57 31 36 50 58 90 77 16 69 37 15 75 14 84 46 66 95 75 90 87 51 90
96 33 28 38 62 0 58 67 72 66 7 5 61 49 92 42 79 71 60 63 88 99 47 84 36 96 29 91 43 0 29 99 79 58 67 25 32 60 44 9 70 83 75 53 72 25 83 79 14 35 18 15
39 100 4 1 68 45 43 45 44 58 70 90 21 85 48 44 99 64 54 25 40 8 20 14 21 29 74 26 65 27 34 62 64 95 29 93 17 91 85 24 16 87 97 88 30 77 85 31 42 3 81 2
82 18 24 29 77 14 87 68 88 47 52 11 59 12 4 1 37 88 49 57 83 95 2 30 98 95 72 32 83 71 37 17 89 31 21 66 63 36 25 32 62 82 75 93 68 93 0 48 34 59 10 45
1 75 4 70 26 29 14 37 11 95 51 96 49 24 35 3 19 86 41 11 81 38 75 72 98 31 46 74 80 21 95 0 65 70 24 40 72 85 45 100 99 54 18 26 1 97 29 18 70 88 35 53
2 54 75 4 98 49 23 97 38 40 43 20 8 60 62 97 72 30 52 66 15 74 83 39 97 33 4 10 23 94 19 52 48 18 13 99 79 93 22 89 77 63 2 83 63 67 39 76 16 88 98 90
53 6 39 18 84 84 67 34 40 7 32 47 37 59 43 85 18 60 6 61 5 96 83 35 44 66 83 76 1 82 31 18 55 99 26 87 98 7 41 46 89 28 32 67 22 65 67 67 12 62 12 35
3 28 53 92 50 79 57 10 3 11 66 52 50 94 98 34 94 16 7 80 10 58 65 37 33 31 29 31 72 37 61 64 83 66 61 85 94 89 2 45 48 39 93 33 54 90 0 51 17 10 20 53
84 51 64 58 51 49 83 33 57 2 73 15 59 2 53 18 18 51 57 90 90 70 64 21 12 26 58 55 30 4 3 48 78 79 7 14 57 33 75 95 0 9 99 82 83 7 27 22 61 11 54 70
67 2 38 75 59 73 93 71 31 60 89 91 94 70 13 85 15 29 14 71 58 8 58 19 46 1 78 83 14 19 45 24 18 39 25 37 49 70 25 26 0 23 92 56 19 70 12 83 28 85 53 63
73 100 79 77 44 33 70 47 67 50 94 99 66 42 52 87 54 58 88 49 76 71 75 34 92 2 85 65 44 37 31 51 3 96 66 56 35 22 58 19 38 36 22 52 19 73 42 53 97 76 6 22
22 74 21 26 92 38 51 84 48 59 61 49 10 61 10 86 18 99 22 48 95 74 45 81 73 33 52 69 83 72 100 50 83 60 78 85 41 91 30 33 17 88 66 67 87 90 13 0 86 63 86 17
25 33 59 48 17 47 55 41 56 22 98 72 68 31 75 80 81 35 30 21 3 95 72 64 2 73 80 59 45 47 15 50 86 47 82 2 94 75 79 22 5 41 3 71 92 80 1 72 62 7 37 32
90 35 25 82 62 64 23 22 21 80 59 70 27 17 48 99 67 36 9 71 20 96 7 17 52 80 57 26 55 2 49 90 57 0 98 48 49 70 93 9 84 36 60 59 59 5 32 17 34 4 28 46
44 56 76 13 95 6 29 3 63 76 75 28 76 23 21 8 4 48 17 11 94 36 90 16 31 9 76 62 85 40 5 84 88 62 5 10 11 14 49 94 41 40 90 47 75 36 66 77 98 47 23 14
84 87 48 77 45 29 69 99 62 19 75 80 54 34 98 67 83 81 25 54 8 24 37 78 83 19 28 99 32 22 36 16 23 27 62 36 46 79 1 45 68 98 13 50 100 2 54 81 46 3 12 86
66 1 56 30 83 100 23 27 93 74 48 61 14 58 81 62 87 37 36 2 92 62 86 65 19 82 69 17 5 93 31 83 91 70 8 70 74 82 56 36 78 79 31 51 75 97 23 92 31 50 74 12
84 97 95 48 26 39 38 89 46 88 57 60 5 51 59 26 51 34 49 21 43 80 48 35 31 100 6 75 75 51 3 62 2 55 13 40 82 35 37 66 55 77 2 100 68 80 37 41 48 57 28 63
69 32 100 59 6 8 51 61 22 3 90 86 99 4 20 73 97 52 10 60 33 14 65 29 60 70 1 8 47 72 35 93 79 97 98 51 50 97 47 40 57 24 35 43 1 21 23 38 12 40 98 72
88 54 5 83 98 55 13 41 30 33 4 41 10 45 59 69 64 69 21 51 100 91 4 22 66 11 61 50 74 26 26 63 31 91 89 3 15 73 100 42 57 52 37 4 47 87 94 7 82 99 59 28
21 43 32 46 17 11 26 18 91 39 3 15 5 24 92 2 1 40 28 9 95 37 66 47 57 60 76 43 69 45 80 52 15 23 62 73 56 9 23 17 12 89 47 96 47 68 40 70 51 79 71 5
56 80 60 93 58 89 49 78 70 98 64 94 69 29 69 80 26 99 90 79 46 81 44 40 30 81 90 77 55 56 10 76 96 96 30 89 56 22 62 3 74 94 81 22 52 10 5 91 24 8 91 30
53 36 98 11 5 96 69 32 9 0 7 1 54 38 72 85 90 88 13 1 89 94 66 27 95 43 70 1 56 91 36 42 47 26 93 52 66 87 55 0 4 18 54 12 90 18 35 32 80 25 18 68
60 51 36 45 97 8 50 72 64 43 45 9 66 46 34 92 29 45 88 49 60 98 23 47 65 98 60 70 88 40 90 83 35 26 30 15 46 53 65 93 15 51 18 63 72 43 59 20 31 48 20 52
20 86 4 32 30 52 38 28 11 60 77 9 51 98 10 64 74 99 33 5 12 2 75 68 84 62 97 67 31 59 21 21 68 5 15 45 63 40 93 81 27 74 48 57 50 53 15 20 1 3 94 56
77 58 39 10 99 94 35 21 92 32 29 49 56 32 21 51 6 14 61 28 57 14 81 51 68 31 38 51 36 38 33 42 25 31 55 38 18 30 64 38 66 64 64 77 43 7 12 78 45 48 49 29
18 80 24 99 43 60 99 30 89 19 62 78 86 39 28 67 11 85 46 53 56 6 45 18 81 66 12 19 18 4 68 40 90 100 60 100 46 76 68 54 75 29 73 10 66 90 73 37 84 62 60 73
35 41 95 28 2 52 50 35 92 1 28 8 17 8 90 97 14 53 66 15 35 73 25 41 36 36 72 93 81 17 20 5 23 38 9 41 49 83 60 74 3 53 56 13 95 87 52 26 90 73 33 46
61 62 73 22 15 67 30 13 7 79 30 68 37 12 64 9 14 51 100 79 37 23 80 77 53 53 98 34 9 39 75 91 35 23 2 38 68 20 23 88 53 62 43 36 88 54 48 41 34 29 12 64
57 88 64 87 2 41 61 0 36 34 46 96 7 61 99 94 48 92 96 1 23 47 51 86 66 1 100 2 80 42 32 66 17 43 39 48 83 46 54 52 71 11 5 59 82 97 45 29 38 41 7 52
15 51 19 12 0 90 64 100 95 84 58 83 97 35 1 28 24 95 91 5 22 74 91 8 8 66 8 20 45 50 97 41 14 26 6 35 13 35 51 32 82 90 79 17 78 39 67 44 82 79 96 77
75 15 37 33 46 36 30 71 62 36 47 88 30 41 5 80 21 85 48 37 20 28 27 56 48 57 73 61 59 45 96 99 82 89 3 12 33 71 64 24 56 20 9 81 48 22 30 17 84 83 43 91
43 61 68 28 42 91 60 89 58 8 6 96 47 36 87 1 33 55 82 38 15 51 9 48 72 69 99 95 90 60 8 18 19 3 10 56 1 19 28 86 82 1 66 81 71 17 18 2 84 27 16 65
48 10 16 19 21 64 93 99 69 79 66 82 58 7 11 79 90 29 30 54 35 55 95 20 43 20 99 30 40 93 22 51 90 42 22 3 50 56 93 84 48 15 90 13 18 54 2 36 59 96 63 86
97 98 20 3 8 6 2 47 26 97 93 50 62 30 9 91 1 41 50 93 67 90 67 64 68 34 68 87 47 34 30 90 51 27 98 0 23 4 47 4 55 34 72 97 65 64 2 70 74 49 45 64
14 60 74 62 56 64 35 26 82 100 41 86 30 80 9 39 37 35 93 3 65 43 99 78 74 25 28 81 30 40 49 57 48 13 51 15 16 97 72 96 24 1 42 26 2 25 22 90 92 87 9 94
92 67 6 39 47 55 9 41 88 27 66 9 57 15 62 28 96 53 24 3 96 11 34 22 96 57 76 99 21 2 30 20 52 96 97 53 19 96 100 2 33 30 57 17 94 59 69 56 64 99 52 13
48 43 69 30 67 89 41 17 51 48 44 93 17 34 1 77 77 75 68 77 58 41 62 16 41 30 48 71 40 53 19 64 60 27 9 77 38 27 66 74 33 84 45 89 27 96 79 13 71 53 53 60
87 23 78 41 61 2 8 35 0 37 78 54 43 73 39 19 93 23 33 39 85 87 25 99 10 85 76 46 64 86 49 41 8 30 10 80 54 23 22 49 60 83 43 56 57 48 93 21 25 97 53 76
25 99 2 16 86 90 43 83 24 4 91 58 9 14 46 54 85 83 48 56 74 99 38 6 59 33 57 56 74 100 77 70 81 65 52 43 49 13 1 42 0 26 57 91 96 40 17 100 46 26 69 90
27 10 71 61 74 2 37 77 16 55 27 8 98 32 49 24 83 17 78 77 91 31 64 46 84 73 5 63 90 14 56 9 26 56 59 8 30 49 38 90 27 98 67 64 23 72 32 96 66 24 77 71
30 5 56 16 0 51 69 69 10 57 23 65 4 52 58 89 53 42 49 38 89 6 89 43 38 92 15 1 49 30 26 61 53 90 21 68 64 95 3 24 41 87 91 13 4 35 72 9 93 37 79 8
39 93 68 98 19 49 71 100 94 88 74 84 72 70 60 68 13 64 30 63 21 53 71 42 7 72 28 48 1 20 11 59 45 71 15 71 73 84 12 69 17 61 16 41 49 36 85 73 36 55 15 92
50 14 9 51 76 9 60 40 87 8 3 26 3 74 87 3 56 64 23 12 95 30 45 64 98 43 50 24 74 3 6 62 19 74 2 54 85 55 66 88 98 13 89 84 38 32 84 86 46 10 81 85
31 3 19 98 68 41 99 27 0 63 97 86 18 43 50 22 79 16 66 59 53 42 9 17 51 89 41 33 4 71 3 98 62 74 30 56 28 55 13 43 41 84 19 62 2 29 43 54 84 62 88 57
61 77 14 19 85 62 7 79 56 64 5 45 82 79 77 67 31 36 56 22 61 35 53 94 55 37 47 93 49 42 47 69 31 12 78 93 38 47 46 58 38 5 47 17 100 90 78 67 59 77 90 94
23 54 71 22 64 8 91 61 40 3 41 11 74 91 53 84 68 83 86 45 30 44 71 28 54 9 45 95 4 67 53 42 18 74 12 1 65 24 82 51 21 89 27 64 85 38 40 77 91 89 24 37
5 59 54 52 21 3 67 78 49 9 84 65 52 52 26 77 10 42 39 46 80 77 24 62 25 37 5 71 82 46 49 85 61 82 84 43 36 85 65 87 96 45 72 24 88 60 21 58 1 28 2 76
25 46 47 38 18 53 38 28 7 26 81 34 57 79 0 54 86 43 75 52 46 46 49 41 26 84 76 23 66 61 73 43 18 62 16 26 52 85 6 97 25 43 32 56 88 8 93 75 59 8 12 80
41 96 57 49 62 92 57 93 93 95 74 52 18 81 0 43 95 44 70 21 77 99 2 79 42 3 17 2 8 11 24 57 44 34 72 5 98 57 42 14 77 37 31 96 81 73 78 53 72 12 77 18
31 3 45 61 56 85 93 39 10 16 76 67 80 14 96 25 32 77 7 63 48 93 87 44 77 95 17 74 34 45 87 63 29 5 72 8 30 7 41 81 67 40 19 40 5 53 35 59 26 29 86 44
53 98 38 99 28 67 55 47 18 94 4 12 100 99 97 62 88 91 14 11 39 86 23 66 70 65 73 40 60 95 59 67 13 40 100 52 10 89 80 39 29 33 50 80 26 100 48 20 27 36 46 46
96 70 69 13 52 10 52 13 89 79 49 69 11 69 1 17 70 16 26 23 4 92 20 47 84 96 18 46 91 50 75 83 13 88 20 72 33 78 98 74 72 64 67 6 89 79 6 86 68 80 76 56
5 58 29 55 67 17 59 81 24 77 21 98 54 55 88 52 31 45 6 45 73 1 92 36 68 98 4 3 11 49 24 3 74 72 51 13 41 19 34 85 42 0 43 68 97 84 69 48 76 99 1 66
33 43 90 89 99 68 94 44 49 20 38 62 41 29 21 40 78 86 34 74 99 81 0 81 87 10 7 82 9 39 83 58 65 5 16 1 47 7 55 26 31 4 42 14 40 55 73 72 42 74 58 35
19 50 36 38 18 41 66 96 77 8 52 95 61 46 91 46 60 46 40 41 0 99 21 12 9 23 63 2 79 57 70 43 28 46 20 67 52 42 1 81 64 59 94 76 18 79 14 68 84 59 24 58
23 62 59 95 52 100 73 59 52 66 9 2 48 79 96 83 92 0 12 97 8 11 21 32 86 18 15 11 0 4 57 56 92 22 62 94 65 84 53 86 19 36 79 86 74 17 13 9 84 41 6 4
50 10 34 82 80 36 74 54 78 70 65 24 67 17 0 29 4 71 79 21 55 55 89 73 37 28 14 69 91 99 92 94 76 73 35 35 65 35 82 100 36 55 88 62 70 61 89 80 84 11 6 26
96 51 6 69 68 39 29 76 89 61 39 58 60 32 99 97 76 52 42 84 21 94 78 24 73 5 58 61 16 8 94 57 82 15 50 99 7 77 48 6 74 33 18 78 22 1 16 93 5 74 72 6
96 60 96 41 88 84 55 74 1 56 37 9 90 15 70 95 84 9 84 8 78 70 96 89 18 78 49 55 100 5 36 100 21 40 85 35 56 85 89 47 65 26 23 56 82 81 3 53 29 74 1 1
54 97 36 86 93 43 75 29 12 29 30 18 81 19 89 47 44 88 66 49 75 57 46 5 56 25 94 42 49 43 13 0 84 34 10 55 52 27 33 44 16 59 92 75 75 83 3 53 36 19 94 89
78 70 94 99 60 92 74 91 100 69 53 84 10 91 49 59 43 83 49 93 90 51 91 77 56 4 42 98 49 75 58 11 17 15 89 56 12 59 3 73 17 97 84 91 77 33 71 53 9 49 39 70
74 30 18 62 53 42 24 82 71 74 2 70 22 99 13 80 86 6 48 66 12 55 49 63 0 7 93 90 85 12 87 92 6 82 71 75 56 31 13 83 13 45 62 3 84 21 95 50 78 71 54 80
67 9 66 46 6 21 48 4 66 59 18 86 2 40 95 8 47 96 15 100 53 10 69 55 66 97 4 42 55 36 56 75 63 2 61 41 59 51 7 98 5 41 68 29 96 50 14 46 93 9 46 89
15 3 12 40 7 40 100 12 7 28 51 87 18 69 83 30 89 68 37 62 12 62 38 93 38 87 58 69 31 66 9 52 51 50 54 56 11 55 50 50 53 3 43 49 73 51 89 63 79 1 36 92
98 51 8 8 83 7 63 98 1 34 90 46 58 92 80 87 49 42 88 11 60 81 39 16 13 46 3 71 88 24 37 11 48 12 37 44 70 60 91 85 50 53 56 31 35 43 40 20 40 4 80 80
95 67 40 60 65 63 19 87 21 95 86 52 26 24 81 32 78 89 80 11 78 70 56 4 30 88 32 47 4 57 55 79 85 6 78 61 81 63 54 96 100 50 33 56 43 18 70 56 95 10 92 15
22 10 46 87 93 60 40 84 2 58 93 31 53 90 23 91 94 96 78 78 5 42 70 20 42 11 11 40 9 49 78 37 83 29 52 14 15 71 28 7 99 17 79 66 78 45 7 79 1 100 99 23
59 98 1 93 99 14 41 30 98 8 63 56 83 93 61 91 9 93 27 49 35 69 25 69 85 78 88 52 45 49 30 13 89 41 37 33 30 79 54 6 98 39 45 58 4 74 44 29 2 90 80 88
40 86 53 68 34 36 20 87 4 58 90 29 61 16 22 38 28 18 1 2 25 17 59 52 95 64 46 7 31 61 22 75 8 4 63 34 0 56 39 92 61 16 81 59 82 95 46 47 6 18 70 63
85 26 62 47 22 2 5 20 86 91 92 54 32 87 65 28 82 72 8 56 4 11 37 47 82 50 2 94 22 86 94 59 76 63 33 11 56 57 100 8 36 27 84 73 100 3 14 75 99 0 80 8
59 90 38 71 92 43 96 43 83 29 80 40 51 22 10 9 32 9 71 8 71 65 63 49 89 11 40 32 51 86 16 25 78 79 64 66 10 56 41 5 7 80 64 2 30 49 62 7 97 19 76 44
32 14 37 40 51 55 54 39 46 54 33 12 30 58 73 60 40 61 35 41 82 63 29 27 24 24 82 65 6 31 27 90 48 59 48 34 57 25 57 35 80 0 31 46 79 31 89 35 77 20 67 41
81 43 5 17 90 82 2 77 60 70 46 71 4 95 21 77 25 18 30 25 92 69 56 19 10 99 6 22 26 71 41 43 96 88 85 7 30 100 34 22 64 29 78 78 20 62 53 59 21 39 39 2
45 59 28 77 14 74 49 54 9 97 82 9 95 26 92 46 32 23 56 68 87 19 31 71 84 59 30 45 93 80 65 34 89 33 53 10 78 40 68 24 33 51 53 1 86 65 77 91 89 59 8 14
0 9 29 46 56 41 76 92 90 65 31 19 33 86 27 22 95 86 66 13 28 98 0 79 15 43 2 53 50 22 68 47 75 91 59 87 88 19 88 44 75 53 77 13 24 99 3 50 50 28 84 86
79 52 52 99 74 3 73 55 51 85 20 41 52 37 82 71 53 100 15 19 35 7 71 90 78 97 53 19 43 95 55 0 84 28 20 39 23 21 56 41 11 93 17 80 18 79 16 42 71 86 15 6
46 84 48 18 25 73 67 30 25 28 11 11 91 82 68 10 83 69 0 81 5 41 11 55 37 94 1 87 34 11 68 24 14 27 79 93 44 72 19 5 72 82 97 9 89 1 45 54 63 61 24 25
56 93 59 60 21 83 92 100 34 85 9 21 81 88 49 38 18 76 47 32 67 23 72 87 74 5 49 9 59 31 31 36 44 79 17 82 85 6 25 60 34 32 58 24 63 28 52 37 12 62 95 98
35 26 11 44 69 15 70 92 55 39 89 19 54 75 75 0 18 49 65 70 40 89 15 78 52 6 0 77 40 75 1 44 39 81 28 21 44 79 29 69 82 70 84 55 52 37 48 52 37 46 7 12
53 49 79 17 20 44 41 62 50 61 15 1 23 9 30 61 67 20 47 77 79 97 46 85 13 25 26 51 27 93 65 81 25 65 45 69 26 38 10 35 18 61 20 64 60 30 26 50 23 89 93 33
4 55 83 75 84 21 35 24 95 56 83 84 75 17 14 64 43 16 99 4 76 32 6 96 24 60 51 42 34 60 76 69 59 8 47 5 17 21 19 16 56 0 25 67 81 31 16 16 39 24 28 20
92 0 53 57 59 35 72 22 98 60 65 41 3 34 73 31 50 0 17 81 32 24 37 67 15 51 27 32 64 45 77 91 59 90 29 3 0 15 58 41 96 62 70 5 92 13 90 58 30 93 63 17
17 63 22 23 89 42 71 41 50 37 6 15 80 6 66 64 69 78 55 61 4 51 25 68 14 37 30 13 85 84 69 3 36 59 50 5 67 78 52 7 23 94 72 95 13 31 12 46 27 35 34 52
38 9 3 48 23 7 80 42 81 87 84 97 94 100 73 45 64 76 10 91 35 80 29 59 45 100 94 21 20 50 79 86 77 17 73 44 98 20 21 84 68 68 46 37 90 52 93 47 76 36 18 90
43 92 48 7 37 22 76 34 13 99 38 97 55 21 88 63 57 92 85 9 46 26 32 3 72 65 6 79 75 66 61 96 26 69 59 60 24 59 79 54 15 95 35 71 73 37 34 39 27 65 12 48
25 1 41 92 66 29 2 36 15 87 5 53 17 100 49 62 88 4 19 77 67 76 0 46 20 67 59 95 69 13 17 48 32 34 16 1 69 40 39 10 78 50 43 81 17 100 25 67 76 81 42 79
24 61 40 33 89 82 15 100 54 20 52 1 100 79 98 49 17 57 19 82 95 75 95 27 81 73 99 70 33 68 73 88 93 87 12 85 76 16 75 68 42 14 10 25 76 88 58 61 7 38 72 89
90 43 62 29 46 81 85 86 47 10 34 2 24 92 29 10 25 41 23 38 79 4 93 25 82 37 3 93 87 25 53 27 17 66 14 88 99 56 65 28 36 76 77 66 80 6 86 29 89 0 75 14
79 27 87 28 33 56 28 77 50 31 14 8 47 76 60 92 48 17 35 25 100 18 19 14 6 70 89 22 81 13 17 35 64 16 6 7 81 59 27 11 92 25 8 84 55 52 52 25 25 64 65 53
22 39 14 31 80 86 79 50 100 83 10 90 100 60 44 87 20 66 53 13 48 30 89 76 33 27 7 10 87 99 9 2 73 47 10 94 92 56 54 96 7 28 27 37 78 79 39 74 33 56 11 52
92 53 12 34 76 20 26 67 62 64 86 50 48 76 94 57 59 59 90 39 52 73 28 95 45 81 74 68 62 22 12 32 64 99 57 46 68 100 78 59 44 25 65 70 62 8 72 45 7 93 57 1
37 39 12 4 61 10 91 4 11 41 12 30 63 14 92 76 37 96 85 86 61 25 6 17 92 62 79 55 81 63 14 9 82 1 57 22 13 94 77 92 84 9 70 98 34 21 33 30 98 64 77 59
54 18 83 17 53 25 58 4 9 1 47 22 35 71 92 46 31 79 55 69 90 4 1 65 80 69 18 62 22 28 82 27 78 61 38 32 53 83 21 11 62 32 45 83 69 36 56 60 34 49 96 68
84 100 85 39 8 96 49 57 10 8 43 81 46 44 10 32 85 62 80 83 71 30 13 1 72 7 79 88 17 21 73 93 46 63 34 48 42 92 78 41 31 85 13 28 30 74 95 8 33 36 4 65
40 12 49 38 50 43 81 46 44 82 71 77 40 87 61 69 92 38 54 76 54 94 83 3 69 43 61 35 78 17 51 49 56 54 77 10 44 33 33 89 75 75 48 40 94 60 30 60 88 27 17 43
61 92 14 43 10 2 32 51 84 66 66 100 0 60 15 97 49 30 31 82 64 84 79 96 1 28 23 33 9 14 92 100 21 3 27 86 71 70 67 82 63 74 19 52 65 49 69 91 39 84 65 62
57 0 46 75 12 5 98 39 41 52 87 28 79 45 65 16 93 97 33 54 84 59 78 19 62 43 57 21 32 0 9 78 57 37 27 24 69 7 27 7 72 40 18 49 97 96 74 53 33 81 85 100
9 80 60 22 31 39 29 77 5 13 37 98 11 32 17 79 62 96 64 65 35 24 0 89 13 72 33 12 4 37 77 79 47 34 78 10 83 72 14 41 0 72 50 41 30 60 36 42 66 80 95 76
66 60 45 24 16 61 7 46 51 41 2 60 44 41 19 11 0 20 26 55 32 10 81 2 41 96 90 91 62 19 3 82 65 12 10 13 23 3 37 16 64 2 40 76 99 46 13 56 76 31 3 88
59 61 9 54 52 25 45 79 45 94 96 58 58 28 39 30 55 2 98 21 89 63 73 89 33 73 80 52 41 22 49 61 3 31 88 75 100 54 96 19 97 22 85 35 58 2 77 88 81 97 7 53
55 90 56 35 5 67 90 63 67 85 3 31 72 83 69 46 42 54 59 5 6 94 18 96 48 64 97 38 23 76 93 68 83 40 32 37 75 94 1 2 8 18 32 6 60 25 2 91 16 34 23 69
14 1 38 84 74 98 5 0 19 33 64 4 48 26 67 22 88 88 5 62 93 83 45 0 23 66 82 67 94 37 31 1 66 59 13 89 17 94 15 45 94 46 21 77 14 42 53 33 15 88 43 79
79 45 86 100 22 15 50 55 99 20 91 52 71 10 31 57 33 83 92 1 34 52 46 25 40 12 56 97 30 5 69 100 61 57 76 88 68 33 44 87 93 89 27 98 40 51 17 31 79 11 56 38
84 39 36 60 26 73 47 78 49 14 15 100 37 12 73 7 67 56 49 73 37 100 15 59 67 33 26 39 45 96 67 26 14 7 52 37 79 82 91 19 31 71 93 39 75 38 21 1 59 54 55 66
94 12 90 29 65 89 68 81 27 89 66 3 78 35 7 42 93 38 81 69 86 67 21 50 13 45 12 32 93 39 32 50 97 15 5 100 38 19 50 97 63 77 48 36 2 9 55 27 6 97 27 35
4 40 16 40 35 82 17 19 83 20 65 69 100 19 5 18 80 3 28 97 32 6 6 9 41 99 98 100 67 15 6 17 24 34 69 91 0 82 28 2 36 22 43 13 86 60 48 47 21 90 60 89
92 92 38 36 55 62 28 93 13 19 14 91 53 86 26 82 56 40 29 98 67 3 41 63 69 39 75 6 57 0 50 6 38 19 28 39 6 67 96 7 18 10 73 7 16 78 72 35 56 92 81 41
25 82 75 37 29 93 39 84 14 89 39 50 32 88 98 76 56 91 50 37 21 73 54 63 87 65 21 92 63 69 28 51 18 8 30 38 98 15 61 34 4 63 95 86 97 41 59 74 49 94 26 17
58 75 24 71 75 41 37 1 65 16 54 25 100 78 49 58 32 0 94 60 51 83 27 16 86 59 27 83 44 28 55 62 58 80 43 71 64 29 57 79 42 74 11 33 88 1 3 12 10 50 68 2
30 61 73 22 78 100 16 50 70 99 86 79 19 24 43 92 27 6 39 73 38 13 67 86 77 3 44 79 100 56 67 31 13 15 44 33 35 35 3 4 58 7 26 82 93 31 72 57 69 65 26 44
40 81 21 28 79 20 38 2 67 3 38 1 19 87 44 27 87 15 74 10 94 90 27 8 10 72 71 46 95 87 10 12 54 49 52 40 55 23 50 58 22 36 61 8 53 88 79 3 8 48 82 8
25 26 26 51 80 56 47 22 16 36 48 60 8 88 91 65 21 26 15 92 25 13 66 92 19 100 64 68 27 15 31 32 9 37 92 0 70 19 49 78 49 93 76 80 41 76 72 81 33 6 14 93
60 92 79 10 31 21 61 5 7 95 43 26 22 65 75 83 68 5 53 31 40 47 87 3 86 77 34 57 16 49 18 91 64 11 57 65 40 62 77 69 82 25 2 11 40 79 86 21 55 86 81 51
16 3 55 16 90 21 14 91 68 57 93 10 91 37 80 30 69 12 14 55 67 11 78 88 97 47 16 57 92 0 87 70 1 84 80 74 69 37 10 26 29 31 61 63 86 91 63 44 77 64 0 63
52 99 47 66 5 62 47 49 8 58 18 90 10 13 80 39 93 79 95 90 69 88 20 7 2 82 37 97 95 64 95 47 47 51 26 77 86 66 18 100 15 68 8 66 1 31 14 36 100 15 69 96
51 75 27 85 95 78 33 12 3 80 69 91 6 80 43 16 13 37 92 77 63 81 92 88 68 48 4 37 25 89 50 92 14 27 46 17 8 64 92 48 49 25 50 70 11 65 9 39 59 30 94 7
68 73 28 85 97 38 86 32 66 58 96 6 98 67 33 53 70 78 95 39 91 8 26 7 47 12 65 3 78 64 67 20 46 60 63 59 47 84 7 54 19 60 7 27 58 18 98 92 27 31 81 94
25 63 32 84 31 56 41 67 38 10 62 31 92 64 12 54 69 77 70 79 62 11 11 6 37 79 55 58 42 60 100 81 80 25 93 7 17 91 31 30 33 24 20 40 15 81 75 62 11 58 58 7
54 19 47 51 87 36 96 32 76 33 98 84 19 22 69 1 58 91 79 64 71 20 91 8 88 6 4 96 23 0 1 75 2 11 1 67 73 30 6 50 93 9 44 25 58 22 52 68 21 9 53 51
57 30 64 67 95 9 15 17 25 86 15 70 95 56 41 25 99 59 57 48 79 98 71 22 7 52 95 67 24 55 93 81 67 39 42 89 58 59 52 10 9 90 24 53 99 1 70 92 96 20 0 20
35 77 63 82 88 58 57 24 1 13 74 56 49 64 34 84 47 63 31 6 44 8 32 82 49 54 69 58 28 32 51 50 69 6 21 75 60 65 23 63 11 96 89 82 93 24 70 16 15 35 57 48
72 4 44 84 45 28 72 61 62 55 97 19 59 98 38 88 55 65 7 61 85 58 87 22 19 76 58 31 17 21 20 1 31 42 66 17 21 96 75 79 19 66 47 53 18 98 64 58 33 91 2 95
55 37 24 78 11 56 68 43 13 59 70 23 99 67 69 85 26 100 84 42 81 19 67 16 92 71 56 84 23 13 50 87 73 87 44 59 50 45 82 64 34 8 81 77 58 26 85 45 7 34 75 38
49 0 7 56 70 74 49 72 43 61 12 7 57 16 1 71 12 7 33 60 10 51 56 84 5 2 45 23 48 16 51 53 15 15 5 53 62 54 90 59 80 29 42 12 81 5 84 40 34 77 11 32
14 29 82 97 99 95 48 68 61 83 3 63 48 48 37 30 3 45 35 75 82 97 7 33 49 43 62 8 42 82 38 48 8 37 10 58 90 31 99 15 33 78 50 9 81 26 20 62 88 28 89 68
97 29 38 64 39 3 68 15 6 9 72 26 80 87 30 57 34 27 41 79 36 11 58 29 33 22 43 81 55 52 15 89 44 52 62 35 6 94 40 61 77 30 20 98 25 44 10 61 99 71 14 27
85 49 92 33 28 41 75 27 61 15 78 0 4 5 75 91 92 64 32 29 68 57 94 18 74 18 37 17 40 33 97 5 92 82 55 1 41 13 15 39 11 94 98 69 71 25 21 33 71 23 90 71
0 23 85 97 28 90 49 47 16 78 44 98 79 49 29 24 20 77 25 35 57 74 26 28 19 31 41 1 43 100 1 48 85 10 85 73 76 97 31 90 60 3 19 93 13 58 10 5 89 39 64 7
33 58 62 47 82 15 69 77 82 8 9 84 3 69 53 10 34 2 47 29 61 37 64 27 95 69 47 13 74 100 28 22 44 89 53 31 92 21 10 55 50 46 1 24 44 19 93 34 49 77 83 65
21 7 80 2 77 42 18 3 89 58 76 94 59 70 91 21 64 43 54 56 7 78 73 22 35 98 33 27 44 37 3 85 92 25 88 16 40 66 94 41 40 91 10 9 81 74 8 96 62 78 11 75
25 87 63 8 45 53 28 8 82 20 32 88 1 43 77 32 53 18 56 90 41 66 70 14 87 44 80 17 63 85 91 57 54 61 66 38 72 4 33 32 21 33 85 35 98 41 76 54 71 3 27 46
73 5 63 6 75 16 43 21 24 65 33 50 47 94 45 57 68 54 25 97 65 83 97 52 66 20 64 86 20 30 3 59 87 21 32 69 9 73 43 91 53 1 13 17 82 29 91 54 56 62 93 80
58 0 81 35 68 18 91 66 80 97 84 62 97 12 89 71 83 11 44 47 16 66 54 80 68 25 39 4 6 71 60 19 97 64 83 3 47 82 30 21 99 23 89 23 28 64 41 90 80 50 32 89
94 67 15 36 74 20 90 67 59 73 88 100 2 5 27 56 20 79 51 26 65 85 3 20 49 41 96 74 77 12 41 12 3 64 21 10 95 14 12 32 24 5 55 60 66 69 66 47 6 14 45 54
96 78 31 16 57 7 13 11 87 27 59 35 32 45 31 87 27 20 8 25 87 58 80 62 48 44 78 32 62 100 15 95 24 82 12 38 24 74 74 1 84 24 1 58 98 98 100 40 57 59 63 63
71 39 24 93 95 70 95 89 77 74 31 6 3 26 69 7 90 96 65 5 47 49 56 86 35 5 43 0 57 37 4 48 13 70 45 42 50 87 0 73 36 61 94 0 63 100 15 63 10 40 84 72
67 25 17 93 50 33 54 68 100 48 9 61 43 74 85 88 90 25 82 98 22 50 3 51 45 71 77 0 71 7 43 40 59 49 41 94 7 51 3 33 65 98 88 46 28 88 17 18 13 81 53 36
68 27 49 10 14 63 20 40 93 9 66 11 9 32 10 86 46 47 63 40 10 20 74 97 14 80 48 37 3 41 97 45 63 46 84 79 54 1 25 11 16 48 42 92 50 28 29 27 23 61 92 20
90 11 26 69 72 96 77 63 48 7 12 62 15 8 66 65 80 50 55 4 41 44 28 20 35 62 21 83 17 77 65 81 93 79 19 24 6 44 96 36 70 86 50 4 63 61 69 49 19 5 7 50
53 52 66 12 75 91 39 84 56 62 72 75 68 54 0 54 26 87 46 11 27 54 59 69 72 76 24 0 30 95 16 5 72 35 39 67 53 91 46 24 10 71 28 38 32 22 3 27 71 25 85 89
21 47 97 74 76 58 87 46 31 32 13 24 14 52 52 61 9 88 40 78 42 55 63 12 66 32 68 46 40 19 36 78 25 53 37 80 0 6 87 93 23 58 34 40 52 26 82 65 17 44 69 100
100 79 77 26 100 41 12 20 46 9 60 6 72 11 12 35 77 35 41 54 24 39 20 93 88 89 33 56 17 63 76 24 2 30 71 44 7 42 57 13 65 42 8 46 9 56 36 95 83 80 51 14
41 58 15 1 21 21 76 78 94 39 10 2 69 64 18 48 13 5 99 82 93 74 34 14 31 32 16 99 52 53 89 94 43 25 18 79 43 98 32 35 77 1 62 77 34 12 27 87 99 24 8 56
64 61 81 69 82 18 98 2 55 20 15 3 77 82 86 54 15 75 90 36 36 18 99 33 89 52 13 87 40 59 4 59 16 33 69 58 77 28 68 42 89 47 86 10 61 1 16 53 37 13 63 84
6 28 78 17 3 77 53 26 88 29 5 47 85 92 17 23 14 41 100 25 100 95 18 66 8 38 75 85 0 49 94 49 32 61 89 37 74 45 80 8 63 9 26 2 60 89 74 80 75 89 40 94
19 1 96 95 51 89 55 85 79 58 94 93 13 51 12 25 88 6 35 23 32 97 58 92 8 44 56 41 32 62 19 34 1 38 0 28 66 98 85 64 93 68 63 48 44 41 81 72 97 74 39 16
32 80 67 97 50 91 15 71 81 10 92 46 45 58 3 34 13 83 52 37 10 74 52 76 37 72 40 24 99 67 74 81 66 34 85 73 18 29 91 62 68 39 53 96 83 85 88 15 59 76 62 93
78 26 86 71 72 67 97 63 87 55 86 21 48 67 70 24 16 99 48 26 77 77 16 100 66 94 34 14 37 84 81 11 41 87 92 74 7 48 96 12 91 12 55 71 73 81 74 17 34 30 76 68
92 67 82 10 8 13 54 17 28 10 50 21 36 53 97 52 6 81 85 32 22 88 42 93 20 25 85 64 2 14 44 55 42 71 16 34 39 61 19 23 3 4 30 69 1 99 85 61 38 81 50 42
86 97 24 99 12 83 53 51 84 31 7 84 88 39 38 37 50 90 88 50 40 35 27 96 11 93 83 13 25 44 77 63 8 10 26 60 2 63 46 71 38 67 83 81 25 21 13 5 67 68 91 44
42 17 74 77 79 85 63 42 73 34 25 62 60 21 83 71 79 100 70 5 44 69 43 24 42 84 94 59 19 75 45 51 32 100 16 73 51 79 80 76 42 51 18 44 12 70 97 67 97 50 29 12
23 72 80 0 91 44 26 15 25 18 49 40 94 93 55 40 27 35 50 35 29 72 84 6 28 95 33 71 26 73 75 41 42 75 53 0 1 7 49 6 75 5 18 34 90 23 91 56 31 66 94 61
34 17 34 52 48 41 84 38 44 73 47 6 31 42 100 38 72 28 9 12 32 61 93 62 23 9 73 57 46 2 87 73 33 77 50 50 58 1 87 62 14 29 93 86 26 66 59 79 91 84 96 81
65 45 26 59 96 84 7 34 66 12 49 85 24 20 100 12 6 32 92 91 85 2 45 13 94 60 75 73 32 95 82 72 97 72 60 44 79 86 100 14 70 73 9 14 56 5 80 47 97 29 18 37
85 81 72 28 18 8 50 30 32 7 81 23 86 34 26 82 80 15 88 81 27 98 95 92 60 5 78 91 41 32 71 94 43 56 82 47 4 54 98 15 32 67 4 63 68 96 45 67 96 22 59 3
100 97 39 36 87 88 32 86 79 94 69 14 7 50 53 98 34 95 10 26 88 15 14 45 92 84 59 96 62 73 72 18 86 43 33 38 26 81 62 31 48 71 57 11 26 83 64 37 96 67 45 16
87 89 97 8 81 88 88 16 23 57 17 63 49 32 100 90 86 32 80 12 61 87 44 14 53 52 62 21 8 13 24 68 78 5 72 76 33 42 84 16 88 31 47 71 87 64 48 76 47 43 68 97
43 85 3 44 92 91 48 29 59 72 75 8 3 37 20 54 42 11 31 37 43 56 69 82 8 84 67 91 44 59 20 93 4 59 65 30 81 11 60 72 59 71 74 64 93 75 43 81 84 44 11 98
73 64 37 5 37 49 21 99 25 26 77 0 6 69 73 77 31 16 80 1 85 48 57 49 63 28 41 2 13 75 14 55 97 12 84 90 20 34 90 82 97 53 58 85 64 32 38 32 96 76 2 48
32 59 54 54 48 9 100 46 54 0 36 83 14 64 4 83 75 40 80 32 86 6 50 16 48 8 4 76 97 54 23 43 95 85 12 38 2 95 91 97 36 28 93 95 11 63 34 75 82 59 80 59
88 13 64 90 93 31 60 40 65 25 41 45 72 56 74 21 80 99 39 16 0 39 21 41 3 61 35 0 45 88 32 71 74 57 73 25 3 63 21 83 34 8 42 12 79 47 16 9 32 41 19 22
31 27 37 79 45 64 7 66 53 30 81 53 26 26 85 32 91 51 25 50 65 26 51 17 81 98 19 0 76 45 19 62 23 33 97 7 37 98 7 89 77 65 0 18 15 86 89 97 4 9 38 51
98 22 57 79 39 65 72 24 32 85 9 70 89 46 89 86 50 25 18 83 96 100 73 4 39 77 13 26 45 17 88 84 59 89 94 20 44 18 65 70 48 56 35 67 17 66 86 62 47 63 75 79
49 12 61 97 75 9 31 12 14 50 19 5 99 16 78 19 32 75 71 21 80 23 80 45 61 34 44 94 76 98 81 91 81 60 3 55 68 85 10 61 52 35 22 28 55 65 78 59 27 66 53 26
36 90 96 17 5 99 61 72 97 91 52 47 68 15 73 75 27 93 32 72 56 19 82 33 3 76 33 42 86 99 88 47 91 6 97 65 40 42 19 13 41 76 92 93 43 96 40 30 90 100 17 45
16 8 47 55 45 69 85 72 60 84 19 78 45 17 72 92 24 39 77 11 60 31 97 7 23 19 84 16 90 50 81 29 5 26 18 26 31 54 11 5 7 37 78 44 33 100 59 92 95 25 78 52
77 2 48 35 90 3 1 30 23 86 34 48 58 51 6 0 80 4 93 35 96 55 56 61 91 57 39 14 6 36 6 65 58 46 85 62 39 61 71 20 92 6 89 10 61 51 71 4 57 48 50 48
21 90 4 41 12 97 18 92 83 67 69 72 70 14 13 36 36 28 33 49 32 80 69 0 76 93 9 84 95 95 11 27 83 72 24 48 1 79 51 4 46 44 72 75 40 35 27 23 11 83 15 41
4 4 96 5 25 1 24 45 20 40 27 46 32 91 27 27 32 14 99 61 81 87 83 32 4 70 100 71 30 38 24 67 60 70 78 58 27 22 33 34 24 47 63 42 4 84 38 98 2 3 18 4
80 74 14 68 81 50 5 99 56 39 0 1 62 47 98 71 96 77 26 9 24 81 33 50 67 4 94 93 28 14 80 19 67 11 33 66 59 89 44 70 93 74 53 73 25 99 29 14 66 20 12 77
1 73 41 24 21 78 67 94 91 64 51 55 63 84 83 70 67 62 48 36 25 55 29 73 8 26 36 33 23 95 21 4 47 93 33 15 43 50 82 12 4 23 11 70 55 91 67 85 75 1 41 93
38 70 39 99 84 24 27 3 62 100 10 17 9 23 25 98 72 54 48 80 43 7 53 20 67 53 79 40 98 83 42 94 35 42 62 55 93 16 57 37 40 94 18 15 40 86 5 20 3 29 32 40
55 63 65 11 73 25 92 51 60 42 63 39 23 15 92 81 91 42 33 54 75 88 89 87 21 58 88 60 86 69 78 28 70 27 6 10 75 14 0 28 66 69 9 28 79 56 25 9 0 61 52 51
62 7 85 30 61 60 79 36 86 78 17 42 66 43 70 90 59 100 78 72 31 92 74 40 35 80 82 87 14 51 99 49 81 21 83 95 70 69 15 85 89 29 49 64 64 21 4 43 13 96 31 83
15 44 35 26 26 16 13 23 56 20 68 77 65 71 45 83 89 66 32 4 17 77 50 17 90 42 88 34 32 85 60 31 87 83 72 6 62 83 72 83 18 45 38 33 4 31 5 28 94 22 13 54
32 26 3 5 56 47 66 54 6 45 42 97 66 11 93 27 61 91 14 25 8 79 25 9 3 11 15 47 38 25 34 14 93 13 38 0 31 7 65 79 46 19 48 27 56 3 35 91 88 49 6 47
98 87 15 51 60 69 77 47 45 86 63 83 69 87 39 25 65 37 76 30 95 92 48 12 79 18 15 29 60 59 41 79 31 61 38 0 24 88 36 18 67 15 68 29 95 19 17 52 17 13 69 50
95 83 25 54 45 27 12 10 11 72 11 95 30 90 100 12 100 58 88 62 94 11 25 64 51 68 90 53 0 49 9 98 39 68 55 29 83 23 37 96 45 65 32 83 45 56 96 54 23 82 95 32
59 3 59 13 80 1 19 45 67 29 19 40 70 1 41 41 44 7 97 92 24 19 49 40 78 13 18 64 31 66 58 51 41 38 91 42 84 79 32 90 25 12 37 78 1 78 87 77 8 7 45 72
63 33 4 13 68 27 81 59 39 3 47 64 30 40 5 68 69 31 16 72 83 32 3 42 80 91 14 40 98 53 82 29 79 44 62 26 4 42 7 26 82 83 8 92 50 74 7 87 1 85 19 42
58 65 72 73 26 36 88 21 89 76 100 80 7 76 48 60 18 68 56 9 4 31 30 8 69 2 33 8 55 83 35 83 39 21 47 34 72 61 72 35 21 62 5 21 4 98 35 33 98 32 65 69
2 49 63 69 66 95 38 74 81 40 50 6 11 28 46 50 85 71 20 34 14 36 89 54 66 21 97 51 59 43 6 10 86 55 7 91 70 54 38 63 88 66 84 98 93 26 5 93 81 74 66 65
81 68 64 58 98 26 8 9 1 7 79 86 76 13 13 72 77 68 51 100 10 14 56 16 74 63 98 96 59 90 79 57 86 10 100 71 4 43 14 29 100 74 0 90 80 26 40 61 82 82 46 91
94 19 1 93 56 90 16 88 71 17 94 43 7 20 85 1 57 43 90 42 70 40 84 95 54 9 41 7 53 92 82 70 85 70 74 100 24 34 17 45 17 30 58 81 52 44 17 46 10 31 69 62
0 83 5 21 82 2 6 96 56 0 78 13 86 3 15 83 61 79 10 100 59 96 33 81 43 13 35 77 62 99 76 61 62 41 54 98 83 78 22 57 6 7 99 52 42 87 19 71 39 78 35 7
79 79 59 6 63 50 84 13 2 70 21 41 7 93 88 71 3 100 65 86 64 14 61 96 17 57 27 68 92 83 50 88 61 15 24 60 76 52 45 89 18 17 43 19 6 70 29 79 57 31 24 57
60 71 17 84 74 15 0 71 74 31 22 41 29 37 47 54 66 1 100 7 39 91 46 75 37 58 78 18 95 90 43 95 70 8 100 2 24 1 18 3 2 35 52 3 8 75 77 76 79 16 43 92
78 7 68 13 78 14 92 67 91 33 57 60 90 41 32 84 9 98 52 67 28 79 20 89 6 11 90 23 47 8 34 17 2 52 58 75 71 47 35 91 6 83 89 37 38 67 4 3 36 73 3 88
56 35 42 28 6 61 41 6 37 11 97 29 57 3 61 38 70 95 43 84 41 61 12 62 81 62 25 22 18 3 29 66 63 36 65 6 70 80 21 21 33 97 76 75 42 47 5 89 83 39 2 21
27 80 20 70 3 23 30 45 79 49 61 92 57 20 29 71 95 79 67 60 97 72 76 68 57 63 85 22 100 7 87 39 15 13 80 41 70 93 6 27 40 15 57 85 58 17 13 55 47 98 22 44
12 18 2 3 37 13 38 37 34 94 79 28 55 50 0 23 28 68 81 27 100 94 54 1 3 69 46 63 98 90 96 45 81 85 93 0 81 89 19 31 78 67 44 89 74 86 12 19 0 75 15 93
52 64 96 38 46 4 65 50 24 98 68 25 6 66 66 23 11 77 58 45 90 35 35 53 57 70 51 12 27 72 98 28 37 39 5 21 46 87 74 54 67 77 43 56 21 92 66 35 6 4 99 76
19 30 94 0 97 59 30 40 52 29 84 70 17 51 2 86 21 38 16 48 88 34 46 65 85 96 38 73 97 1 25 20 92 43 72 56 11 52 23 25 49 24 61 45 27 90 40 25 23 34 68 57
59 17 1 55 4 99 80 54 54 20 84 78 35 33 77 12 5 43 84 87 3 3 67 69 24 46 98 50 7 91 58 69 83 70 6 34 91 58 36 1 92 47 2 61 12 47 48 5 66 13 31 34
93 7 84 31 4 37 86 85 92 90 25 46 47 77 26 79 93 54 29 33 85 9 6 95 65 26 26 82 36 19 53 75 92 7 19 79 100 82 61 24 90 19 44 16 9 93 98 59 58 25 67 31
80 36 12 45 27 34 66 69 50 79 89 66 45 5 51 92 69 43 59 95 51 6 30 20 14 4 12 86 28 71 97 94 45 51 41 29 62 34 15 81 7 15 100 37 65 93 10 68 59 82 58 46
52 84 42 31 87 66 21 30 86 72 77 83 42 73 93 23 60 40 8 98 12 35 6 99 15 31 34 100 12 41 81 51 24 6 76 48 48 60 16 84 18 74 30 39 77 10 30 80 16 1 89 42
47 34 65 94 36 3 60 50 40 55 13 54 68 69 54 68 57 91 60 85 69 76 10 51 25 63 8 72 98 68 30 93 7 94 98 72 7 23 54 82 97 20 8 6 83 65 22 1 9 96 94 42
3 53 30 9 48 27 80 50 98 38 6 67 10 73 0 17 48 40 98 58 6 15 81 15 57 80 10 14 54 22 62 94 98 97 17 89 50 73 62 50 56 33 48 85 33 6 45 55 89 56 86 34
75 54 95 38 22 54 27 20 32 83 82 51 79 41 99 16 24 19 73 17 50 91 88 36 48 7 73 15 81 61 38 14 55 100 10 51 37 54 63 8 74 65 90 49 74 100 32 28 90 14 73 50
9 46 11 65 0 99 9 62 59 44 34 11 11 58 7 12 47 30 17 66 35 100 85 60 75 59 67 83 74 65 33 11 97 52 23 86 31 29 88 70 26 91 54 73 37 49 2 14 36 34 59 5
20 95 77 30 22 47 29 100 79 94 19 52 94 72 96 35 88 40 40 34 55 71 2 26 31 67 94 79 55 40 37 16 0 2 41 10 21 10 23 57 31 31 12 33 56 95 81 35 41 97 4 76
93 62 23 30 77 40 51 49 18 59 80 47 89 79 16 0 16 73 97 27 40 87 16 89 25 77 100 43 76 69 81 2 23 9 29 9 29 37 93 43 73 67 79 93 67 94 33 34 18 68 37 10
84 84 76 57 59 20 70 92 29 10 53 79 29 51 74 41 72 60 43 47 76 33 98 71 29 59 29 59 86 57 88 37 24 32 12 98 88 71 23 34 35 19 3 92 70 79 32 84 52 29 25 59
44 25 94 47 32 60 55 13 56 30 40 51 79 13 68 31 96 86 38 40 35 96 85 32 39 29 13 60 34 8 39 41 71 34 60 83 64 15 85 98 23 54 68 14 57 95 63 44 59 78 25 58
0 42 72 44 12 97 42 83 88 8 62 88 73 81 81 18 63 63 32 68 15 49 78 22 100 5 65 77 29 98 18 55 52 25 34 98 38 6 62 46 36 11 55 69 8 86 15 30 56 44 93 62
79 64 87 24 2 29 62 47 23 51 71 10 79 84 0 12 58 67 88 24 48 12 32 77 95 13 93 23 57 43 13 54 86 44 63 29 43 68 89 87 57 32 85 49 31 98 0 58 32 45 66 50
18 55 63 19 15 49 12 20 83 68 45 34 52 61 51 1 85 9 35 80 61 44 83 34 61 39 58 1 91 38 44 77 12 29 74 36 43 23 5 66 47 28 12 57 86 24 33 7 15 34 57 46
34 33 57 28 93 25 85 55 48 68 35 46 21 50 96 99 49 79 50 43 34 72 17 84 84 93 22 78 59 24 35 15 59 93 27 29 80 44 49 82 50 18 57 77 25 16 3 62 55 22 90 12
34 15 82 54 6 69 17 6 40 14 100 1 37 1 33 84 85 48 100 61 94 48 1 44 5 51 13 57 13 50 38 50 53 19 18 65 78 54 14 39 83 58 22 71 30 19 40 72 20 77 3 4
12 84 47 84 41 29 47 15 73 81 65 97 15 55 12 70 1 16 1 19 26 29 92 7 67 15 53 69 26 27 63 20 11 80 25 14 21 90 85 29 44 21 23 48 62 90 80 5 37 75 80 52
18 56 100 48 64 21 92 53 83 14 71 68 83 50 38 35 29 3 27 23 33 13 48 9 55 42 94 75 33 1 54 13 65 59 54 16 6 78 55 58 1 52 65 7 65 0 61 81 10 89 11 75
10 77 20 15 25 1 64 88 100 80 56 67 8 63 57 71 82 80 3 62 47 11 90 92 47 12 21 41 71 37 40 92 26 41 6 68 64 58 1 23 73 89 36 76 41 38 25 7 49 60 71 96
34 66 24 18 4 99 58 32 22 74 73 95 28 11 44 45 67 88 66 18 18 79 18 71 12 29 26 7 97 78 88 60 56 76 54 64 24 15 90 96 86 68 87 59 100 52 91 40 31 51 74 71
90 9 75 17 91 63 46 38 25 48 26 84 28 66 46 83 92 32 43 26 25 51 44 16 21 25 20 50 41 42 49 80 24 55 55 88 84 45 20 82 97 16 98 11 3 58 22 18 98 96 96 23
10 18 31 81 35 68 94 94 61 95 56 93 45 77 51 84 93 90 10 16 50 0 19 89 21 20 98 2 26 55 49 94 43 61 35 43 65 24 55 53 100 19 45 19 59 15 39 18 52 26 48 85
9 73 8 81 87 17 38 55 26 82 34 32 11 63 27 25 87 57 66 43 1 78 38 81 12 76 55 21 97 86 40 53 53 4 13 32 85 76 83 87 91 5 71 13 82 18 14 27 21 25 20 63
81 76 69 43 59 76 46 89 31 72 87 88 84 14 27 59 46 63 28 30 20 54 0 45 75 2 72 30 36 4 48 23 40 18 56 59 17 64 52 67 77 42 20 37 32 11 35 28 31 49 99 56
54 11 64 18 90 66 80 60 65 73 23 5 76 8 55 29 3 90 62 22 57 41 62 71 11 65 5 91 89 54 63 80 76 11 79 46 32 68 45 21 19 80 77 31 10 38 87 77 44 36 31 71
31 47 62 59 88 67 1 53 36 88 61 38 24 64 55 4 38 6 42 66 40 44 55 94 100 100 67 66 5 34 79 93 29 6 99 46 59 18 20 30 20 69 100 38 29 76 3 87 35 37 72 55
90 83 18 92 78 28 77 49 7 73 45 40 88 64 79 65 48 37 76 18 59 17 54 7 85 70 73 9 88 99 31 18 18 30 48 8 74 21 24 10 24 19 7 19 16 73 69 85 24 11 11 84
86 38 88 62 45 79 95 14 53 54 3 58 67 31 44 40 50 2 84 97 89 45 76 29 25 57 72 32 94 61 4 35 32 8 10 28 21 76 81 70 88 13 83 30 20 70 11 94 15 3 18 44
16 86 79 68 5 34 90 79 36 24 97 48 57 66 60 69 85 91 93 19 82 91 78 53 97 0 57 31 89 65 79 11 45 68 71 66 59 22 54 70 53 91 53 71 36 55 8 30 21 63 32 46
88 94 27 82 60 41 37 82 25 3 52 6 96 52 23 56 91 58 45 57 19 11 50 58 61 59 41 17 89 84 96 34 91 41 23 70 47 20 28 99 63 52 65 51 94 98 49 72 77 31 51 62
28 66 83 97 11 24 78 63 87 8 59 78 17 96 31 97 92 13 43 23 12 14 73 50 85 25 8 30 31 83 43 59 60 87 83 79 39 56 66 29 86 66 59 60 56 42 57 10 20 19 56 48
76 79 39 4 41 87 11 60 32 48 10 12 15 14 25 2 100 80 24 11 8 92 47 20 80 41 47 77 2 15 7 58 62 49 5 40 33 64 79 17 66 2 70 52 3 6 29 70 57 58 41 71
49 46 59 15 26 53 25 28 14 96 63 86 98 33 76 80 51 56 45 62 16 52 25 87 88 38 51 69 4 7 1 28 24 66 56 31 47 66 48 14 100 47 64 44 28 88 35 9 43 44 6 99
82 36 11 22 92 78 15 89 83 72 42 95 65 78 69 83 30 63 83 88 22 86 62 37 50 34 8 23 24 64 46 48 91 30 73 9 87 32 93 40 57 29 33 49 53 5 41 25 5 92 57 50
25 42 46 23 93 78 48 52 65 75 24 59 26 35 47 55 48 72 67 95 74 97 61 48 44 14 10 44 1 33 51 2 42 42 84 33 39 58 72 5 10 51 92 100 58 89 63 81 75 76 71 97
96 56 43 0 73 3 29 74 57 44 15 28 68 8 98 52 47 71 100 31 60 47 43 5 5 97 10 27 62 90 78 24 41 54 35 14 90 74 73 76 91 96 33 54 83 63 97 18 55 81 79 16
90 80 85 15 63 35 56 47 74 20 54 76 33 89 57 98 7 44 46 79 81 20 8 9 33 8 0 73 28 95 53 6 16 89 36 45 87 33 36 85 88 7 75 59 13 52 29 65 47 50 2 75
95 47 49 23 75 23 85 5 62 82 18 32 26 23 11 3 71 27 84 89 38 92 38 81 88 15 34 0 93 93 67 48 31 11 96 45 13 62 100 60 10 79 39 33 35 85 90 24 75 6 69 56
16 11 98 86 45 6 56 72 86 100 67 76 8 1 64 34 75 35 69 37 100 73 27 74 65 51 25 86 86 94 66 85 96 97 46 21 83 14 16 94 56 81 90 69 87 17 76 90 7 83 38 59
84 65 65 64 14 67 88 99 83 37 17 100 54 61 45 58 76 24 8 78 90 93 68 83 35 2 19 94 3 31 32 39 15 14 51 39 56 19 42 69 92 1 32 30 51 90 22 34 37 54 65 12
6 87 89 3 84 70 3 18 90 27 21 23 35 16 17 4 90 3 71 76 42 5 24 90 97 64 32 25 79 38 12 17 25 79 20 82 70 11 24 67 61 47 82 1 30 28 95 50 53 83 2 2
46 38 13 13 24 65 34 21 14 51 92 52 41 63 71 84 58 11 43 21 70 62 46 96 48 96 22 77 53 1 81 3 52 100 26 96 31 45 72 17 84 27 17 58 84 97 62 18 3 67 36 70
19 80 31 88 64 5 82 20 96 24 33 23 53 3 85 91 17 10 64 41 94 7 54 12 36 28 96 28 21 66 64 80 44 36 43 12 43 23 18 56 71 0 60 51 0 60 91 4 5 12 80 78
69 89 74 98 23 84 55 6 17 70 86 88 41 64 44 87 59 46 73 82 58 80 57 28 87 100 66 27 84 32 18 55 71 14 3 80 43 20 86 52 93 46 62 87 18 78 73 16 82 50 31 96
8 38 87 86 59 65 100 52 57 34 34 48 9 79 36 40 79 14 47 45 63 17 71 40 86 14 65 8 97 31 5 42 37 30 27 12 70 40 84 59 41 52 22 65 43 72 57 96 69 54 25 70
51 38 75 80 17 80 59 46 80 88 50 91 94 51 32 70 91 24 95 94 47 61 56 3 33 28 9 96 96 73 44 43 10 74 92 46 32 89 99 21 24 48 42 68 12 41 9 28 71 70 30 22
22 12 54 39 26 97 57 46 64 47 13 63 8 81 39 39 35 97 38 79 59 31 7 50 37 36 61 70 7 34 18 99 0 65 4 86 65 88 36 100 89 32 83 88 40 2 20 26 6 55 50 27
35 62 24 37 16 27 56 38 13 0 45 100 39 58 46 53 33 24 60 41 44 50 87 82 56 70 52 72 41 82 51 84 88 77 16 24 12 60 29 53 19 20 55 50 55 15 3 100 85 59 19 75
3 0 53 45 8 35 92 5 94 92 95 48 34 85 86 36 33 58 84 17 31 25 9 51 79 56 36 17 63 67 90 99 7 4 63 47 54 6 70 75 44 28 7 73 30 80 95 54 94 37 78 8
92 18 66 84 48 88 17 90 42 53 100 63 60 67 11 81 88 95 33 72 27 31 65 81 79 37 78 62 10 42 51 40 37 11 59 90 39 97 9 14 86 50 32 94 42 67 2 44 85 22 32 58
31 94 71 38 94 82 60 65 41 38 5 10 18 41 16 42 98 93 28 90 84 30 94 17 38 64 33 87 22 18 52 64 34 3 0 52 27 61 69 49 78 57 22 34 47 44 51 68 94 72 25 16
24 18 70 37 73 35 14 34 65 71 29 28 24 36 78 24 65 80 95 38 42 18 52 77 95 38 48 60 63 70 0 32 24 82 50 87 47 80 43 67 16 36 25 81 90 17 69 64 12 79 49 45
50 13 68 78 83 79 66 2 42 76 2 86 77 12 91 26 31 74 58 16 6 63 72 7 15 71 80 54 92 36 96 93 40 18 98 97 65 66 95 63 9 72 24 83 9 66 55 83 82 64 8 92
32 0 91 65 70 63 25 15 4 99 63 100 6 22 25 17 78 0 23 80 23 69 33 11 54 57 32 78 49 71 98 57 75 14 32 13 66 99 54 80 72 19 20 30 42 30 17 8 4 5 38 8
7 18 44 48 46 69 23 75 8 19 28 95 46 90 75 90 97 76 48 100 88 15 50 64 73 42 31 47 36 59 18 39 87 45 80 83 77 78 71 93 14 29 91 54 93 85 96 50 24 90 41 24
83 22 80 95 23 45 87 100 13 9 62 70 68 59 95 77 17 12 7 76 56 5 0 2 62 34 4 19 38 37 27 25 49 15 90 91 8 50 85 10 5 36 46 86 32 87 15 1 33 100 3 26
96 20 91 49 66 44 71 10 28 16 28 15 5 61 41 43 61 55 27 11 44 69 10 41 72 90 25 55 38 94 45 55 97 29 85 16 1 61 32 20 17 24 56 31 91 69 92 98 0 32 83 47
82 88 69 100 12 43 82 28 9 48 63 0 19 96 89 28 36 68 80 4 41 96 25 95 20 94 94 46 96 17 100 3 71 71 46 27 61 90 46 16 1 65 13 41 20 69 3 16 14 4 31 13
28 92 53 2 3 47 2 95 95 72 63 33 38 15 26 86 47 10 40 99 42 6 7 94 56 16 17 91 28 74 48 25 20 56 18 77 46 12 45 56 87 6 100 14 61 42 20 29 64 39 32 31
81 13 40 1 83 80 90 61 55 100 2 88 47 33 78 44 96 72 96 39 100 8 88 74 25 4 7 23 51 21 53 33 4 0 52 95 94 70 80 44 78 60 93 31 93 74 47 96 95 24 39 79
90 14 42 3 8 71 72 51 77 26 79 95 28 80 85 94 84 95 51 80 56 15 14 92 2 56 86 30 55 41 20 27 18 21 40 51 23 15 22 39 88 27 34 97 95 48 69 34 42 12 96 46
57 46 94 38 10 57 41 39 77 87 91 61 75 78 52 50 44 78 24 12 95 17 53 49 76 72 72 43 24 97 89 48 53 23 21 31 31 80 41 70 44 23 34 7 18 51 53 8 8 61 40 65
79 61 91 68 31 36 17 85 56 86 4 22 39 62 24 22 15 45 61 26 1 31 17 72 19 62 48 45 53 63 78 62 78 20 13 56 25 21 94 74 14 3 19 68 4 20 55 6 81 25 87 76
56 66 34 82 83 69 73 68 72 4 95 87 100 21 74 46 59 95 3 38 100 26 83 13 69 71 18 41 37 96 96 100 6 73 48 42 18 99 62 1 28 24 94 31 37 69 17 20 0 25 48 47
62 68 10 0 3 63 66 69 43 90 19 13 90 74 63 69 80 76 20 7 87 38 88 4 86 21 60 72 51 85 3 86 76 80 92 61 43 50 88 50 14 92 42 8 78 86 92 100 28 0 23 57
91 0 58 46 18 29 67 22 71 30 2 61 49 44 23 94 32 71 0 53 53 42 44 28 44 66 98 32 65 61 84 51 9 46 14 37 7 65 66 72 69 39 80 83 76 11 91 67 97 84 97 78
81 34 80 64 50 94 32 62 72 81 70 16 90 44 71 42 70 92 36 99 81 58 25 32 90 90 47 26 76 10 72 54 34 40 17 78 80 9 57 8 97 84 67 24 36 93 15 54 38 96 3 67
72 53 86 100 30 67 28 92 36 46 63 41 59 32 69 58 68 43 19 2 75 29 5 68 75 99 34 24 53 39 8 73 10 8 88 63 9 99 63 41 46 15 11 8 42 86 59 36 9 32 61 61
20 29 89 58 99 6 68 49 73 18 14 58 78 89 39 62 7 85 43 65 71 93 49 16 4 32 48 29 32 27 50 9 46 27 54 12 74 67 22 23 60 96 99 31 76 94 11 79 33 80 60 1
14 93 61 74 66 72 9 27 88 84 46 17 23 90 8 77 36 77 66 66 14 20 83 67 47 25 39 64 5 33 45 19 39 37 20 36 25 46 19 59 70 89 25 63 95 24 20 6 54 94 84 88
29 21 76 28 26 93 1 63 5 37 76 37 41 60 94 88 74 53 91 86 15 93 84 91 96 41 40 30 0 56 50 89 7 32 76 7 11 13 14 6 52 60 45 54 59 88 93 86 36 63 3 13
93 22 36 65 78 39 61 47 31 78 34 37 52 6 32 43 8 57 99 94 25 57 39 60 83 25 8 90 68 81 7 40 58 57 61 49 48 87 32 6 66 45 92 14 51 4 91 57 83 59 57 80
57 100 63 75 21 24 10 23 48 60 20 93 66 0 14 33 68 58 47 8 52 66 64 78 62 5 73 80 79 77 71 33 73 12 20 69 41 73 84 3 88 21 78 93 80 3 69 61 18 60 54 49
86 92 23 21 60 94 97 5 65 39 15 51 51 32 37 100 1 39 24 77 100 6 42 61 16 50 77 89 6 28 33 89 64 89 66 36 90 64 22 75 15 62 8 55 6 70 10 24 49 10 17 24
40 82 19 31 56 82 94 99 45 67 4 9 70 44 59 0 2 76 43 55 90 74 30 30 36 31 29 41 49 48 36 43 89 16 58 70 4 9 94 36 74 17 32 8 44 100 91 97 73 65 71 46
65 44 62 72 66 75 48 63 9 99 35 26 69 93 17 41 51 30 86 19 61 93 65 15 89 29 85 24 67 45 81 50 3 77 29 72 54 38 40 94 93 46 34 15 18 15 92 28 39 35 10 94
14 25 26 50 65 95 30 24 75 99 97 77 89 73 78 29 11 15 41 53 81 91 35 45 66 74 37 2 92 91 30 70 49 68 56 1 72 6 22 18 38 23 23 51 91 28 22 1 4 94 73 46
81 49 74 40 55 100 2 88 97 84 45 93 64 78 41 2 85 87 57 19 73 24 23 58 56 82 7 15 50 80 57 88 67 58 59 98 86 75 4 15 9 18 34 3 14 68 97 69 90 86 76 72
79 60 72 16 37 28 22 2 79 83 20 26 28 9 51 1 89 56 1 87 84 35 54 97 66 88 99 95 88 24 57 31 7 23 24 64 43 92 69 82 60 97 96 85 63 80 87 51 7 75 80 8
20 1 29 93 44 8 16 39 29 93 93 79 98 79 98 0 6 6 15 57 66 86 57 97 84 22 28 93 46 49 75 100 38 34 100 85 96 30 53 5 94 13 27 37 21 38 95 55 48 54 26 56
40 100 40 71 67 70 76 32 16 85 41 69 41 63 40 85 11 77 71 92 72 39 84 80 65 5 4 85 88 73 98 23 39 19 40 55 8 12 5 88 84 100 51 46 15 30 95 83 23 46 64 39
72 22 29 50 9 54 42 0 45 89 90 87 33 84 99 77 69 33 35 35 91 94 52 70 60 36 56 64 37 39 6 37 38 46 56 34 91 16 52 0 100 12 32 17 75 0 43 95 49 88 19 55
36 94 65 62 80 82 13 87 66 39 47 90 22 34 77 90 81 86 82 55 3 21 92 57 30 77 91 72 49 56 64 68 98 51 61 39 75 44 69 57 56 21 55 90 80 56 95 57 97 28 8 50
52 100 19 88 22 81 1 96 65 87 67 31 64 35 12 79 84 98 99 53 2 95 29 90 61 71 36 38 84 100 41 18 32 68 26 51 45 71 67 61 61 37 20 81 11 66 100 48 93 58 31 86
47 14 11 59 77 14 40 9 50 37 45 33 24 94 35 8 97 26 65 63 22 96 21 45 64 22 13 55 17 16 82 96 96 11 59 6 12 52 90 2 92 14 92 79 0 73 47 60 94 32 6 52
57 65 34 12 93 92 42 72 51 97 46 28 94 65 32 39 1 31 98 48 69 64 72 94 12 6 88 3 9 58 25 73 22 79 8 28 57 5 32 69 91 52 36 14 78 94 68 60 94 93 43 6
84 98 53 50 31 40 64 91 54 36 99 81 35 29 74 18 92 32 96 11 12 56 81 44 40 28 18 97 73 98 71 91 63 84 80 40 24 94 3 97 81 79 51 56 38 38 52 17 19 69 85 75
62 17 65 93 75 53 85 87 20 7 14 17 99 42 73 79 74 59 3 32 7 73 68 85 15 16 78 71 63 51 53 24 30 46 32 6 26 20 18 88 87 75 86 78 9 30 48 35 50 54 33 24
58 99 3 75 1 83 77 82 27 74 78 33 62 16 74 43 56 78 51 76 90 93 93 59 29 64 77 60 81 93 27 0 2 73 10 8 0 39 52 52 82 65 91 35 39 48 29 64 71 85 65 7
93 32 70 59 72 52 70 47 92 9 32 13 37 76 62 86 28 88 11 22 66 90 63 2 85 14 70 0 74 95 21 71 56 76 9 48 26 30 49 54 100 20 14 22 25 58 1 98 69 6 14 13
53 63 98 40 4 20 71 69 5 33 88 3 96 36 2 86 72 66 95 56 27 42 34 87 94 18 54 93 40 3 50 0 26 85 18 68 70 93 56 87 79 50 68 14 23 9 100 65 56 23 63 64
63 9 6 62 55 94 64 22 76 64 6 92 56 28 18 80 64 76 85 74 30 42 56 84 9 69 53 5 91 19 72 55 83 43 57 100 9 26 63 33 76 42 13 58 36 71 67 80 21 79 91 43
90 39 54 45 47 7 96 66 91 42 75 49 81 62 82 5 19 56 98 45 51 78 27 62 65 79 69 48 7 28 78 54 64 14 63 27 69 76 2 87 37 23 55 52 72 16 47 43 23 68 75 1
51 25 17 39 81 23 95 25 85 46 48 43 66 54 88 80 62 67 75 12 31 8 21 40 25 91 67 87 51 91 39 86 91 99 48 65 33 86 60 59 6 30 73 49 30 11 54 10 67 95 28 29
23 70 71 88 9 9 81 76 69 59 59 42 50 100 96 86 39 27 39 97 17 82 17 15 62 11 85 90 41 35 52 86 36 67 21 98 72 38 58 1 13 48 0 73 60 1 30 60 49 14 62 31
74 87 95 42 73 68 81 73 94 99 83 67 78 1 45 33 80 77 23 18 95 81 22 67 94 10 80 91 35 20 57 2 13 70 18 62 87 1 18 20 60 17 64 50 88 39 44 30 59 77 64 26
32 42 69 78 77 60 32 66 97 58 41 98 83 28 77 82 42 47 87 15 51 33 42 45 22 40 63 64 8 7 49 53 31 3 4 56 27 32 10 80 49 52 74 46 52 4 14 96 78 83 68 29
16 78 24 75 30 39 10 45 66 8 58 46 59 90 85 17 76 94 61 20 12 20 44 65 85 77 35 34 77 5 55 80 98 83 46 21 96 98 100 68 28 44 76 41 27 57 75 36 23 95 92 97
79 36 1 85 14 45 90 61 42 64 86 15 100 46 23 55 9 84 37 40 8 65 16 93 59 92 72 56 57 66 65 99 75 87 60 1 29 49 7 8 44 18 93 40 42 55 57 12 7 98 90 5
69 60 30 42 77 29 19 3 91 35 89 53 33 56 5 65 76 91 38 9 30 31 26 30 76 39 13 96 20 73 58 71 46 22 3 54 67 36 98 92 88 26 12 24 12 57 98 90 69 8 81 85
13 91 27 39 32 69 5 41 5 55 72 23 84 55 34 11 2 92 8 48 63 52 89 99 53 47 38 30 2 33 79 12 15 12 56 39 76 43 21 2 48 47 86 43 4 36 72 89 17 63 79 53
30 71 0 25 14 95 51 84 97 35 80 22 99 35 39 23 88 58 26 73 70 43 99 94 14 59 52 52 42 83 82 6 30 43 68 69 82 71 63 99 96 4 3 8 92 87 5 31 10 43 23 25
71 11 64 78 30 76 11 45 32 13 82 71 73 30 96 92 53 11 87 97 76 83 74 2 79 16 3 7 86 1 25 96 99 44 45 72 22 32 47 52 25 80 12 1 8 57 41 17 98 74 24 15
60 66 83 93 96 45 72 92 87 44 78 58 50 92 51 20 63 70 19 6 64 31 50 28 32 84 33 13 35 31 5 75 84 53 45 3 56 82 12 26 94 39 46 52 89 76 21 49 59 70 76 70
49 41 90 22 35 30 33 53 92 48 15 0 44 4 32 90 59 72 99 93 59 31 15 52 98 52 40 9 76 37 39 19 82 70 100 55 2 29 37 78 99 15 56 99 91 64 30 0 97 100 57 12
20 0 4 35 39 49 94 72 78 35 5 80 13 41 45 18 15 28 23 61 96 40 88 97 53 62 88 73 68 55 37 87 59 27 79 39 41 66 100 40 54 32 77 13 55 64 60 32 77 80 73 42
79 17 20 20 70 74 45 67 10 46 66 40 93 4 42 22 92 25 80 76 33 12 6 21 76 54 43 5 31 59 82 5 99 56 2 50 53 22 54 75 87 87 62 58 83 25 11 4 84 59 19 37
15 25 44 4 40 25 66 30 44 37 37 64 73 40 75 39 20 43 55 15 81 49 98 41 1 97 31 18 10 11 77 69 93 48 80 46 20 23 68 74 40 82 27 36 5 87 86 55 59 98 47 38
31 52 28 9 21 14 65 1 22 74 42 78 63 90 45 20 3 76 29 61 7 10 72 8 75 95 29 82 88 100 59 9 60 65 13 10 30 81 95 43 36 60 75 24 63 18 31 3 68 47 65 96
8 38 39 76 78 30 52 89 54 53 55 74 73 22 34 32 81 52 49 72 91 97 9 76 16 3 51 8 93 16 16 34 18 95 90 11 30 79 47 79 64 41 27 74 41 71 60 32 100 80 17 37
96 81 17 80 83 57 19 16 95 87 74 19 59 77 39 96 42 2 12 47 90 1 98 41 60 41 18 6 3 81 26 35 48 32 84 18 30 57 86 38 18 31 12 75 64 26 55 55 6 4 6 74
51 76 36 98 73 47 59 92 19 3 95 89 43 64 71 51 52 7 40 69 79 33 17 98 90 26 0 28 76 33 33 73 7 71 88 5 28 21 64 40 33 17 51 86 13 16 14 81 23 81 31 46
42 76 46 47 51 40 17 98 8 90 69 71 4 24 86 56 36 36 34 18 39 73 71 35 2 55 21 5 47 23 18 23 84 94 71 27 71 10 97 76 45 84 99 25 41 12 74 41 71 92 7 88
27 83 95 65 60 27 11 44 85 71 41 26 53 43 57 88 95 26 57 25 5 89 83 65 79 34 10 61 6 58 39 8 76 67 84 73 79 18 98 61 43 5 96 69 80 59 82 45 81 71 68 92
5 94 8 41 29 82 67 72 91 66 14 65 86 55 65 55 88 79 35 38 10 10 59 16 28 35 12 98 22 15 87 64 34 77 5 91 87 54 86 32 80 42 100 90 40 11 29 61 93 10 66 59
30 50 50 49 17 38 6 35 16 38 18 90 3 17 99 53 13 83 1 19 26 17 12 86 18 4 52 6 12 7 8 52 91 1 0 6 1 6 8 50 37 20 32 69 62 36 80 17 60 40 50 4
83 96 89 24 91 56 20 52 51 46 24 11 24 19 2 74 74 28 22 37 7 51 71 64 82 16 29 50 92 47 89 60 48 74 11 38 87 56 12 32 94 24 42 63 96 90 6 31 18 8 96 96
44 76 6 90 50 11 52 54 89 97 52 31 3 94 81 97 79 87 45 24 8 8 35 25 92 36 48 31 99 73 6 54 6 75 54 88 34 21 76 70 76 57 69 100 97 65 72 94 58 10 67 53
100 17 1 71 28 41 50 29 7 18 51 93 44 83 84 39 55 10 85 16 69 38 92 70 29 15 35 58 70 71 80 67 58 39 100 8 41 34 55 47 14 3 69 92 76 90 81 44 77 14 6 58
8 56 28 92 54 18 97 37 59 63 54 53 36 6 51 44 11 7 92 81 50 65 80 74 50 48 43 8 95 11 100 54 92 81 97 26 8 26 97 34 44 25 23 33 13 81 96 59 17 91 84 0
56 14 14 46 77 64 21 40 72 91 87 25 11 67 71 61 39 15 98 80 35 100 54 30 76 78 10 70 89 4 60 76 39 31 3 67 6 29 64 16 17 69 56 96 94 26 56 10 40 69 90 64
83 57 48 24 54 4 66 56 60 86 57 86 3 6 18 40 67 40 49 0 46 29 99 2 29 67 61 41 59 45 60 22 42 1 56 24 14 74 32 36 1 74 62 26 87 11 12 66 100 87 70 25
40 67 68 10 19 77 0 64 4 3 98 66 95 34 63 8 7 50 0 3 69 29 34 26 91 3 25 18 18 67 54 13 58 98 75 41 92 86 10 100 61 24 85 15 24 73 6 5 54 48 23 90
2 86 62 46 54 65 49 14 70 10 73 47 73 42 21 77 91 71 21 19 37 18 24 73 52 33 47 6 60 42 30 46 29 30 94 35 41 86 95 68 23 60 6 45 46 80 62 100 91 18 18 43
81 12 29 72 1 59 66 56 30 84 1 47 83 16 40 73 56 100 0 72 35 89 31 57 28 4 37 97 56 52 44 55 28 4 87 49 10 75 88 97 65 94 15 61 88 71 39 64 34 55 78 99
75 45 84 79 17 30 54 96 66 2 4 10 40 89 30 25 69 76 15 82 46 85 4 0 42 72 0 10 45 86 26 84 78 74 34 3 97 95 77 21 50 73 53 44 96 62 19 74 40 84 39 32
73 3 63 31 26 38 67 53 54 2 44 15 54 23 71 91 65 63 100 21 96 76 13 26 73 6 64 35 99 70 86 20 39 87 0 31 83 58 11 59 99 12 45 55 64 55 59 28 93 40 91 42
52 70 68 17 57 89 4 67 21 99 53 56 95 46 31 20 5 75 5 18 27 37 27 23 0 18 53 19 29 37 3 93 24 77 48 46 11 74 85 75 52 75 23 38 46 79 42 41 78 1 38 9
23 22 93 40 28 24 90 74 9 30 52 98 94 31 33 36 0 53 87 39 73 59 19 11 19 6 25 95 60 22 27 62 63 55 23 15 33 29 29 72 43 56 2 53 29 50 77 44 75 86 57 99
1 7 17 39 45 43 7 13 26 49 88 7 71 37 61 53 53 90 46 72 91 96 8 98 65 21 59 18 11 25 80 7 22 48 79 82 14 94 38 51 68 58 63 5 21 49 82 74 22 21 8 90
73 16 42 39 82 77 44 86 78 86 74 29 24 77 89 15 4 34 1 38 10 64 1 95 46 83 16 4 88 19 87 58 24 78 1 60 8 12 96 3 20 28 9 4 81 44 39 11 61 73 3 64
59 30 81 68 77 46 66 21 42 19 73 94 96 52 59 5 41 42 81 15 31 32 94 34 25 26 7 57 46 66 23 8 80 91 0 26 58 78 78 62 77 61 86 47 52 85 82 68 77 98 39 30
27 64 23 55 45 51 21 63 46 85 44 66 93 86 61 90 38 64 21 78 21 38 54 16 71 100 55 68 28 18 93 27 68 86 35 60 42 6 23 65 41 19 58 51 59 74 8 42 86 65 71 7
87 94 58 23 11 72 30 76 54 50 0 18 86 64 41 61 26 66 39 64 1 92 86 1 6 95 93 95 65 96 0 16 53 39 64 19 73 97 49 82 8 97 93 93 6 13 59 96 23 19 98 37
89 48 98 20 81 65 67 64 62 97 55 30 43 18 17 18 55 63 26 94 12 93 35 84 23 65 87 96 27 18 94 44 29 5 19 83 64 34 54 19 80 23 89 17 26 79 51 40 22 6 85 94
85 23 81 95 85 83 100 30 53 15 63 36 70 9 74 25 2 39 27 43 86 91 99 90 28 31 11 50 30 2 32 47 97 34 89 12 83 93 37 89 60 53 45 99 56 98 28 35 51 20 79 35
31 12 41 29 96 100 62 19 38 90 88 98 41 68 40 2 18 33 78 31 83 92 21 36 32 57 46 64 36 28 91 20 9 51 40 10 56 7 26 27 32 92 87 71 63 94 30 48 78 2 45 34
85 73 23 30 75 91 64 67 94 11 62 75 53 25 78 78 63 0 96 97 61 16 14 39 25 16 96 88 77 47 36 70 87 9 18 74 31 46 98 21 58 77 75 22 51 93 31 6 62 41 5 100
62 39 53 56 39 97 39 4 15 22 92 92 38 58 49 11 44 36 67 15 56 44 16 93 57 11 32 14 49 89 100 81 68 35 35 12 46 85 75 55 52 49 24 86 59 71 70 73 100 34 74 25
28 49 59 55 25 41 46 81 39 74 13 22 89 22 43 84 47 68 66 50 75 27 10 61 70 83 81 60 91 8 80 4 82 31 62 79 97 87 67 35 68 37 85 46 37 10 7 88 21 99 90 93
96 4 5 43 43 68 47 72 86 74 25 45 76 20 59 25 20 97 26 74 82 71 1 50 2 37 62 12 54 57 35 27 71 100 74 95 9 59 23 64 82 45 87 10 84 42 88 58 13 38 40 49
91 76 49 6 46 58 75 16 52 85 54 59 2 33 37 36 36 27 56 36 51 31 11 62 49 6 28 90 89 42 85 38 27 15 66 77 59 60 91 45 38 72 93 22 95 25 56 93 33 96 16 55
4 2 57 65 63 74 35 78 81 2 90 23 7 55 83 51 40 18 74 25 96 4 97 36 25 43 19 33 99 1 5 57 100 46 20 26 92 29 0 15 0 60 17 3 76 73 94 22 86 92 64 96
100 98 97 69 16 69 5 61 80 4 10 70 86 19 50 100 66 44 20 74 53 61 92 47 27 69 24 89 38 54 84 90 9 47 89 94 7 67 88 76 64 14 80 55 41 93 18 82 39 39 92 33
92 8 7 87 61 26 86 45 99 20 73 36 52 51 100 47 87 37 4 95 49 56 57 5 72 60 62 29 30 75 72 3 73 6 13 33 35 47 55 99 73 60 99 60 18 89 89 39 55 33 49 67
82 76 97 50 20 23 15 83 66 31 78 36 84 43 23 73 92 60 23 2 4 53 36 8 17 5 86 62 7 62 87 36 13 22 82 100 91 82 60 78 34 46 9 60 66 97 47 55 94 72 86 95
57 54 85 73 18 75 58 35 57 30 93 7 79 77 82 24 17 14 1 24 19 67 82 28 5 99 5 1 34 70 24 47 71 88 20 51 83 0 47 15 27 22 83 94 27 9 32 33 27 76 88 22
52 16 41 30 28 74 64 15 30 33 26 45 91 44 66 48 99 53 53 37 1 62 83 70 79 64 60 40 18 31 93 23 6 10 40 19 19 94 68 77 36 16 4 28 83 50 47 45 57 40 30 55
49 2 2 21 67 52 75 87 20 52 13 48 23 48 98 31 48 82 60 76 14 24 53 41 5 23 4 72 30 83 90 54 94 88 47 41 34 60 33 79 98 51 28 72 74 20 23 52 93 15 94 73
63 88 29 55 63 33 26 23 74 53 4 41 39 76 80 16 6 26 54 57 35 27 99 27 13 43 87 35 10 86 12 25 86 76 62 5 99 86 2 45 39 88 3 24 80 65 65 47 99 90 13 18
26 25 4 66 20 56 77 88 56 85 28 45 31 13 8 49 73 64 99 91 76 79 87 97 26 39 31 53 7 97 51 95 3 67 86 16 55 36 21 68 57 68 3 64 92 25 87 84 72 19 92 31
93 33 75 5 65 69 6 60 1 28 30 31 83 49 60 45 66 85 13 48 28 21 89 45 15 91 90 18 37 88 93 19 56 27 24 25 0 47 57 39 19 62 45 79 57 35 31 44 61 14 97 38
18 13 29 14 31 58 13 27 23 95 66 43 32 56 32 18 8 17 51 9 94 56 20 13 92 33 6 11 48 28 77 39 70 49 94 93 31 2 69 99 40 88 35 17 92 64 29 27 65 82 75 39
18 68 91 100 9 18 78 16 0 24 79 4 43 53 78 28 21 27 44 67 57 13 16 6 20 33 98 55 31 92 67 44 6 11 61 83 99 15 38 2 72 96 29 69 61 63 8 82 81 25 64 89
29 82 20 75 51 100 72 3 27 64 86 68 30 92 1 89 45 12 81 55 66 80 76 80 23 100 16 6 23 9 72 93 23 62 2 21 83 22 37 57 16 82 14 36 69 60 9 11 73 53 24 55
66 76 72 50 64 13 84 65 88 45 88 43 80 17 60 88 46 79 17 25 25 55 100 24 4 60 57 30 44 55 5 47 23 53 35 1 87 36 54 12 33 24 77 40 91 9 17 12 64 8 77 28
6 16 93 38 41 32 2 20 40 19 73 68 34 15 25 37 95 19 1 67 12 80 12 57 77 83 97 90 27 86 33 78 29 66 47 27 85 29 5 71 84 95 7 51 13 14 56 75 60 73 21 45
32 29 85 5 25 13 85 80 55 45 23 72 81 72 69 73 39 99 3 75 79 78 90 11 48 83 32 39 67 93 65 93 36 4 34 47 39 92 96 12 61 80 64 25 18 93 54 43 92 41 63 90
45 58 87 25 67 59 30 7 62 8 73 17 26 85 27 33 40 89 61 26 48 75 87 51 13 27 84 48 95 67 22 51 15 24 45 40 21 69 52 33 46 12 51 85 72 48 99 24 74 53 1 41
12 4 95 52 83 59 83 71 32 83 0 88 26 90 20 10 49 8 87 64 45 7 74 81 59 60 67 43 0 6 60 65 96 60 12 26 94 54 57 69 16 28 91 99 78 85 94 41 32 51 8 0
95 98 50 100 53 21 87 84 40 31 73 41 52 77 11 28 67 98 58 43 8 72 42 65 44 30 15 19 70 11 89 81 13 16 24 33 62 100 68 28 54 7 34 18 79 46 50 55 11 66 13 92
61 0 53 53 53 44 54 14 20 32 8 87 0 94 13 88 6 93 23 62 65 26 10 37 75 78 94 100 32 86 82 94 76 87 46 30 19 1 73 13 2 26 66 19 69 81 9 18 96 10 85 2
29 82 62 65 74 18 37 86 89 89 26 2 17 69 78 39 79 59 66 31 45 82 73 55 14 84 40 49 26 92 21 21 78 53 66 93 72 31 91 72 82 40 31 23 76 21 42 96 90 74 69 28
94 72 66 18 54 91 90 91 17 34 60 65 71 84 12 91 83 55 39 59 7 62 17 72 56 63 74 52 25 26 23 7 92 84 88 5 85 46 75 15 6 42 39 9 34 5 83 60 82 41 61 24
98 64 43 45 73 32 70 71 1 35 69 64 97 9 98 48 17 0 11 7 100 15 45 60 60 8 44 5 99 58 71 20 66 59 47 81 72 93 70 27 63 50 58 82 90 41 42 86 31 12 20 41
