30 512
84 49 38 31 60 11 90 73 31 88 23 69 3 67 36 53 64 63 55 59 18 71 62 72 5 23 53 69 38 83
16 69 36 83 91 63 63 66 66 64 18 88 85 68 65 32 15 45 62 33 17 51 38 52 4 58 84 72 3 90
19 42 70 37 64 64 90 13 41 3 39 94 96 92 84 5 24 96 72 74 48 87 58 54 75 30 53 0 61 87
26 71 35 66 92 98 46 61 5 26 50 42 54 0 75 44 18 16 42 77 84 7 52 7 29 68 68 73 64 3
24 98 58 49 42 39 56 91 61 7 57 8 35 19 11 93 6 0 55 52 23 5 71 78 91 78 25 39 93 100
28 23 6 77 85 65 97 32 80 44 25 42 47 99 4 11 58 94 76 8 54 29 3 56 75 84 55 61 68 85
63 43 25 92 100 94 72 78 33 9 49 57 8 30 13 23 80 33 82 39 56 18 46 63 8 95 59 100 23 78
90 52 88 60 94 69 52 24 89 48 2 84 41 6 55 86 0 51 40 45 71 44 58 94 71 89 34 5 46 90
7 18 35 53 89 25 83 88 38 25 82 94 9 33 94 17 15 19 39 62 38 79 90 3 81 46 85 41 28 2
28 88 2 71 32 40 49 40 47 64 0 35 26 85 75 15 24 62 98 71 65 59 37 88 2 68 33 11 16 9
31 84 79 61 19 4 14 25 53 52 24 18 72 39 37 12 66 72 23 17 88 99 87 52 34 51 69 55 48 92
50 65 50 89 25 8 7 77 34 95 71 9 65 49 22 6 8 55 10 56 77 39 8 34 82 16 50 64 9 29
0 11 48 50 14 93 61 69 52 45 96 51 89 33 45 45 32 100 72 92 1 62 18 92 66 90 57 56 25 50
12 36 38 90 6 21 23 7 11 0 82 17 73 77 41 14 85 95 74 14 64 41 62 49 2 22 32 42 64 2
37 5 29 12 62 95 86 66 54 80 83 38 68 18 48 78 33 52 53 87 99 23 63 69 71 41 12 98 0 75
89 3 54 4 46 37 48 9 25 100 6 20 53 73 67 93 67 67 36 42 96 32 37 43 56 96 95 78 50 5
58 45 47 23 15 46 42 95 39 1 15 44 31 46 28 71 93 32 22 46 15 44 81 69 66 14 8 52 30 83
59 82 57 56 83 47 9 89 59 35 43 69 61 45 63 12 39 31 45 56 70 55 40 26 64 86 32 22 2 1
56 62 92 78 79 33 59 12 61 68 82 18 74 97 73 36 98 82 59 82 50 57 88 58 49 23 46 45 84 65
53 13 67 3 94 70 51 41 68 100 33 6 25 84 38 27 72 85 12 14 75 18 64 87 12 40 16 7 61 1
66 3 57 14 90 93 35 70 45 38 94 53 2 15 13 5 96 52 96 65 98 95 97 82 64 90 82 98 86 61
43 13 67 11 43 2 12 63 65 41 22 79 1 45 90 45 13 97 11 16 44 53 72 100 89 58 24 55 81 73
96 60 22 95 58 58 5 63 60 41 75 63 51 42 56 80 54 42 66 2 1 68 96 55 91 79 45 67 40 2
20 30 65 70 68 5 56 92 65 27 34 92 45 79 32 90 38 74 65 76 74 95 72 46 97 5 65 9 94 75
38 55 98 81 42 82 89 6 35 50 59 88 83 68 95 40 51 62 69 33 65 44 90 46 50 49 90 0 47 57
29 90 18 92 74 52 3 65 65 67 32 87 98 54 2 17 61 12 25 14 88 80 62 95 70 13 45 67 34 28
65 81 20 52 6 36 14 34 81 94 57 64 7 38 50 9 25 71 14 96 51 51 29 15 97 4 93 93 46 13
49 24 88 85 41 43 26 43 14 52 75 49 75 0 58 46 56 50 15 67 78 5 21 77 32 13 62 88 4 64
26 9 77 41 45 23 58 100 80 70 91 41 100 21 79 41 63 90 45 30 61 90 39 0 58 59 43 75 0 92
96 35 95 94 67 92 31 96 69 61 34 84 75 9 24 17 30 57 82 99 38 11 17 56 58 30 99 76 11 14
1 30 69 59 71 86 96 50 31 5 50 87 59 8 50 33 46 46 43 6 78 4 22 26 34 10 69 18 5 78
83 38 55 81 11 76 15 2 65 10 81 52 47 78 59 54 51 82 71 10 37 5 99 48 2 7 28 73 52 18
95 89 15 82 67 11 24 32 85 53 31 52 22 42 51 53 70 18 76 55 61 20 80 9 2 86 76 49 18 84
11 38 45 80 98 81 96 73 21 41 67 45 34 97 58 82 95 78 22 85 67 25 82 77 14 67 6 67 80 71
9 26 47 53 75 9 46 63 2 3 13 5 38 40 2 38 83 6 83 71 41 21 44 62 95 38 42 27 9 23
62 67 33 87 81 42 62 86 16 8 5 14 58 63 54 97 87 85 100 31 91 44 49 76 90 91 94 62 100 44
20 73 45 23 67 82 71 53 96 55 37 65 73 93 5 29 44 56 7 13 38 4 62 38 17 97 39 49 75 8
90 48 4 39 63 65 81 87 43 36 2 78 81 31 48 97 47 4 68 3 43 36 100 50 49 58 15 7 12 62
8 35 29 14 43 64 48 68 20 12 52 79 85 89 75 14 91 6 96 81 92 74 20 7 7 38 29 40 81 0
19 55 16 79 16 45 84 90 66 23 99 22 5 58 27 58 61 12 43 10 65 48 30 35 57 48 44 54 48 31
17 11 13 71 20 7 28 12 32 25 28 39 40 77 16 13 9 26 39 71 76 47 81 66 76 90 73 60 44 75
77 56 82 66 6 68 71 73 50 50 22 61 92 63 86 8 71 62 56 66 74 95 67 80 5 18 92 17 65 95
65 32 4 74 29 41 40 67 80 68 10 69 81 60 20 96 26 59 41 7 44 86 78 66 84 100 79 74 74 90
76 0 64 86 64 69 36 90 32 70 99 93 28 70 9 98 60 20 68 58 0 69 51 17 56 72 14 23 68 90
8 44 19 72 30 56 96 38 89 89 86 33 23 95 74 99 49 54 29 68 47 75 86 69 41 88 43 9 100 100
78 85 48 81 6 82 22 78 33 17 97 33 4 38 21 52 39 12 61 25 79 77 65 10 93 81 39 73 50 68
81 52 60 48 12 34 32 75 9 37 85 95 54 18 12 69 72 47 98 0 67 22 50 7 84 15 12 28 16 22
60 74 30 51 84 78 91 84 98 61 20 100 74 70 7 72 59 69 9 73 62 11 65 63 26 59 9 45 96 88
3 50 60 52 88 48 51 50 81 65 95 80 75 82 17 14 44 19 30 77 39 88 46 81 68 28 51 18 26 12
51 36 58 44 3 41 91 17 45 5 19 90 60 2 82 28 24 94 71 5 48 17 3 43 61 26 33 68 91 0
44 92 15 67 43 90 62 4 76 84 31 7 95 58 9 94 12 10 35 98 80 77 95 13 78 66 45 55 52 10
98 69 2 75 27 86 1 91 98 17 42 66 96 96 47 66 88 29 70 99 16 18 41 100 29 17 42 64 72 49
78 49 3 44 48 22 82 27 68 75 27 52 5 57 28 24 63 81 72 19 84 50 11 40 62 98 12 37 51 26
100 23 38 25 12 94 69 4 71 33 74 59 75 40 62 91 80 85 62 38 58 80 10 5 94 99 41 6 67 2
73 85 40 27 2 65 43 61 90 61 93 56 39 96 52 100 45 60 69 65 96 80 45 58 40 14 38 81 81 44
100 37 68 3 57 20 16 53 96 85 44 22 7 31 6 66 36 71 19 39 78 10 35 62 42 63 40 34 7 15
76 98 78 90 31 33 98 30 37 97 50 29 48 64 82 68 61 59 80 32 15 20 83 61 38 3 76 60 81 32
34 95 20 4 43 48 10 60 31 100 83 69 91 63 73 3 34 23 62 58 86 63 31 27 42 40 28 92 99 87
28 43 2 34 16 32 58 36 83 46 73 92 96 45 77 23 4 12 15 47 57 2 77 60 13 88 98 100 40 38
97 82 80 90 40 16 68 86 40 76 5 81 98 62 32 1 32 36 19 98 66 67 7 11 21 31 44 87 83 28
41 7 42 45 27 61 70 58 13 10 70 36 29 13 5 45 31 100 83 0 46 72 77 26 41 32 68 1 83 37
33 36 19 70 41 25 80 98 22 85 27 26 82 73 58 30 55 47 19 70 10 100 16 87 19 7 17 81 29 45
9 3 92 97 68 63 87 77 91 34 29 20 43 63 55 3 61 88 66 52 81 30 66 97 27 54 48 44 34 74
46 54 91 32 29 74 83 32 71 80 2 23 0 20 40 76 47 77 90 32 86 90 36 65 50 13 59 77 74 88
69 1 3 50 84 34 89 60 73 63 36 89 96 58 53 35 6 43 43 30 67 50 95 80 61 91 42 88 65 66
26 76 100 10 82 25 16 93 22 18 56 35 16 25 33 35 4 86 28 29 57 92 95 36 45 38 60 75 80 75
99 38 78 13 8 46 78 2 85 80 2 61 98 23 13 78 1 54 34 75 56 31 90 76 47 54 10 77 9 60
52 24 7 72 54 94 9 12 31 24 52 5 93 94 59 77 3 74 90 25 46 58 24 96 29 16 15 56 59 73
43 31 6 47 95 95 51 43 92 49 64 48 2 89 53 59 26 64 90 65 78 33 58 51 82 64 66 23 84 36
71 43 3 84 66 94 79 13 2 51 30 41 59 54 63 83 95 40 18 89 75 15 5 65 71 34 50 41 21 20
93 7 47 2 41 64 24 11 90 26 33 11 15 8 81 18 39 52 73 44 57 46 73 18 65 83 20 64 13 53
43 39 95 4 6 7 87 30 34 6 89 64 43 31 19 49 7 20 92 36 100 38 93 7 5 97 40 80 51 22
91 56 68 67 50 1 9 42 71 52 97 44 92 21 81 55 89 22 87 36 89 89 64 32 28 77 88 37 63 79
89 85 78 66 28 98 30 55 68 97 55 24 32 90 25 5 65 11 50 22 67 92 21 11 73 6 46 97 8 29
31 92 84 59 36 25 31 90 16 87 56 42 72 72 49 86 41 97 93 85 8 24 81 81 75 57 66 75 74 21
82 30 97 47 20 37 10 18 43 1 100 95 34 11 59 23 2 93 84 17 17 19 26 13 15 90 11 13 87 30
51 92 1 72 43 18 93 83 24 36 22 34 70 29 40 26 25 20 47 49 56 60 26 42 23 73 46 65 72 40
24 91 24 21 0 99 95 75 96 73 57 96 44 50 61 76 83 18 81 0 98 0 67 100 85 85 2 48 82 49
99 12 24 39 12 95 43 60 78 82 58 26 43 51 39 17 8 78 62 88 32 21 41 77 89 46 30 76 60 19
79 18 18 90 68 23 43 99 18 42 69 65 94 29 11 85 54 80 21 74 46 31 100 89 29 65 35 65 63 31
12 51 47 85 28 2 89 50 68 99 48 10 90 81 97 91 18 18 19 36 13 30 64 48 91 47 28 52 53 51
34 90 95 81 42 80 58 41 71 32 56 26 4 8 95 50 23 51 9 87 57 18 48 55 61 96 72 69 21 41
73 63 0 41 75 54 27 93 77 27 39 55 3 70 49 86 32 89 5 82 23 6 34 33 100 22 62 54 67 73
3 83 81 88 34 89 53 12 42 15 43 69 86 16 1 24 1 80 40 33 49 34 4 96 28 10 97 67 16 99
26 91 71 100 25 97 46 2 98 44 78 10 63 72 96 40 71 59 100 18 17 95 2 25 70 41 60 17 23 43
70 38 18 62 76 22 28 41 55 50 27 44 66 35 87 36 90 75 55 56 72 38 76 34 3 79 24 5 19 40
82 2 92 55 61 62 3 62 23 26 89 51 63 9 9 17 19 72 66 73 30 59 48 68 67 8 57 8 87 45
31 34 27 23 97 33 18 46 46 43 45 27 5 93 95 54 34 54 37 1 8 90 12 91 78 38 11 42 8 47
92 16 39 68 84 90 29 87 72 39 100 6 87 6 23 34 53 80 26 86 68 81 75 21 29 53 42 32 58 16
67 68 87 57 84 26 48 41 96 61 14 61 1 0 4 12 77 85 90 30 70 20 26 7 69 91 60 77 5 72
96 3 53 98 54 8 61 7 80 51 94 50 20 65 55 74 42 22 30 24 65 51 52 77 27 78 85 51 73 38
65 17 32 5 20 67 67 99 32 92 25 95 11 73 19 50 50 52 16 44 57 90 98 12 41 95 73 96 23 38
95 38 97 77 29 80 52 100 36 42 94 83 91 87 26 35 100 10 65 78 16 74 74 80 7 3 45 29 39 40
82 88 7 79 94 79 70 63 6 17 38 20 78 96 57 89 31 65 90 48 69 76 85 18 19 56 69 27 57 6
67 32 93 91 17 1 99 21 84 93 14 91 1 73 75 92 38 53 77 39 44 41 58 97 70 28 29 31 12 93
21 40 53 91 50 50 26 24 55 70 72 55 49 33 47 15 59 21 30 81 33 16 98 98 83 78 0 26 44 89
59 7 25 44 52 79 75 51 99 38 9 88 11 49 76 66 8 87 52 16 21 75 10 82 47 17 87 51 32 41
20 91 97 10 14 74 28 12 59 50 55 87 4 22 2 61 7 17 34 45 94 36 92 15 38 63 52 14 94 83
73 41 41 4 42 99 27 84 25 49 60 0 16 81 36 43 92 65 84 70 68 28 66 46 26 26 17 51 84 36
36 10 68 7 18 22 100 32 30 17 75 39 68 85 9 81 22 31 89 64 8 34 94 17 37 83 16 90 90 53
34 62 68 76 31 68 98 91 61 23 21 98 14 42 14 44 64 83 87 51 70 2 2 84 29 81 22 83 84 12
39 58 72 8 4 42 91 2 78 64 26 44 11 72 53 8 4 53 68 74 17 90 9 6 72 78 20 96 55 39
10 86 98 30 52 96 13 5 44 7 70 90 96 94 20 65 74 20 24 57 36 81 24 59 6 50 28 35 69 96
13 4 15 44 73 13 68 17 11 79 93 9 27 92 87 82 72 33 67 94 54 19 77 98 71 77 28 62 46 31
61 5 40 98 43 71 47 18 87 59 89 93 39 33 27 60 22 44 16 77 100 4 28 59 34 72 53 58 2 29
80 99 18 97 70 73 4 62 3 38 1 44 88 81 59 46 10 48 6 81 12 13 46 29 64 15 85 78 3 50
84 36 11 80 83 26 15 95 37 4 100 82 8 81 78 74 15 57 26 14 20 86 61 87 8 37 21 92 77 94
55 57 81 27 28 78 58 37 90 44 50 85 76 2 3 16 26 3 54 57 14 73 100 36 9 10 90 59 57 37
63 77 56 53 77 76 8 19 18 56 84 96 60 12 56 31 79 52 35 98 30 17 75 82 48 75 49 79 73 24
2 34 49 63 18 56 42 32 19 75 95 60 19 82 29 85 10 66 74 79 56 20 81 1 3 86 78 53 65 61
43 58 80 45 74 41 93 21 19 90 53 7 79 60 28 59 35 12 47 47 22 26 91 20 37 21 42 80 38 30
95 34 11 8 12 41 97 3 16 92 91 86 6 49 15 81 36 12 70 2 44 4 16 8 83 3 20 24 18 99
29 76 95 61 47 54 12 19 44 76 9 29 9 16 40 75 37 20 83 81 24 11 7 48 32 2 27 3 60 33
20 36 32 55 91 48 2 17 21 23 61 31 79 6 19 50 99 96 85 85 90 13 73 40 65 16 94 65 19 1
83 25 12 16 85 81 81 62 54 43 52 49 72 91 56 76 18 33 18 85 95 10 86 71 5 7 40 95 86 46
59 47 50 29 36 82 70 37 11 54 87 65 56 2 25 29 82 1 66 21 46 78 70 82 52 77 91 73 58 34
73 70 55 34 38 34 98 70 71 90 76 69 7 42 97 0 43 50 80 62 83 20 73 47 78 72 43 4 82 1
46 81 94 68 10 43 7 89 2 57 22 67 62 12 21 5 20 2 42 32 2 94 41 42 33 41 15 7 13 43
48 68 10 48 100 74 62 63 54 86 98 78 92 50 12 23 74 70 93 56 2 67 21 76 56 19 81 29 3 8
62 61 76 96 35 34 19 64 71 54 54 57 82 6 24 27 0 78 16 59 76 66 54 8 79 47 84 19 4 97
18 39 73 81 99 46 49 19 93 61 49 54 4 97 44 60 52 27 53 10 6 62 3 54 30 32 0 24 89 37
77 46 79 66 71 94 5 98 74 49 68 27 65 68 77 33 64 17 54 64 29 44 31 68 53 43 88 36 55 39
71 53 46 72 39 88 2 10 2 44 70 73 93 46 44 26 13 39 11 70 85 24 50 15 38 50 61 32 30 57
97 21 0 37 35 97 38 44 99 54 11 36 54 5 83 1 86 87 49 10 43 73 39 39 70 61 57 12 41 56
24 47 42 26 96 82 80 54 27 44 46 71 59 1 62 0 65 61 9 89 100 98 33 11 8 50 13 35 58 63
57 44 58 96 53 93 87 48 72 2 4 59 35 47 43 6 81 23 32 7 77 98 38 25 77 67 6 68 69 26
43 18 31 87 73 84 28 12 57 10 90 0 86 30 4 20 100 44 37 94 65 14 75 91 39 64 71 70 34 70
11 67 59 75 65 83 98 50 88 53 5 71 23 24 93 81 34 0 88 12 47 92 86 74 21 52 52 71 18 47
100 82 64 46 21 60 71 41 10 95 4 84 78 53 93 32 89 69 68 51 57 19 66 46 50 59 92 49 20 20
15 40 62 79 15 31 20 35 90 61 24 39 90 31 54 38 47 15 54 29 61 50 52 100 60 47 9 43 0 99
53 81 53 85 42 19 37 45 78 83 85 77 95 52 19 37 100 8 63 6 52 12 82 76 21 39 60 90 40 65
42 45 46 88 27 17 43 52 60 10 17 2 14 53 23 26 5 4 30 63 60 44 18 41 75 69 44 83 66 60
58 90 23 52 10 90 58 57 79 13 95 83 43 81 12 41 32 12 90 31 9 56 28 8 80 37 12 86 37 73
18 99 50 20 11 55 69 19 89 19 14 64 99 97 42 70 2 62 53 88 62 30 46 46 85 38 51 16 58 64
62 51 2 83 70 68 45 68 58 37 80 60 27 90 58 81 59 80 84 39 65 14 0 99 78 15 9 78 100 3
89 1 48 24 26 92 37 75 70 89 6 28 31 41 97 81 2 8 69 3 78 57 12 24 79 15 73 27 84 39
56 7 34 76 6 15 35 9 62 55 87 24 33 49 1 23 72 65 98 42 28 6 96 83 39 77 27 36 51 64
42 90 6 46 16 36 99 81 67 32 28 38 79 82 65 45 89 58 87 81 81 8 10 51 51 41 73 1 88 94
71 27 63 54 90 32 76 22 66 3 90 61 10 48 25 89 59 88 69 15 41 22 41 34 76 73 77 70 65 79
3 25 59 12 6 1 67 95 36 17 37 45 70 7 99 59 89 56 32 77 32 18 94 34 70 58 72 27 9 6
66 67 40 48 12 76 21 19 70 97 19 36 35 52 65 78 54 58 46 23 11 39 86 44 80 13 42 49 67 48
1 30 85 12 79 39 48 94 89 31 34 89 21 14 31 27 0 36 40 10 70 65 22 75 85 67 38 44 86 11
87 90 8 17 72 89 35 92 58 69 71 8 12 73 60 3 92 0 40 20 80 43 34 26 19 94 82 88 84 36
23 19 29 62 23 3 33 2 29 96 100 89 0 83 27 18 89 97 94 54 42 33 46 82 24 63 14 50 92 88
74 66 62 81 86 53 19 25 9 35 31 43 20 16 70 13 7 56 44 41 38 12 1 0 90 100 50 53 13 95
93 44 98 4 92 15 32 79 2 65 23 46 86 56 37 13 99 9 55 97 0 77 68 66 20 81 41 17 45 95
21 76 52 64 47 6 76 47 15 57 43 95 77 39 2 24 3 10 51 23 94 6 34 53 79 61 26 54 98 75
78 87 72 7 18 61 12 14 52 94 66 46 85 95 21 62 9 10 96 17 65 11 90 47 16 89 96 82 76 50
6 49 77 77 50 72 33 62 65 54 60 24 3 74 72 18 2 90 59 83 8 42 58 59 54 94 76 56 39 65
59 9 78 2 42 11 74 57 97 26 40 71 60 71 53 49 89 50 20 85 39 46 21 35 5 17 3 43 66 91
50 87 73 33 56 27 27 78 81 56 10 8 19 13 63 75 18 31 36 29 99 51 5 25 81 90 14 100 99 62
2 93 55 57 79 47 64 51 70 42 36 81 86 14 47 57 21 79 27 86 15 34 12 73 19 98 62 5 61 61
64 28 24 6 9 29 82 30 61 53 73 72 50 33 58 37 86 78 25 12 0 72 19 80 46 1 82 84 47 67
81 83 2 58 25 96 30 82 77 45 85 24 40 71 2 88 1 22 85 64 60 70 54 53 81 32 23 75 27 69
98 21 83 17 16 65 30 86 91 60 92 25 59 24 48 50 34 32 15 19 62 82 28 37 41 46 38 34 89 42
76 78 23 93 50 70 67 92 35 58 46 36 87 35 53 43 86 72 2 45 87 72 6 41 14 9 13 3 67 14
0 67 82 31 3 41 22 69 29 5 38 49 90 75 73 88 81 76 62 58 26 33 74 97 16 92 68 32 8 70
49 55 36 3 67 85 25 21 94 41 86 2 47 72 79 64 46 12 16 35 71 58 57 25 64 78 17 66 12 28
91 28 78 62 83 26 16 90 2 25 21 93 36 54 48 78 4 31 17 33 66 76 7 51 69 96 27 12 62 92
7 55 26 100 67 2 15 1 92 54 43 40 27 43 21 68 28 44 0 82 87 100 24 74 53 90 69 77 63 97
81 61 10 91 69 0 92 52 61 71 16 65 2 15 73 0 62 1 60 45 20 50 12 39 45 19 66 82 32 18
64 52 34 53 81 39 50 17 29 22 44 42 64 45 25 2 87 52 92 96 77 72 12 68 86 7 18 57 48 62
51 29 47 62 44 92 68 20 5 68 84 81 67 69 17 95 70 29 69 71 21 85 44 50 5 52 77 43 64 51
50 9 12 59 44 47 9 66 32 3 9 4 78 29 86 95 65 85 98 27 69 92 20 56 53 96 54 24 56 88
12 87 37 41 10 52 58 60 76 89 83 77 71 55 28 46 83 51 67 2 98 68 19 74 66 50 93 18 90 34
49 82 75 52 50 43 32 63 89 76 89 8 39 2 37 84 55 14 70 51 73 89 61 36 46 68 2 11 37 6
67 39 46 16 49 0 91 72 66 65 6 61 7 7 88 59 90 23 52 93 57 50 39 83 56 97 71 75 47 46
35 49 59 33 29 63 5 22 40 82 80 25 80 92 47 82 89 59 100 36 43 12 15 6 98 56 35 11 1 59
86 58 36 19 71 73 67 74 76 80 73 90 40 35 61 81 35 63 47 96 67 53 2 73 77 14 7 93 19 18
76 45 56 69 12 66 13 54 13 2 85 70 72 67 45 68 36 89 8 93 46 50 79 92 42 71 20 13 92 84
9 36 21 85 52 65 79 5 14 63 63 98 61 35 98 78 53 47 84 54 75 46 67 16 6 73 6 55 90 27
38 20 72 41 81 88 78 100 23 45 5 95 63 20 74 6 31 86 17 27 33 50 93 83 31 84 62 77 37 76
3 69 44 70 30 9 13 50 69 26 29 56 36 20 60 78 28 49 49 54 95 31 28 41 81 34 48 49 79 27
57 67 13 77 21 56 44 34 40 70 0 70 62 26 14 18 2 54 21 14 91 8 2 47 35 3 6 97 47 32
9 82 11 85 28 5 15 25 54 40 45 6 55 82 8 45 47 92 0 87 97 63 54 34 23 58 3 86 39 9
43 39 18 92 47 84 42 67 43 86 59 34 8 51 46 77 35 24 23 52 13 12 29 27 48 77 67 33 44 15
21 23 5 38 8 61 46 82 85 47 36 17 52 41 74 56 8 8 100 70 58 71 22 52 13 7 35 63 5 48
54 100 68 78 51 5 27 18 87 85 7 14 59 39 52 8 3 27 25 88 33 69 81 40 38 13 45 78 62 1
20 10 72 5 65 51 7 32 44 82 90 82 29 52 71 52 96 59 92 12 77 23 12 92 46 94 67 91 47 87
98 64 23 37 86 52 56 70 95 93 88 21 76 43 82 1 35 72 72 6 99 51 16 50 80 100 13 40 42 94
51 28 16 60 24 43 66 51 3 84 69 41 54 97 85 0 50 80 14 3 94 20 16 50 27 59 89 18 98 83
85 7 3 32 39 20 97 69 23 44 92 99 96 14 81 85 89 57 35 95 27 76 76 95 27 79 96 17 49 87
21 23 45 91 59 48 74 73 24 44 6 20 45 11 31 62 32 76 61 41 69 24 71 99 70 67 17 69 22 14
3 74 22 54 83 7 99 5 30 73 47 57 79 23 55 56 26 74 61 77 26 41 36 23 46 38 76 9 41 21
20 36 87 1 94 80 40 83 91 68 67 95 17 92 98 6 16 44 75 93 35 10 92 1 67 68 69 10 51 42
85 74 14 14 77 33 57 36 89 58 12 56 28 12 36 49 53 94 74 21 37 39 68 83 51 26 93 12 99 55
70 26 23 38 30 72 3 25 70 66 87 46 84 79 73 21 36 0 32 53 16 37 28 38 26 95 93 21 57 100
41 14 0 16 29 15 73 28 33 47 33 79 49 39 59 59 12 8 96 55 59 92 17 80 83 39 44 46 4 43
33 12 0 59 34 20 57 79 33 13 28 45 99 16 9 13 28 99 45 4 53 66 18 51 99 60 43 6 37 74
9 31 45 55 85 46 60 17 64 72 69 45 42 77 69 63 6 3 93 18 67 53 58 58 84 100 33 82 59 2
49 87 81 29 13 87 88 78 64 94 41 8 35 5 54 17 75 87 15 46 69 74 95 62 61 3 74 93 8 62
43 100 27 88 98 8 70 59 3 23 9 64 76 66 84 13 100 97 5 58 25 46 22 80 98 50 93 93 85 37
22 85 32 3 97 29 77 46 75 15 46 83 69 55 83 4 35 21 42 92 85 62 16 31 61 30 45 64 33 8
60 95 98 70 99 89 44 8 32 75 56 73 87 39 75 93 67 79 46 78 63 81 95 7 66 21 8 2 46 53
87 9 74 33 62 69 54 86 34 48 75 47 95 96 9 30 52 78 50 7 59 39 16 92 64 34 17 37 68 20
64 53 68 57 32 51 16 70 70 27 43 18 67 52 66 30 48 62 47 66 29 1 68 49 52 52 25 31 1 33
70 57 70 85 23 60 28 45 31 3 99 99 38 71 81 58 95 95 9 3 68 37 5 96 24 72 43 6 5 69
28 55 46 74 16 91 6 24 9 64 19 81 7 16 59 20 3 86 11 92 63 55 80 99 18 67 4 56 95 85
2 80 53 43 97 18 3 58 2 52 3 9 37 23 11 0 55 99 49 10 81 8 39 59 71 92 8 83 34 99
48 42 74 7 14 23 38 15 13 5 50 48 33 77 48 74 71 14 2 92 65 46 21 32 63 36 47 3 74 7
24 31 86 17 76 74 83 32 90 37 38 97 100 79 53 25 37 34 74 39 20 71 5 64 11 9 95 96 14 39
36 89 26 18 42 13 8 18 61 57 12 44 65 8 81 76 53 69 11 12 95 15 77 95 97 80 82 8 89 52
24 27 39 4 0 4 36 61 76 35 62 6 28 74 64 75 5 79 99 58 50 77 17 56 18 45 15 38 84 11
77 61 93 4 47 59 72 67 15 63 31 54 26 87 31 6 74 70 13 91 4 6 59 66 5 83 15 80 25 24
40 39 50 6 42 29 91 6 24 17 100 7 56 72 17 87 52 82 66 56 97 92 7 32 74 99 1 30 92 16
24 21 0 27 30 51 68 34 87 40 85 74 78 45 36 20 15 25 84 39 61 87 21 35 62 74 69 57 45 95
91 47 92 76 51 67 72 96 19 19 3 24 4 51 52 46 69 82 53 76 36 47 97 40 71 61 83 7 14 96
78 36 49 9 31 10 19 70 73 5 68 1 84 59 34 17 3 7 35 55 76 0 51 6 57 58 45 26 12 48
10 25 32 86 91 8 77 47 58 84 77 2 50 1 90 27 48 76 94 11 1 22 1 42 68 74 82 66 23 63
20 46 55 66 53 62 69 68 14 9 0 9 22 31 55 9 46 38 42 58 17 4 71 44 8 50 4 85 48 10
96 82 51 15 17 89 93 8 89 83 27 63 94 39 9 72 68 75 78 66 81 21 21 11 33 90 99 98 49 93
16 27 88 91 35 74 4 51 75 17 69 56 25 19 27 99 48 41 79 30 6 49 91 80 52 43 0 62 28 75
40 16 5 15 33 56 86 37 98 43 25 48 41 61 73 32 22 60 71 50 39 70 61 11 54 0 59 50 32 84
47 35 24 25 64 45 54 4 65 96 37 78 28 48 98 58 20 52 52 45 15 72 85 34 32 19 66 76 52 85
99 39 22 20 69 19 62 6 71 38 40 26 75 57 56 4 37 40 34 65 24 60 58 65 21 27 97 27 35 83
87 5 45 0 41 49 26 42 13 53 71 93 39 11 14 37 0 27 90 30 4 100 4 23 14 12 34 61 7 100
56 56 76 7 25 81 91 63 57 85 42 83 72 30 6 57 60 92 56 97 100 34 21 86 72 88 33 46 68 68
15 67 21 26 41 69 49 53 25 29 87 91 29 66 70 99 7 70 79 30 27 29 78 46 25 72 5 14 67 27
78 61 48 81 49 45 18 30 30 12 58 49 21 44 11 11 4 2 4 41 58 42 56 30 1 65 13 95 58 8
61 77 35 7 9 80 42 84 46 78 61 93 28 90 4 37 19 98 4 1 67 71 63 1 96 71 91 74 60 30
33 74 41 78 89 68 14 12 81 8 3 36 1 62 64 90 23 1 59 89 81 60 99 4 98 62 42 93 99 90
75 43 0 50 78 49 10 25 75 86 13 64 82 41 85 52 83 42 13 67 83 27 43 17 73 79 49 42 91 57
45 48 85 43 94 95 59 62 82 86 57 51 10 67 81 86 55 66 87 43 20 52 79 28 64 53 97 58 35 5
79 60 6 56 24 15 82 5 71 27 7 30 23 28 20 59 10 42 97 56 44 45 78 7 20 68 14 78 72 42
5 17 11 10 33 6 37 76 17 17 61 37 2 91 6 68 8 31 18 61 0 27 84 23 39 17 23 99 76 68
44 64 97 33 28 15 6 41 45 64 54 21 49 4 62 77 87 86 81 75 81 88 54 39 81 81 86 44 67 45
39 88 47 42 24 20 25 8 64 53 18 94 41 96 38 91 38 0 92 83 68 1 34 29 96 39 92 65 76 87
45 83 26 69 0 37 49 7 64 82 17 93 53 99 67 95 69 18 14 69 87 61 67 37 96 93 73 21 3 70
20 99 19 7 55 71 37 79 34 47 59 13 24 99 57 100 65 64 56 6 37 0 73 6 16 89 32 62 35 12
69 58 91 29 39 81 13 63 70 20 72 99 39 91 10 90 78 12 45 50 28 87 44 82 83 76 23 37 15 5
60 61 47 52 98 69 61 17 65 13 27 25 50 26 70 17 21 100 59 88 82 33 66 65 15 76 7 93 55 86
88 37 37 95 11 62 68 28 55 5 97 44 97 18 99 28 93 81 30 27 25 36 0 97 6 19 5 21 69 95
72 62 42 53 70 84 55 17 10 39 58 65 56 70 77 27 47 60 37 92 52 63 64 65 65 9 14 80 85 15
61 79 41 16 52 52 14 52 78 1 44 74 20 6 64 0 53 79 53 1 66 89 90 68 51 61 22 66 48 64
90 41 44 75 7 35 48 4 11 47 51 14 27 79 91 84 24 14 67 72 53 76 96 23 69 3 100 36 74 14
14 54 36 20 53 17 62 54 26 52 91 48 39 12 79 54 44 80 42 99 11 25 90 17 36 42 76 10 50 37
32 34 45 81 54 64 23 90 16 10 35 76 9 37 56 77 85 75 100 50 19 44 99 8 75 60 31 94 63 70
30 7 97 87 84 56 88 99 87 77 88 78 85 60 6 41 56 35 82 21 96 5 60 21 9 52 31 39 22 14
24 90 64 1 35 53 20 34 19 58 66 26 89 42 73 59 80 51 50 43 6 81 74 76 38 85 33 47 41 88
63 11 17 68 68 89 78 92 18 63 81 3 99 99 81 38 79 97 42 4 0 60 57 59 8 56 29 39 47 84
69 49 18 74 92 38 40 23 6 39 27 11 44 54 39 69 52 78 50 32 93 77 40 26 43 12 64 9 88 12
88 59 4 96 73 80 78 23 23 7 0 43 61 13 27 10 32 17 94 90 71 47 31 55 34 37 78 72 87 21
26 98 62 19 37 74 8 38 50 40 85 10 69 67 19 100 78 65 63 73 99 5 89 16 52 60 28 85 26 57
27 91 51 89 7 18 21 72 23 91 24 91 86 99 22 49 93 28 10 41 5 13 50 8 58 17 38 6 29 55
67 5 13 95 49 6 7 35 58 63 67 86 48 44 58 31 94 62 96 84 34 51 78 38 69 13 32 83 88 87
81 29 32 100 73 55 46 82 58 4 59 58 45 77 64 58 73 20 54 70 96 29 11 75 95 21 16 91 85 30
35 0 75 93 79 94 81 47 52 12 97 18 33 7 93 7 75 7 13 18 22 66 15 77 86 73 36 49 95 49
66 66 85 73 44 39 48 6 1 4 11 66 37 14 40 72 3 34 60 67 60 88 61 60 73 98 54 8 74 54
49 82 45 98 36 48 100 74 50 100 30 11 48 84 16 33 40 29 78 63 57 42 100 29 54 13 7 79 54 98
22 20 61 23 12 4 48 17 48 67 16 27 54 33 2 30 54 43 88 26 15 29 13 4 2 57 15 19 59 83
42 2 66 83 51 58 41 22 37 41 66 56 31 50 87 79 3 22 10 9 88 62 70 91 48 94 1 34 24 97
57 40 82 2 20 24 82 44 8 50 26 48 10 97 21 83 7 39 15 78 4 56 8 63 55 54 55 3 97 8
78 99 9 94 28 50 24 74 46 52 45 34 79 3 7 27 87 72 87 64 96 96 9 53 73 36 83 71 80 76
73 7 57 85 82 28 81 95 18 67 76 61 33 10 11 5 55 55 95 33 14 77 18 93 61 26 2 100 55 59
92 8 55 80 40 79 65 100 75 97 78 18 3 39 29 49 71 62 72 1 77 45 45 91 46 47 28 90 88 93
2 25 93 63 78 54 10 79 78 52 43 93 3 38 13 29 62 27 84 79 33 16 26 14 71 86 9 85 87 36
10 95 28 69 50 82 80 85 10 95 44 88 40 86 40 20 99 15 50 9 5 60 8 73 80 38 24 11 44 89
90 33 82 88 24 84 52 89 17 47 6 78 43 22 50 36 74 82 3 99 52 91 17 66 10 7 41 44 15 9
35 61 78 17 97 32 73 72 86 15 33 45 75 57 68 96 35 23 55 11 95 90 57 29 0 3 29 25 51 0
76 36 49 17 30 80 8 23 79 64 48 56 64 19 2 46 0 9 82 78 32 24 97 42 52 98 10 7 27 59
34 29 34 3 82 23 85 20 51 52 9 56 21 81 27 39 62 3 33 12 17 16 42 49 12 56 69 52 72 82
68 66 91 80 2 58 60 50 49 93 11 68 50 8 22 32 79 18 76 19 63 67 14 10 45 5 0 30 67 63
71 26 79 92 46 11 55 52 38 53 8 0 0 7 0 18 72 68 76 26 64 25 55 12 3 29 60 94 84 33
77 35 45 55 45 57 94 40 65 83 87 73 58 84 5 5 51 39 79 57 21 74 39 71 12 77 37 7 28 10
41 17 17 71 99 47 68 5 88 14 98 15 53 26 50 70 73 72 82 50 46 42 54 22 97 44 61 81 32 58
99 62 42 62 55 72 59 85 3 89 51 41 86 49 53 49 87 79 25 98 66 52 23 82 74 93 25 76 83 10
46 66 21 28 76 11 54 78 79 54 14 63 83 41 67 25 76 12 20 56 90 18 68 16 70 40 44 92 48 42
63 32 74 70 72 100 65 100 94 57 85 58 78 35 28 41 9 94 26 15 27 84 66 64 7 84 19 49 60 4
30 80 89 54 99 8 25 33 3 25 97 11 54 76 40 37 47 81 81 38 33 91 68 14 59 67 53 27 25 53
16 29 84 22 91 30 11 27 66 11 97 12 1 97 3 60 23 49 19 45 31 1 87 65 92 38 82 20 94 23
7 22 5 24 0 34 74 22 17 10 33 31 68 41 59 23 75 68 54 84 16 36 26 93 55 70 85 32 63 11
46 37 71 44 34 32 87 2 62 40 45 52 84 22 18 96 28 62 20 51 46 95 6 23 19 19 94 77 20 80
55 16 67 75 22 68 28 54 58 88 95 12 82 19 21 11 45 16 93 93 30 31 4 90 67 92 22 58 49 46
66 39 29 75 76 60 94 57 82 94 69 55 7 88 97 66 87 35 83 97 57 20 61 75 48 43 69 41 93 3
66 33 33 90 21 47 13 54 34 62 86 90 22 59 52 8 37 82 0 47 86 78 69 55 91 96 75 58 42 52
5 33 62 8 11 4 51 21 2 29 32 66 42 21 93 28 51 77 33 6 81 60 29 42 66 61 44 35 93 78
49 90 46 25 48 96 59 94 48 76 100 74 33 8 29 6 18 14 78 61 42 32 97 18 58 9 9 89 5 71
20 83 40 93 69 29 99 92 11 23 20 78 38 36 50 69 83 97 92 37 71 8 22 42 93 46 67 89 67 80
51 95 90 88 28 31 1 26 25 76 77 84 53 85 79 38 90 44 98 21 75 90 28 47 66 66 59 79 24 86
82 70 61 49 69 93 71 90 14 11 76 36 3 61 46 15 57 9 66 67 85 0 66 44 61 2 13 69 25 45
76 3 13 56 9 30 86 10 60 9 68 86 14 33 95 26 2 73 51 75 7 2 96 6 4 82 91 76 56 19
86 2 6 98 1 90 60 2 72 61 50 39 6 93 61 65 25 0 39 0 17 14 76 96 54 74 2 33 4 61
4 75 25 79 34 70 55 43 23 25 93 60 66 97 14 9 20 9 41 1 1 80 89 30 70 35 9 58 64 43
89 37 4 30 35 76 58 39 27 68 93 43 31 18 6 86 69 68 31 42 26 72 78 42 65 62 60 15 50 10
70 36 34 47 54 86 14 99 4 60 94 1 38 94 44 96 80 14 73 68 99 75 80 33 56 90 48 13 44 58
44 46 81 81 60 8 40 44 82 1 62 84 23 37 12 92 7 92 76 100 9 6 6 86 51 62 4 31 48 26
98 63 24 7 14 70 94 66 84 98 32 52 89 16 88 54 10 80 26 15 10 14 32 91 13 86 56 6 59 69
69 80 95 55 89 71 27 61 33 8 7 19 58 73 56 81 68 79 86 18 74 7 89 43 84 85 16 14 3 42
99 40 52 36 76 48 68 34 5 87 22 27 9 31 66 59 3 54 78 54 18 48 85 41 63 98 55 1 96 19
60 96 17 70 33 30 43 44 7 23 52 39 30 61 76 70 81 85 40 12 80 79 15 96 4 13 92 46 31 15
42 74 67 46 82 63 21 68 18 33 44 81 79 32 30 30 56 4 71 23 58 92 1 8 68 95 89 83 70 21
81 30 75 50 45 62 74 34 1 8 8 63 56 19 97 96 35 8 91 27 60 29 76 85 38 88 26 18 97 37
59 93 51 54 30 36 49 16 35 99 94 75 63 93 31 83 56 94 20 24 23 62 6 25 62 32 62 43 46 56
17 28 92 31 69 15 53 64 68 16 5 69 22 41 44 51 86 77 18 58 45 43 9 1 50 29 36 29 6 23
20 14 76 13 61 20 17 46 80 13 77 7 98 22 46 14 45 55 29 40 0 65 65 66 34 97 70 28 55 6
52 3 95 50 14 57 42 82 7 71 27 4 23 30 37 48 54 14 54 88 99 48 80 19 29 52 23 26 82 33
66 48 92 20 92 83 3 68 42 72 41 18 82 82 47 71 31 62 51 31 21 100 56 8 61 41 83 91 11 98
90 44 48 51 10 94 68 47 93 0 80 26 13 77 90 99 64 59 36 40 8 56 57 69 87 74 59 10 87 63
77 36 44 33 46 18 95 51 3 91 45 95 73 11 14 71 32 96 83 24 64 53 78 92 51 97 20 92 74 24
19 7 5 32 83 67 23 62 82 48 96 33 62 35 54 44 48 50 41 53 72 32 56 91 79 79 28 29 65 24
45 33 27 71 31 82 5 39 95 39 97 73 74 72 23 48 22 9 97 42 75 100 65 38 72 45 56 93 96 18
41 35 22 96 38 25 31 97 5 24 33 57 21 80 82 67 18 61 54 0 11 20 50 85 22 53 49 37 7 26
58 18 72 31 49 4 37 3 54 85 81 90 51 95 82 10 76 18 9 14 53 53 47 27 5 49 94 75 75 26
77 76 14 84 29 87 44 67 10 52 49 36 67 49 51 68 50 33 2 100 11 85 72 48 24 80 85 81 27 52
2 6 3 68 12 89 76 29 60 66 82 19 89 25 13 45 56 0 31 54 50 74 59 93 96 47 11 85 39 76
48 80 46 79 11 36 39 65 55 97 0 31 97 35 91 63 21 56 9 31 62 7 96 1 84 86 100 86 71 64
69 27 95 10 63 24 47 32 39 81 88 91 86 55 78 4 15 70 77 99 35 50 1 50 20 55 89 40 18 55
54 88 72 78 85 51 90 35 96 68 16 68 9 47 76 68 57 14 97 66 27 38 81 90 90 2 20 36 63 52
58 35 15 69 55 11 65 10 45 31 1 66 94 35 67 43 96 73 82 91 7 9 94 48 97 80 19 81 3 17
1 58 41 84 2 57 99 71 20 96 81 0 48 65 7 95 49 80 95 46 40 2 70 87 37 63 16 70 39 10
49 64 92 21 91 21 49 86 3 53 45 63 24 30 38 7 98 31 74 15 59 100 88 70 81 34 64 96 59 15
70 89 64 30 66 25 46 56 67 98 16 47 42 62 99 52 98 5 46 27 39 2 14 26 40 22 77 35 17 57
14 25 47 35 5 49 16 41 95 71 66 0 23 82 92 41 36 10 32 45 3 22 7 86 90 84 84 38 68 16
2 5 69 4 85 46 52 81 35 15 0 98 2 44 19 58 57 29 2 67 34 53 36 12 69 24 71 19 82 80
36 9 13 48 76 62 98 2 55 0 32 5 96 44 12 70 43 83 41 37 15 17 7 89 91 85 97 53 24 34
72 19 23 12 65 46 49 80 87 50 6 20 87 20 23 48 58 23 46 1 14 77 51 40 37 11 67 88 15 75
100 55 53 98 55 82 97 78 41 96 22 64 82 58 10 78 29 52 60 13 52 11 22 4 69 16 97 24 28 35
14 53 15 42 93 78 19 24 50 81 1 95 64 69 66 9 4 83 42 12 91 93 97 30 91 12 91 48 61 22
93 10 5 67 83 29 12 34 98 56 11 65 42 65 1 46 16 24 38 15 1 59 94 90 22 32 36 100 13 33
60 66 66 28 85 76 43 46 42 12 33 42 72 76 90 7 94 99 36 21 73 32 90 20 31 86 88 72 69 32
96 95 33 43 32 27 34 63 32 37 89 21 84 53 35 82 36 24 68 9 63 83 38 27 28 61 83 45 16 30
51 37 47 40 26 71 0 55 44 47 83 58 49 62 39 22 50 79 33 6 56 27 53 11 19 62 43 97 25 74
77 81 24 81 73 48 21 83 57 37 97 53 55 46 95 39 98 77 53 22 23 40 57 8 1 70 93 41 14 36
66 58 10 50 19 15 5 65 71 33 24 25 36 78 33 97 60 38 25 27 97 40 14 36 57 68 1 63 24 91
15 53 44 81 91 81 32 30 90 21 8 89 22 2 0 39 2 45 61 83 94 16 42 35 39 20 46 44 94 7
93 7 1 15 86 55 86 56 62 19 1 10 47 17 31 86 25 99 28 25 26 77 70 95 39 41 47 43 63 23
14 64 44 79 34 33 90 57 43 23 50 52 74 68 42 13 57 86 64 67 70 51 2 48 15 43 28 25 88 99
8 15 66 0 58 17 94 90 46 90 25 55 98 33 53 39 83 87 51 76 61 46 15 96 82 65 27 12 50 40
80 21 11 14 44 9 16 80 62 32 30 43 41 59 92 33 31 60 45 31 20 56 97 31 49 98 15 12 3 79
63 8 29 8 52 40 60 91 60 77 11 56 59 56 89 61 14 19 58 93 49 12 75 11 87 9 24 42 13 91
6 68 100 98 49 33 34 57 89 21 82 8 93 27 41 34 84 50 10 92 83 37 100 23 50 11 56 83 0 54
52 60 97 85 8 66 99 81 29 99 56 97 72 70 14 1 93 17 86 11 87 32 53 100 45 95 22 20 99 11
55 84 73 1 72 70 35 50 72 93 32 5 46 81 29 28 65 26 98 43 15 72 98 28 73 35 81 8 25 47
91 27 9 9 28 16 74 63 23 94 2 65 10 91 61 5 92 18 61 58 69 52 7 51 41 87 16 73 46 60
49 76 74 81 70 5 28 99 2 63 70 52 23 52 44 8 11 80 23 42 53 93 91 87 53 32 85 95 63 97
50 83 86 55 62 80 37 46 56 35 54 23 64 79 70 83 90 26 81 84 63 59 66 72 54 43 63 7 98 21
46 53 28 52 94 77 73 49 0 12 10 15 97 2 99 73 75 49 82 98 94 39 46 64 11 39 7 21 76 74
77 53 91 57 63 83 42 33 52 35 1 60 25 24 29 84 71 90 76 21 97 82 70 90 3 44 83 37 62 54
76 46 88 49 91 44 79 57 5 58 14 54 80 5 69 14 96 51 89 100 31 26 54 71 61 21 78 71 99 63
83 90 96 88 68 45 41 30 57 21 8 2 38 60 19 56 92 55 14 47 4 59 12 83 84 98 34 18 88 18
35 87 78 14 21 42 44 83 45 23 97 39 64 72 40 91 48 50 92 7 51 81 33 89 51 39 55 35 65 94
95 31 18 86 41 20 40 2 63 60 8 1 16 37 13 83 14 37 91 19 59 19 100 2 67 13 27 69 75 96
54 1 78 59 81 28 57 98 78 33 51 64 4 19 53 75 26 47 8 81 73 84 48 12 36 100 80 47 22 99
85 55 84 26 26 77 48 11 29 9 92 63 54 29 16 31 56 66 47 11 85 40 100 99 84 23 54 10 78 99
49 23 18 8 50 94 41 56 64 48 57 92 99 35 64 91 58 70 36 21 64 63 29 67 39 76 92 24 74 76
69 57 18 57 21 25 49 40 49 62 12 73 88 88 52 30 6 54 8 7 91 34 57 4 67 74 93 63 64 100
77 57 91 7 59 1 5 88 80 82 86 24 72 93 56 83 63 8 19 24 10 35 19 28 26 69 35 95 93 85
82 95 0 71 43 41 9 26 42 99 46 57 81 24 78 52 29 41 15 14 33 2 95 62 87 31 50 15 81 66
64 38 9 56 40 90 81 29 44 73 13 44 87 100 99 52 44 69 86 20 90 39 84 42 99 33 61 21 29 52
45 55 90 7 30 15 88 23 31 3 57 25 20 45 51 97 86 63 75 54 81 25 82 95 13 80 89 15 98 69
37 25 64 56 4 35 86 96 13 94 100 13 70 51 20 76 8 71 64 92 90 96 21 59 91 95 50 63 94 13
91 12 34 16 61 83 30 37 22 13 11 35 26 91 22 92 1 17 40 8 35 57 99 56 76 46 12 65 16 32
46 27 96 52 65 90 60 62 91 92 38 83 61 17 69 80 22 64 21 4 99 86 49 12 0 59 48 6 39 97
75 41 56 6 16 77 25 97 34 50 20 57 46 12 57 59 20 61 27 10 53 20 47 39 57 92 9 57 90 64
16 66 29 98 5 28 48 95 2 40 31 4 26 3 3 7 54 38 77 63 32 64 89 34 44 15 11 100 70 6
7 100 43 36 73 61 22 16 32 26 87 39 39 84 27 41 97 43 51 80 23 68 29 40 91 20 16 82 82 19
42 12 34 30 8 23 70 21 71 92 6 97 96 11 52 69 1 2 43 78 13 60 9 28 81 62 38 22 48 97
46 92 43 42 25 59 81 5 24 53 46 28 64 30 74 98 27 58 4 100 94 94 85 46 63 16 55 64 74 98
9 6 29 73 49 79 75 3 26 96 11 97 50 49 86 61 75 53 78 32 66 66 74 48 63 9 98 0 89 2
17 16 86 56 46 38 16 2 85 9 57 4 75 75 49 9 15 7 25 24 11 10 86 32 39 25 74 24 28 55
84 29 69 2 6 50 29 50 95 64 47 47 6 93 70 66 90 27 28 69 90 77 40 15 26 62 33 64 91 54
19 33 68 23 44 76 30 12 35 83 0 82 0 48 94 83 62 91 100 32 19 26 38 14 75 13 63 6 55 35
0 99 59 8 23 100 9 26 100 86 7 81 31 36 51 7 91 8 70 70 17 100 37 24 99 88 72 86 63 94
71 77 9 44 75 100 59 37 73 87 48 53 100 98 6 88 42 99 43 39 7 40 56 69 66 19 12 88 31 50
12 15 95 70 86 78 80 32 82 7 29 28 21 27 62 11 71 18 99 66 16 27 57 92 61 37 37 39 15 42
24 61 98 77 14 97 19 90 73 66 68 61 89 34 70 57 59 52 0 76 78 55 44 0 5 93 3 9 18 89
80 47 2 18 97 16 57 21 18 46 64 47 15 76 75 95 46 25 80 22 61 24 1 7 36 70 89 42 64 12
92 77 53 90 26 58 2 93 6 0 71 60 46 66 89 15 42 18 45 36 82 100 37 2 43 89 51 99 96 97
44 92 20 12 66 28 67 100 64 72 45 83 36 64 9 60 5 76 68 33 18 27 62 63 53 89 25 35 34 19
82 36 68 55 9 91 65 61 7 57 71 96 83 41 81 44 8 90 56 89 99 4 1 75 92 82 48 37 0 65
82 100 24 68 62 12 90 29 97 66 76 39 76 16 92 68 92 91 6 93 43 52 49 85 98 63 53 70 24 28
50 60 70 63 43 22 25 15 23 48 18 52 31 45 77 22 11 89 62 96 38 64 85 64 49 9 87 93 90 18
34 26 59 45 46 15 55 78 28 98 47 9 8 65 40 56 8 81 82 73 79 39 64 4 45 47 84 37 25 54
93 13 78 8 5 87 0 11 54 76 23 13 46 12 77 47 76 43 41 97 14 90 19 24 22 30 55 100 27 22
96 72 83 63 46 24 76 88 77 14 65 29 86 29 31 41 49 73 66 25 12 27 61 9 13 37 4 3 41 50
41 97 18 35 59 47 56 7 15 70 20 48 27 46 46 97 52 4 84 96 97 7 46 84 26 84 84 32 13 82
14 66 25 61 49 82 3 60 4 87 41 52 70 32 94 93 79 63 83 97 44 37 5 90 18 19 74 52 99 64
99 49 52 58 43 65 99 57 14 50 74 88 14 67 9 21 33 75 72 71 43 33 49 51 90 3 94 94 54 8
33 15 73 88 21 96 68 18 72 57 2 59 69 55 64 60 96 38 79 63 35 32 39 45 81 14 19 88 13 73
70 64 73 56 43 76 48 21 36 83 84 3 5 87 24 67 67 98 67 72 46 62 24 21 41 36 5 55 4 74
26 14 79 64 49 58 46 76 57 18 15 58 2 24 91 93 79 9 24 87 61 64 89 77 64 46 83 52 21 65
20 39 83 86 94 26 31 74 11 78 96 24 61 22 19 44 31 88 3 17 38 96 98 47 30 62 54 31 24 31
55 40 31 62 20 42 41 75 2 65 33 19 0 77 37 65 28 67 27 9 37 54 87 79 28 50 63 84 35 45
16 87 68 94 84 40 81 63 100 53 38 91 13 94 39 13 87 23 18 39 11 73 65 74 39 75 89 17 85 99
72 74 98 70 60 67 14 98 100 39 77 50 59 11 76 23 11 65 2 18 4 54 61 68 22 61 84 35 7 79
35 3 38 58 15 45 22 98 52 71 32 73 17 50 91 94 75 99 13 71 96 58 42 93 4 86 85 89 70 17
88 94 56 42 27 59 49 44 76 19 6 68 5 56 67 0 14 82 41 8 71 97 77 22 30 34 66 80 32 32
68 98 13 59 60 78 23 9 67 72 85 33 39 82 77 50 24 52 97 90 33 6 21 19 88 89 63 43 42 47
44 74 68 61 3 32 82 5 40 67 3 82 43 21 24 90 94 24 87 47 44 53 39 20 70 81 97 8 37 88
92 33 39 8 82 73 33 15 94 74 16 97 37 18 85 1 65 21 60 30 26 82 54 84 19 97 5 16 59 51
16 23 49 70 22 75 87 85 51 45 25 97 20 58 54 36 97 27 23 85 100 81 9 26 74 68 9 91 13 46
23 77 52 30 60 38 99 26 42 43 4 59 61 98 48 21 35 57 31 16 10 51 89 60 29 88 76 72 10 63
28 96 95 48 51 13 42 63 25 78 59 0 32 97 99 37 25 78 22 42 48 30 13 16 3 98 38 22 84 6
14 76 95 93 27 35 5 5 87 74 34 68 1 13 0 3 92 40 14 34 20 66 17 8 11 94 14 25 89 34
91 65 19 0 96 66 71 57 40 49 66 8 25 53 100 25 12 21 39 25 25 86 28 5 11 30 92 19 16 86
22 85 6 74 14 13 76 79 57 25 7 33 41 86 77 9 31 8 2 81 50 59 42 27 3 4 43 44 39 71
96 1 51 84 41 92 52 47 91 99 72 92 26 4 69 87 40 90 22 92 74 37 7 82 37 49 89 63 5 33
4 5 77 65 68 91 37 2 29 14 59 1 57 11 75 97 72 44 0 49 55 0 18 89 68 20 5 2 35 97
28 41 31 14 22 47 82 23 84 6 24 100 37 91 4 16 20 39 66 71 31 23 40 32 13 46 50 55 38 23
83 93 84 81 89 10 37 34 55 77 62 60 49 75 29 94 4 88 76 21 2 41 90 66 47 12 73 35 50 8
50 21 29 11 42 10 69 35 52 72 52 21 94 33 75 55 40 95 36 42 66 27 33 1 49 5 46 90 7 98
90 57 39 97 17 70 85 100 33 93 25 51 68 65 42 94 30 78 84 32 60 1 87 32 13 12 83 28 81 58
9 40 48 68 9 29 88 38 44 58 16 56 54 82 0 94 82 13 18 54 90 15 86 75 9 99 41 57 46 3
31 71 64 41 58 38 13 98 27 10 20 47 57 4 54 7 43 36 8 63 54 15 98 34 34 7 33 82 46 20
10 28 60 57 0 18 96 89 53 42 14 74 40 48 12 56 5 83 47 41 99 2 32 40 2 66 43 63 21 2
5 14 96 94 88 86 94 52 62 77 48 82 24 52 16 37 98 61 28 34 21 36 82 57 79 16 17 0 54 70
72 59 96 77 59 44 42 84 82 71 12 51 21 73 87 18 96 30 14 7 38 98 76 16 47 87 53 61 17 1
80 86 40 67 9 13 9 53 31 96 38 47 6 54 9 4 25 32 10 60 0 76 87 68 47 34 28 42 70 17
67 100 67 39 22 3 4 52 55 66 97 83 56 100 29 63 40 87 98 54 33 6 20 42 20 48 100 64 89 20
18 91 21 28 25 43 65 50 39 33 75 83 51 22 50 84 90 34 81 32 92 97 70 84 34 18 43 79 18 92
7 8 62 94 12 87 36 88 61 50 69 8 20 12 51 86 60 100 82 19 29 0 58 31 20 27 54 42 74 66
82 40 49 14 81 35 80 49 57 45 49 69 40 51 24 23 97 73 44 78 1 6 31 29 27 1 58 9 58 49
37 44 99 25 54 70 73 50 86 21 67 0 49 86 1 90 51 63 28 51 5 49 94 35 89 63 98 62 40 94
48 0 69 58 71 28 32 69 52 76 96 48 50 66 84 39 98 98 69 10 0 30 27 75 12 16 97 61 62 98
50 13 36 98 37 90 51 86 65 30 54 54 74 54 50 35 72 60 87 1 65 31 36 46 39 72 92 94 15 63
31 17 2 19 25 52 42 28 4 1 57 68 92 21 85 85 32 20 36 24 81 75 82 76 13 90 19 30 11 19
100 60 71 91 82 16 54 26 76 96 59 95 10 23 7 50 0 62 59 52 4 1 5 43 40 39 77 88 47 26
2 72 73 13 63 80 22 9 88 79 20 39 45 44 76 76 92 97 16 63 52 45 20 31 90 92 20 100 78 1
57 32 78 91 5 18 80 92 79 100 1 22 3 85 59 13 68 89 58 37 36 20 44 16 46 87 6 63 21 31
16 79 75 6 32 49 51 72 42 12 41 83 53 88 50 89 19 86 69 37 100 65 33 85 25 21 37 93 53 74
71 21 45 69 95 12 61 27 76 0 35 47 89 41 57 88 63 23 27 31 5 59 79 85 78 92 1 12 32 85
45 11 63 91 94 59 55 95 28 51 7 63 3 72 14 66 93 11 89 46 70 59 26 14 49 29 25 94 43 61
20 93 34 63 75 93 59 84 72 5 15 99 97 75 45 58 18 39 32 54 26 9 75 88 65 83 34 64 21 77
24 94 69 93 86 58 9 27 33 51 74 43 23 28 17 53 16 42 94 4 28 77 88 80 33 32 40 21 91 5
58 85 27 38 36 48 50 21 38 26 13 49 30 73 18 30 52 57 33 91 41 18 13 82 0 52 21 78 53 61
82 30 26 79 95 21 86 80 24 12 60 24 20 13 76 72 51 71 5 23 38 60 86 45 81 64 83 62 30 56
81 9 4 47 22 24 61 28 36 15 12 16 91 78 8 7 78 10 83 72 86 40 78 14 91 26 37 11 54 73
31 15 42 77 36 24 23 34 35 13 82 56 42 35 82 42 30 34 95 32 4 22 46 71 83 24 18 27 15 100
95 78 66 90 99 73 86 63 65 61 44 0 69 10 80 44 82 79 20 54 79 29 37 50 3 70 25 5 9 39
33 100 87 43 80 84 67 47 82 52 41 14 25 24 46 65 96 62 32 22 47 29 79 8 57 22 38 2 43 94
20 63 28 35 78 70 26 71 85 4 35 39 52 74 64 82 12 74 37 22 70 79 95 54 20 56 34 23 88 59
66 86 13 56 26 38 21 38 23 25 69 44 20 70 98 18 29 21 85 75 8 100 15 11 41 74 51 91 41 19
64 81 10 81 3 5 35 15 61 11 17 0 68 53 48 8 81 59 8 56 52 47 63 87 27 17 53 50 72 88
93 28 16 1 87 84 61 86 38 95 81 33 20 38 61 66 90 45 51 6 57 58 16 34 84 38 24 1 47 56
51 25 34 44 65 99 8 92 44 3 86 40 30 72 49 56 16 45 92 17 15 11 83 48 23 31 80 3 67 30
70 1 17 9 25 70 63 33 95 7 89 95 99 80 96 54 5 7 88 45 59 98 35 39 28 55 10 36 36 44
65 73 80 25 52 70 8 32 100 84 18 72 21 86 52 91 13 37 54 95 26 47 38 4 21 52 35 87 2 28
22 36 57 99 99 57 69 48 59 55 79 13 15 89 53 96 16 43 3 80 35 4 61 99 72 49 54 55 74 40
43 0 72 7 32 6 95 94 42 43 33 19 73 7 75 40 34 34 91 82 83 67 26 19 100 14 52 87 13 61
45 39 32 35 77 32 59 54 69 40 19 48 71 39 36 77 36 9 21 35 31 62 75 9 70 74 60 99 8 23
38 37 13 61 6 38 69 92 23 17 45 55 57 95 25 15 6 11 51 2 5 72 49 57 0 86 83 73 35 43
11 38 64 74 31 29 95 44 98 99 6 67 36 60 1 72 58 8 20 85 27 65 92 27 69 45 65 82 98 90
39 71 42 31 68 79 72 52 11 15 41 77 25 92 4 93 78 94 27 28 83 45 24 10 33 50 7 48 67 1
26 48 5 59 84 58 70 96 51 93 92 52 50 63 7 41 97 60 88 20 85 84 9 26 72 10 19 28 23 30
67 77 12 95 58 46 71 90 51 46 24 43 43 23 55 76 37 99 11 58 84 28 28 79 24 14 99 93 72 44
79 39 54 49 32 8 48 34 42 55 84 50 100 49 63 99 58 40 53 74 84 13 82 17 44 71 26 21 68 81
10 22 11 29 97 39 62 69 1 47 10 33 6 11 20 44 10 30 66 40 58 18 38 1 83 7 21 91 21 59
14 95 0 9 36 90 41 60 75 34 71 86 72 16 82 14 3 52 47 88 28 33 45 6 2 14 75 9 37 14
70 37 32 15 73 47 43 2 46 71 20 45 65 51 42 38 28 100 86 45 100 84 36 48 85 66 42 48 87 41
73 81 30 27 80 56 45 50 32 4 79 89 77 61 88 31 88 23 99 27 64 60 64 21 61 68 39 97 42 46
58 29 26 80 79 61 57 95 81 37 3 2 14 100 60 100 48 94 56 37 57 97 19 69 94 66 69 48 31 63
58 57 85 9 54 94 62 36 37 18 61 49 67 91 78 26 75 80 65 79 35 49 79 64 58 37 7 12 15 10
85 11 28 15 46 25 83 51 18 34 3 7 32 95 39 13 57 86 14 72 23 100 91 32 83 10 1 8 70 90
51 65 4 32 71 6 50 88 26 43 18 80 0 46 0 20 46 4 3 31 54 32 55 28 19 47 72 99 4 84
52 73 57 70 94 15 54 69 39 86 30 14 86 21 52 48 6 70 42 35 28 27 56 35 32 93 18 58 15 81
89 88 15 30 86 57 26 47 11 83 90 42 43 73 64 51 10 83 56 50 92 48 71 8 79 21 95 63 3 67
91 22 37 55 18 47 68 88 52 43 89 62 85 53 33 83 88 3 45 48 31 90 76 15 37 20 47 19 63 97
42 94 27 81 22 59 85 66 3 83 45 38 11 73 7 15 77 0 64 18 14 7 93 3 46 63 61 76 23 69
32 4 5 80 31 17 4 58 69 17 95 33 30 96 57 62 24 86 40 88 9 32 86 37 11 11 31 99 10 31
3 14 51 7 61 92 59 87 100 35 1 30 51 89 10 19 48 67 81 66 57 32 95 43 22 16 84 47 3 44
83 51 9 84 50 81 6 54 99 15 91 41 53 36 3 42 78 87 96 47 55 34 51 4 25 55 6 98 80 5
94 38 13 35 57 21 60 41 96 55 5 55 74 16 32 13 9 52 65 68 34 36 28 6 1 60 4 80 36 95
58 12 68 79 46 48 92 72 41 35 61 22 22 92 16 73 29 37 37 4 53 55 63 86 21 12 14 38 11 100
42 0 63 38 85 23 76 27 40 26 2 82 36 28 20 18 91 55 34 98 44 86 72 86 59 4 16 25 27 77
0 21 35 48 39 64 95 36 39 26 90 44 50 5 99 30 95 74 11 29 97 17 57 66 60 80 3 78 36 10
76 35 86 81 70 1 77 92 52 84 43 55 45 81 6 4 83 28 68 57 76 83 32 31 26 74 25 58 0 5
72 47 79 65 24 37 84 37 90 28 84 67 63 82 61 93 58 84 62 37 62 77 11 52 84 87 55 48 63 12
17 87 27 39 70 76 63 17 92 26 19 97 97 48 62 89 99 31 3 72 7 53 4 41 51 14 94 6 13 67
36 43 19 29 8 35 46 77 16 85 26 92 38 65 76 1 25 24 19 60 37 40 100 90 51 39 14 24 66 13
49 11 67 66 58 23 73 13 60 86 97 14 84 47 29 41 85 26 42 58 50 19 62 66 71 2 41 87 85 26
53 73 11 14 83 14 61 41 66 13 81 87 55 98 84 17 23 43 59 51 92 68 52 74 70 49 39 11 89 72
26 95 27 55 93 67 90 45 13 0 98 85 20 80 19 85 57 29 82 41 3 61 12 19 61 34 31 39 67 93
39 51 36 90 6 95 99 24 35 92 33 34 45 19 98 15 6 33 45 43 99 17 78 73 69 55 75 53 66 90
43 52 52 70 26 69 7 17 57 83 66 67 93 80 89 50 82 90 79 74 61 66 76 94 94 6 51 9 25 66
57 43 85 73 44 18 34 3 46 69 34 67 68 39 86 43 66 59 17 75 53 35 22 92 62 64 41 16 74 24
35 5 53 38 67 29 5 87 95 13 25 64 23 76 81 4 96 33 4 68 21 31 56 68 74 26 12 72 7 13
97 33 45 27 9 50 65 38 9 42 41 76 98 24 43 81 83 20 11 58 3 78 14 25 66 50 6 7 77 46
82 86 50 26 55 56 41 31 19 46 42 7 21 16 23 66 31 31 5 34 83 72 51 52 14 77 47 21 89 43
35 18 18 0 12 64 89 44 8 14 12 18 32 76 82 50 62 77 85 66 28 51 65 39 98 69 24 87 45 42
18 42 51 44 15 48 20 33 90 74 51 2 23 36 78 29 32 37 24 94 71 99 42 10 16 13 83 95 45 94
14 97 100 49 4 20 67 94 5 12 31 94 41 56 50 61 64 1 58 0 83 59 85 52 90 21 34 57 43 25
5 32 77 92 25 33 21 49 66 100 48 82 81 35 82 14 10 58 4 81 14 51 6 60 99 49 17 97 5 74
31 5 82 16 11 4 45 45 38 67 48 80 72 69 13 92 95 70 22 2 100 46 48 15 52 2 82 59 74 30
40 29 6 2 50 19 43 20 52 85 19 66 86 30 79 2 45 13 93 100 72 27 58 91 67 48 95 51 59 96
59 59 9 85 24 14 59 76 67 28 95 18 90 87 59 93 0 83 10 76 89 97 56 57 50 6 34 9 81 64
77 12 43 36 90 19 88 54 53 20 14 65 36 75 52 86 63 62 17 18 15 79 55 7 58 30 35 39 9 54
24 46 55 38 57 53 44 20 61 92 30 4 10 25 10 54 35 62 53 57 61 64 81 93 72 9 70 57 50 19
27 58 75 60 39 54 33 32 32 26 56 98 80 7 3 56 20 58 85 84 87 79 31 77 77 45 90 64 84 10
37 72 40 38 79 47 23 85 60 60 56 92 22 64 51 70 97 100 6 65 58 35 26 79 31 52 99 85 81 82
32 9 96 67 11 39 58 67 75 79 91 24 98 2 59 70 79 86 73 97 57 2 30 54 72 64 100 84 5 100
38 71 34 48 21 28 24 16 12 37 100 14 5 10 99 15 20 21 16 80 65 72 71 39 100 97 27 91 84 75
99 28 54 71 89 1 26 9 55 80 56 93 6 70 61 32 54 14 31 11 6 1 83 91 52 74 36 20 14 8
86 95 19 30 94 50 38 82 53 70 52 56 29 91 27 89 12 52 18 40 100 47 86 54 59 3 22 3 34 17
23 57 75 76 59 84 5 47 98 2 18 89 88 67 39 45 83 4 80 20 44 18 90 83 34 46 49 0 100 34
22 92 64 41 80 75 93 87 37 16 99 68 67 40 12 99 25 84 65 88 96 72 72 59 29 72 75 37 76 90
2 16 25 4 83 19 82 41 12 33 59 64 31 40 86 11 84 32 20 48 86 13 0 48 26 51 31 43 44 30
91 89 90 31 53 74 48 37 39 31 24 72 19 8 7 12 73 31 19 52 14 87 46 84 97 10 50 47 53 92
93 30 60 82 59 38 50 81 93 66 13 24 44 100 53 10 1 90 81 45 66 95 21 78 82 82 41 20 99 44
84 85 4 74 46 81 57 30 69 20 61 46 32 88 9 21 4 62 49 38 54 87 65 76 37 19 78 2 9 65
74 90 55 45 39 7 64 68 79 14 18 24 30 54 31 80 10 42 0 86 33 63 41 7 51 55 4 68 98 65
78 79 79 11 40 73 99 76 30 84 87 11 83 36 8 59 37 76 2 6 82 87 99 29 59 77 55 9 22 87
83 11 5 50 50 61 38 84 16 84 43 76 3 32 80 8 58 98 67 9 43 46 34 87 79 52 44 40 81 64
13 37 53 28 98 5 7 12 85 89 51 99 48 23 21 76 98 20 38 18 98 27 0 47 39 56 58 95 73 79
73 14 13 3 93 27 58 31 3 5 57 96 3 86 70 18 63 49 8 9 51 51 49 21 91 88 21 9 40 70
97 9 33 57 36 47 63 66 31 28 82 2 72 89 72 75 59 24 91 96 33 40 43 47 95 83 89 94 13 96
36 65 68 46 21 68 50 99 25 95 100 4 77 7 93 42 67 53 36 53 41 67 34 35 32 21 76 50 22 89
74 62 37 2 88 85 72 38 40 49 90 0 60 63 73 27 9 24 97 94 25 24 83 98 58 74 82 50 0 55
67 79 16 31 22 90 1 11 56 66 51 58 100 91 68 34 5 13 20 70 16 35 39 24 85 41 47 50 70 9
99 35 93 66 25 94 94 69 80 72 44 31 80 1 21 86 93 69 12 52 30 7 25 54 9 52 85 25 33 81
72 36 88 11 33 66 81 22 12 5 35 88 0 40 80 83 0 83 4 92 77 85 71 23 27 75 11 50 50 52
59 24 30 41 78 64 31 46 2 16 52 75 33 89 39 75 28 72 46 84 100 5 21 88 87 15 14 28 38 33
71 79 49 35 25 87 40 35 9 22 53 95 45 66 80 37 16 73 1 15 30 58 9 51 74 48 6 68 22 57
