8 721
61 34 18 48 67 9 78 64
60 15 57 44 42 0 22 56
70 55 73 5 52 13 41 87
99 70 33 30 20 92 38 30
78 37 29 43 76 25 16 81
5 79 49 40 8 62 30 3
91 84 0 32 38 30 91 88
75 48 78 18 91 14 13 99
15 41 39 34 3 45 100 94
47 94 74 15 52 83 84 68
60 8 98 28 37 45 40 8
69 2 88 19 15 25 77 53
72 63 26 57 77 62 66 52
46 95 89 78 88 74 38 78
97 64 18 61 87 27 82 58
94 81 26 95 6 55 60 19
97 29 27 41 37 35 24 43
3 3 58 13 10 51 39 16
97 26 99 62 18 66 98 80
13 72 54 15 49 26 75 70
19 82 51 14 4 15 73 9
19 75 26 23 66 46 71 6
84 2 0 80 15 93 93 93
9 2 17 38 68 78 50 35
11 39 36 28 55 53 11 85
21 74 4 69 7 52 57 24
56 62 37 58 8 92 89 61
8 96 81 32 48 42 64 94
65 43 35 80 68 69 86 71
49 1 52 46 33 15 42 50
38 10 85 72 38 81 79 48
86 29 21 13 87 99 3 98
91 88 95 32 45 38 20 47
18 58 78 56 72 8 40 14
73 94 70 42 6 70 79 13
83 55 8 40 52 8 25 88
95 91 16 66 95 96 33 96
64 71 5 5 33 58 58 83
98 12 4 5 37 31 17 91
94 15 8 32 22 27 64 89
5 37 13 22 11 54 38 23
93 91 18 35 31 40 42 30
56 9 35 83 33 12 95 70
15 82 78 63 28 13 12 99
77 88 81 46 3 2 37 7
87 7 90 37 18 35 21 62
25 36 97 15 30 15 98 93
56 94 18 90 31 41 34 23
69 29 63 1 14 39 45 22
48 46 33 62 40 38 38 99
98 52 57 7 82 68 11 99
77 22 66 94 67 23 22 92
23 58 20 47 99 77 20 2
27 12 95 64 87 21 50 59
55 20 11 6 79 59 17 87
82 98 72 39 76 45 1 90
30 38 81 90 59 3 62 3
67 65 40 9 77 2 51 60
74 18 77 65 57 15 14 75
17 74 79 75 73 40 88 20
80 77 43 29 33 40 81 88
72 75 54 23 28 80 8 53
89 75 45 84 70 23 37 9
76 9 1 92 14 53 100 52
66 5 25 12 30 35 46 0
99 58 58 4 11 33 27 35
71 73 1 68 25 78 50 50
91 64 46 91 70 24 74 16
12 5 26 16 64 44 0 85
96 30 15 79 91 38 31 72
36 38 94 65 85 31 30 31
32 51 5 19 80 95 17 76
22 78 29 22 20 72 18 29
78 73 37 49 56 94 24 50
10 34 55 95 99 77 51 43
21 12 51 70 58 84 13 13
36 58 50 18 89 92 64 79
68 91 8 93 84 92 17 61
7 16 68 16 38 83 82 36
57 57 5 72 49 74 38 22
81 31 75 36 36 84 2 13
17 33 55 41 93 56 48 8
15 13 72 18 78 4 97 87
40 52 41 65 85 1 45 31
69 99 83 71 70 72 60 74
44 7 51 78 39 54 18 11
45 17 77 45 96 41 36 68
39 6 90 26 43 61 70 29
98 86 87 17 24 14 11 44
71 95 47 90 37 99 41 77
29 78 74 59 66 15 3 39
72 23 30 21 26 74 45 97
55 31 38 13 22 29 48 36
83 69 93 55 60 83 93 75
16 50 82 94 74 48 5 85
95 10 32 12 74 60 85 67
74 27 74 37 54 20 71 88
63 49 50 36 43 92 49 8
19 39 54 56 21 15 34 81
88 64 33 87 83 69 66 13
41 96 41 96 85 12 35 66
69 39 59 47 85 49 23 59
38 57 56 30 69 11 62 47
42 85 34 10 71 76 19 1
25 21 64 90 87 21 41 94
14 38 95 11 92 2 59 3
8 21 15 8 38 85 42 72
7 33 63 60 12 36 28 44
85 14 15 10 21 17 85 6
8 58 16 89 6 19 99 19
18 79 34 35 76 77 90 91
14 94 54 59 35 38 3 4
76 22 11 42 83 31 6 31
4 87 81 9 23 75 85 89
22 49 54 57 28 24 96 30
99 27 30 23 9 78 65 44
97 42 93 76 66 56 84 19
44 64 68 70 58 55 59 68
72 72 7 53 11 23 90 64
41 97 85 42 38 58 63 50
26 34 32 55 43 26 70 53
25 92 50 63 4 96 100 0
58 25 13 2 94 10 70 12
20 8 73 75 71 97 97 41
4 44 97 83 54 1 92 23
54 65 28 97 54 94 43 22
29 82 58 4 17 84 94 89
79 47 16 77 83 82 69 41
21 97 0 87 82 91 91 28
17 40 8 26 82 15 1 61
27 75 25 5 11 70 69 80
32 75 87 64 86 77 29 45
40 13 17 2 63 99 15 94
38 33 62 53 54 89 62 61
31 14 98 18 15 52 38 68
96 25 69 67 75 39 85 81
41 39 2 49 15 3 56 7
6 42 4 85 12 35 40 6
100 4 36 87 34 7 87 24
23 80 27 45 17 9 34 10
55 7 27 88 64 89 58 49
87 47 100 39 46 88 25 93
71 28 29 39 54 36 78 37
97 97 4 83 16 1 63 19
14 30 5 28 78 91 44 34
91 52 13 17 74 85 100 82
24 72 67 1 30 1 31 16
1 69 100 48 1 53 8 3
65 84 14 61 21 21 4 7
61 100 43 57 96 23 58 75
36 64 92 92 83 34 20 13
34 54 33 56 87 93 63 67
40 100 53 11 55 18 86 27
21 59 27 100 79 90 13 40
1 71 3 61 68 7 1 8
85 67 24 71 33 48 83 26
62 90 64 93 63 96 19 50
86 71 53 15 21 81 60 10
33 39 92 96 39 37 93 14
25 98 33 0 49 48 16 3
37 46 87 39 15 82 53 36
2 56 41 45 38 5 16 94
66 73 4 50 69 2 22 68
39 73 94 71 65 70 86 45
98 29 86 78 41 19 18 58
68 6 57 21 31 37 17 77
98 19 5 32 56 30 50 8
19 10 66 69 78 50 50 78
81 45 67 85 56 51 34 76
17 50 86 31 35 30 18 90
12 58 7 12 18 100 11 21
19 94 65 70 51 84 71 89
73 32 6 59 53 93 71 4
52 38 55 89 73 64 30 80
4 69 76 9 68 6 82 38
78 93 81 92 95 58 7 27
100 70 96 40 29 37 11 48
8 24 78 63 45 69 69 26
15 33 50 74 97 23 77 87
86 100 91 67 40 19 68 37
50 74 92 81 30 64 92 34
10 73 92 51 48 65 33 32
57 61 9 88 30 80 73 89
82 84 89 60 55 10 22 10
1 5 72 16 89 48 82 87
57 68 64 97 17 86 83 98
7 11 60 82 55 36 10 15
22 64 53 13 47 19 27 73
21 49 77 51 49 88 21 51
54 5 29 60 27 51 41 26
35 7 51 15 92 5 39 50
31 90 4 29 25 94 71 15
92 53 35 31 93 21 19 46
19 9 25 57 89 65 15 82
4 56 26 74 14 38 81 48
26 89 29 77 89 45 49 6
81 75 55 13 32 75 98 58
32 80 81 96 54 45 85 58
86 5 39 20 63 32 18 52
28 66 58 89 98 88 71 24
69 19 36 82 11 30 69 69
59 7 0 39 75 13 3 58
27 41 53 77 23 47 85 42
24 92 54 95 48 92 38 24
70 56 75 9 49 90 17 48
89 46 67 50 58 26 85 37
10 94 85 49 26 15 20 96
0 48 89 16 42 21 42 41
58 51 59 52 20 99 100 50
63 64 26 88 60 32 11 49
18 57 75 13 69 55 58 53
69 29 25 6 98 19 11 90
49 79 46 31 0 26 62 38
22 73 45 86 43 35 6 15
34 23 56 37 78 51 58 64
59 25 65 68 52 40 39 18
30 17 79 55 87 81 75 98
31 6 86 80 86 51 75 60
47 42 77 96 22 67 80 78
51 3 62 65 0 52 45 95
47 42 17 90 66 64 88 15
93 42 14 50 38 51 50 75
84 76 37 82 90 45 70 46
66 14 82 80 72 68 12 98
74 6 60 23 26 59 87 63
58 43 3 69 61 86 94 5
39 12 59 22 14 15 54 9
17 1 22 15 100 30 18 52
82 75 94 91 69 37 89 11
48 51 45 50 65 18 83 59
26 42 74 78 13 81 68 97
33 20 26 53 1 5 9 16
85 41 55 57 89 11 37 84
69 22 44 89 43 3 39 24
84 62 7 92 85 23 10 89
87 62 38 53 54 38 26 10
58 6 41 82 45 60 36 51
41 14 43 52 97 14 86 8
87 26 21 18 80 63 30 46
8 76 53 37 74 37 67 15
91 67 60 80 21 2 39 89
24 90 12 98 50 14 76 69
72 8 60 69 62 46 66 61
48 43 15 27 31 57 65 38
10 10 24 80 85 49 29 58
23 60 40 78 2 0 56 8
64 2 51 50 6 40 88 72
73 80 18 91 25 30 42 41
55 93 46 85 78 63 53 60
2 83 31 78 47 40 44 46
66 34 82 21 96 7 19 53
7 38 56 79 95 91 0 83
37 96 24 79 12 6 28 93
78 80 87 19 22 20 56 57
84 27 100 81 41 7 78 46
63 47 25 73 63 3 87 84
76 73 7 95 3 2 90 30
36 39 0 13 53 80 62 36
75 61 50 51 96 53 31 92
71 100 40 84 73 77 56 98
17 2 43 39 48 35 86 82
19 40 50 16 4 38 34 13
11 5 48 48 65 88 42 23
51 90 16 92 45 70 63 80
3 50 37 40 3 3 87 66
90 93 11 100 18 66 41 85
39 20 77 68 51 75 52 55
0 46 57 62 49 18 33 81
95 87 54 97 69 18 80 35
1 63 38 5 87 100 59 14
27 34 36 13 93 40 32 30
46 67 30 40 17 91 3 0
60 75 42 87 81 78 100 42
24 6 57 51 53 47 95 99
90 22 29 88 54 0 65 41
97 31 35 57 75 23 32 57
13 22 68 79 61 4 34 7
59 42 2 79 11 46 96 29
30 57 48 48 26 87 57 97
28 50 5 12 56 9 87 21
4 1 93 57 58 78 45 88
89 45 54 18 86 54 75 59
78 94 19 14 64 56 35 14
1 58 75 28 72 30 90 74
42 43 89 59 17 6 91 8
47 4 26 100 72 32 15 60
86 18 44 31 0 65 69 22
14 95 58 54 32 25 96 11
28 42 50 95 13 55 55 41
48 84 56 50 65 84 57 47
6 10 63 43 65 51 65 21
21 93 41 91 67 72 70 37
80 53 99 77 36 74 10 5
81 56 100 55 65 34 16 79
35 83 44 22 56 28 82 76
74 97 29 31 62 100 89 62
78 63 18 13 10 8 3 97
51 18 40 19 5 14 78 52
75 63 87 90 63 69 83 41
47 6 18 68 10 71 58 24
5 0 34 98 57 15 46 5
64 21 3 22 3 68 44 69
80 37 65 42 27 8 51 64
67 23 13 37 100 43 93 15
59 72 8 31 32 36 38 34
100 83 53 99 63 27 41 39
33 71 98 33 65 96 87 14
72 60 82 93 45 67 34 23
23 6 37 57 77 23 56 75
22 12 91 70 50 67 34 76
57 50 43 22 2 6 82 86
43 87 41 83 60 92 3 19
32 94 82 84 49 9 52 52
67 36 37 31 100 21 46 79
51 91 79 15 41 90 32 31
45 76 93 53 33 10 84 52
33 13 38 33 84 65 100 6
87 4 71 75 4 60 52 92
36 70 76 30 48 33 62 51
45 28 31 80 93 33 88 80
11 97 7 40 86 74 34 25
78 38 80 14 40 57 5 71
51 32 91 96 90 21 9 75
12 24 76 62 86 25 46 57
30 23 60 19 75 48 10 92
14 85 37 69 67 64 76 66
60 97 36 84 15 13 20 100
94 18 34 43 81 44 8 67
59 92 11 16 96 28 36 54
69 47 34 78 4 11 60 31
52 89 57 85 83 70 14 20
82 43 41 92 44 30 42 25
27 54 73 57 1 13 53 35
60 31 60 29 22 21 84 64
56 18 69 71 98 80 30 31
6 66 52 75 61 16 71 64
7 88 87 27 66 25 87 1
0 9 93 13 76 1 27 0
7 49 26 95 51 1 24 73
74 42 29 42 97 39 2 28
62 95 52 38 32 4 31 85
15 38 3 98 58 39 38 84
69 79 39 55 56 50 69 74
62 25 19 15 91 26 39 12
97 8 8 40 47 82 29 64
45 88 45 87 90 29 32 37
56 35 64 8 58 60 99 64
77 23 7 86 97 91 3 1
42 77 51 30 31 79 16 84
26 24 81 2 75 24 82 17
62 49 71 89 91 9 19 40
82 45 96 20 51 70 47 97
65 6 81 69 3 45 68 49
99 69 80 16 92 28 4 76
72 57 46 11 91 79 29 50
53 77 86 40 64 21 14 56
84 94 65 78 42 75 98 97
96 26 56 45 60 7 18 60
46 66 23 22 97 10 51 21
36 31 45 44 33 59 20 98
7 85 67 100 50 95 92 24
62 87 49 34 56 5 49 26
16 15 13 13 36 83 90 87
63 46 100 46 84 95 37 45
53 11 30 95 27 51 35 65
26 96 80 36 79 63 43 4
94 75 34 61 87 20 31 42
95 49 85 67 53 40 55 57
68 54 22 60 65 60 93 65
100 68 13 96 75 26 93 95
61 41 12 20 83 32 6 24
54 0 70 3 79 4 12 26
34 72 88 24 66 20 42 16
3 50 41 25 39 22 9 54
74 60 66 94 28 27 68 60
5 69 56 53 62 35 90 72
62 80 77 67 70 29 50 62
18 36 96 45 69 94 37 1
66 69 25 55 47 90 51 32
70 82 22 44 75 11 75 87
46 50 98 17 85 81 66 2
67 59 71 2 46 3 20 6
73 24 13 49 4 95 98 45
7 59 91 84 84 52 7 8
84 81 97 3 75 0 27 67
77 89 36 100 49 31 84 42
82 47 16 92 88 49 80 8
65 1 69 53 93 33 8 49
30 41 58 29 97 1 98 6
76 70 34 84 51 32 56 50
47 43 37 57 80 42 83 20
70 81 30 30 52 66 92 90
30 24 26 17 81 19 83 96
51 42 46 70 3 92 8 35
0 65 65 38 88 11 56 67
88 48 57 55 95 97 14 97
0 94 21 95 42 69 60 2
7 29 56 0 6 6 75 80
27 93 90 41 78 6 76 93
48 86 46 78 39 35 6 72
59 28 90 17 87 46 49 4
28 64 18 45 36 22 10 23
80 90 81 65 74 66 49 57
6 59 96 90 62 66 44 67
99 10 92 39 87 33 49 41
29 4 48 88 56 19 30 93
29 10 31 0 86 11 60 4
44 1 35 48 13 63 39 40
69 7 100 10 28 26 56 75
57 61 30 44 80 63 39 28
75 34 82 32 1 2 56 44
68 71 3 63 39 87 74 75
50 61 4 49 60 8 88 81
45 17 61 54 62 98 31 78
32 88 64 58 44 70 49 94
88 85 74 1 13 25 38 56
52 85 92 54 74 53 17 55
64 21 76 1 100 59 93 86
17 44 46 36 4 54 4 1
39 25 99 47 31 76 97 84
35 37 50 9 1 13 5 43
54 59 37 22 33 95 63 5
68 38 45 57 95 73 52 94
24 29 56 1 25 34 29 33
3 72 30 52 98 1 95 97
37 44 55 86 58 66 12 8
29 76 15 33 19 87 8 67
2 65 32 8 41 64 24 84
25 99 53 71 44 46 6 82
1 75 75 23 5 89 46 73
38 61 97 95 21 93 11 19
71 19 39 56 59 52 92 7
35 61 29 0 30 7 37 98
8 97 1 70 28 52 48 92
60 62 14 35 88 83 50 52
79 38 42 16 4 91 86 21
47 6 71 24 12 35 74 18
22 11 73 71 50 87 93 11
89 24 37 35 62 83 11 88
24 61 36 75 79 98 4 19
82 41 44 6 94 74 47 15
61 50 70 18 100 58 1 96
54 92 99 4 36 62 15 9
6 62 35 47 27 11 11 56
2 47 29 80 11 27 49 79
84 59 80 97 25 77 14 51
89 98 46 97 18 61 15 26
46 55 3 16 0 48 57 19
27 64 73 95 43 46 44 76
49 20 2 6 44 48 64 12
11 51 45 57 51 42 61 81
70 0 87 38 78 100 69 77
53 43 19 17 93 9 22 2
13 19 16 40 96 20 40 25
88 99 32 40 29 29 26 64
44 21 34 46 72 89 52 1
47 22 25 19 21 57 56 41
63 12 71 63 88 11 58 67
52 93 51 1 2 27 90 85
17 10 82 33 5 16 56 4
43 52 19 72 91 78 34 22
77 46 12 41 26 38 62 9
41 65 52 3 68 20 74 68
43 18 44 81 81 59 17 22
95 65 30 26 82 59 67 72
65 81 68 54 99 100 42 52
45 89 79 60 53 28 47 21
14 21 41 72 9 97 76 21
5 72 14 72 68 37 79 25
61 56 44 62 94 23 72 88
35 16 53 44 8 85 4 51
99 56 50 96 49 45 52 7
14 20 21 84 21 23 45 89
50 81 81 70 27 86 55 97
85 40 41 57 82 24 9 5
29 13 40 51 85 75 8 45
47 58 87 64 75 38 2 22
32 72 34 13 90 47 1 81
13 97 93 40 5 95 99 11
35 49 100 13 97 17 47 67
28 22 47 70 8 86 0 81
98 8 9 37 13 19 12 2
94 26 14 16 53 55 7 19
7 99 82 47 13 6 94 76
19 96 14 90 45 66 2 24
61 98 99 90 2 72 72 36
98 50 90 1 80 58 50 45
11 5 2 20 87 42 77 89
3 45 3 62 29 10 82 96
95 34 90 58 40 58 44 16
13 39 30 20 32 68 51 19
28 73 55 42 38 39 8 18
88 0 50 89 29 8 13 56
26 30 57 43 69 25 71 82
1 74 79 42 49 54 84 89
90 30 51 75 68 68 33 100
75 78 45 67 17 56 71 3
48 44 45 14 78 35 14 14
85 41 99 1 68 5 46 72
69 97 47 67 37 47 72 69
9 93 58 33 71 64 7 93
13 42 6 87 37 6 78 62
52 88 54 16 94 23 59 83
98 55 85 26 70 3 62 17
90 42 55 98 82 54 87 39
60 6 47 66 44 95 3 17
81 64 43 94 60 66 84 41
11 43 29 19 72 56 74 48
10 97 87 39 58 94 1 19
8 10 65 57 46 26 4 83
59 23 29 72 40 3 34 34
99 79 2 43 70 0 98 98
69 70 83 42 96 64 49 45
55 73 40 90 26 14 62 71
71 38 1 68 23 74 72 47
2 60 0 27 48 32 99 93
68 7 2 84 54 5 14 46
2 86 93 53 58 9 97 50
79 17 83 22 59 95 14 16
97 1 6 24 34 62 77 34
11 9 89 48 59 21 76 5
86 98 31 91 27 89 91 81
52 79 74 35 0 2 16 28
76 43 91 17 66 59 69 72
20 37 20 76 35 26 76 30
73 21 79 41 6 90 38 68
66 19 46 64 60 55 17 20
61 54 45 79 99 20 100 76
53 92 91 36 32 37 16 29
46 66 47 15 53 75 1 2
99 81 56 25 6 66 74 47
70 19 73 35 14 21 85 5
44 3 90 7 26 69 31 31
55 65 68 29 30 4 44 19
73 65 24 86 24 14 34 46
29 24 41 36 0 66 85 13
23 54 22 88 11 59 41 97
89 89 8 96 52 99 29 16
70 72 31 78 77 22 97 15
35 86 51 23 78 32 48 5
40 36 15 67 18 11 92 100
89 23 50 10 40 21 41 85
9 8 81 97 83 7 41 57
93 75 16 7 72 28 34 80
100 72 91 30 5 48 56 90
62 17 85 60 59 49 83 5
19 23 19 4 87 23 46 23
28 79 12 72 18 68 13 71
22 92 31 56 59 56 67 78
56 12 84 27 3 80 52 70
4 93 29 48 50 75 84 23
72 72 25 24 74 27 18 34
74 73 92 94 13 59 5 99
0 75 62 32 51 70 76 89
58 2 60 1 13 98 96 77
41 7 94 34 41 96 77 26
31 4 55 97 29 57 95 12
82 99 3 56 56 55 59 93
47 29 88 19 60 73 98 41
48 20 72 68 7 13 48 26
44 72 11 37 0 89 60 94
44 32 51 42 58 59 76 40
63 9 69 57 87 44 81 71
41 85 45 97 20 36 9 91
9 68 14 84 33 23 17 97
75 31 63 98 69 81 79 76
5 66 97 31 52 96 93 86
35 50 37 42 29 61 46 86
71 63 32 25 92 30 46 75
19 86 17 41 51 25 35 70
65 50 96 8 36 22 24 4
39 36 59 84 39 67 63 6
21 21 19 79 79 89 63 46
36 18 99 70 8 34 89 23
93 78 48 5 58 9 64 97
75 79 66 89 52 42 94 70
21 17 59 62 13 47 27 82
99 54 36 41 22 95 64 27
95 87 21 5 100 13 87 26
19 33 4 22 2 38 69 94
73 89 41 40 79 76 6 30
71 57 4 20 8 29 16 55
12 47 66 16 39 12 90 49
98 55 50 30 42 93 13 92
36 42 42 67 75 17 70 90
2 41 11 71 85 27 15 66
99 95 61 29 92 31 18 1
1 44 15 26 59 87 7 56
31 53 43 76 11 18 65 75
97 86 36 0 67 62 95 43
28 40 3 77 33 36 33 26
58 97 5 37 71 80 54 72
7 69 19 11 70 18 96 4
13 80 37 77 67 87 17 63
96 99 32 98 88 44 46 78
50 82 1 86 10 90 55 1
97 62 6 16 63 67 60 23
31 45 70 88 63 27 61 80
71 48 66 73 97 78 88 1
43 93 59 2 91 25 21 83
99 12 55 99 30 8 98 80
65 19 85 23 51 30 79 15
88 20 25 38 97 80 94 27
39 51 47 8 58 63 90 23
88 3 33 13 10 75 97 16
80 68 93 85 74 46 64 74
10 43 99 87 85 34 51 94
79 40 57 50 34 75 52 94
57 99 4 10 92 77 55 86
74 71 93 96 7 19 97 32
84 99 81 3 35 66 69 93
86 100 35 33 94 11 77 80
87 27 79 73 11 0 88 100
18 60 7 40 1 2 49 100
52 97 77 33 15 85 62 82
39 43 8 51 18 96 40 28
26 77 51 29 4 96 14 93
71 65 99 69 15 11 62 67
14 86 69 40 34 48 57 56
73 87 60 95 28 27 41 19
7 23 24 85 0 75 48 51
47 92 58 36 55 26 44 67
29 11 98 90 97 71 38 41
8 54 31 65 73 64 24 81
55 26 24 22 5 92 3 76
20 44 75 64 80 58 55 34
62 83 12 61 99 17 43 50
16 39 33 90 6 62 56 61
84 12 75 31 3 61 72 49
55 18 34 41 17 90 52 70
63 39 61 35 40 85 39 32
63 29 94 33 0 40 35 69
78 70 19 85 12 40 67 96
45 6 31 36 29 55 52 53
30 20 36 48 52 89 9 77
54 80 2 37 43 12 25 94
69 32 77 29 83 74 48 63
87 13 66 57 21 91 0 16
31 10 14 83 45 23 65 30
35 7 10 84 38 43 41 61
72 31 47 83 42 46 80 38
91 35 33 84 31 23 45 99
56 23 16 95 29 77 42 93
82 8 31 94 32 85 61 69
68 21 60 13 95 86 58 22
25 53 98 67 97 44 58 20
27 52 81 10 11 92 9 23
83 21 46 91 76 61 2 25
1 4 54 100 88 63 35 32
58 15 70 58 29 60 2 39
32 13 2 23 62 78 43 52
97 0 25 8 77 87 65 27
92 53 91 87 56 12 93 100
15 83 44 54 45 95 43 65
92 59 95 5 87 77 13 69
29 16 63 89 52 7 45 54
48 100 20 17 0 21 43 52
4 7 95 43 93 83 95 37
90 86 18 97 86 80 28 48
91 62 69 91 2 72 6 8
93 18 31 39 90 29 33 48
7 13 95 66 78 91 94 59
91 46 38 88 70 15 27 89
96 85 59 54 19 55 41 21
98 97 59 12 1 60 7 80
43 19 91 63 59 52 54 2
13 27 51 78 48 36 87 97
48 29 85 72 67 78 62 79
0 21 86 53 28 49 32 81
98 24 13 42 32 1 72 52
98 49 98 45 3 57 18 99
15 75 38 70 11 7 89 27
90 78 54 62 82 99 27 32
16 16 76 87 48 1 17 93
12 82 79 74 41 44 55 29
31 2 60 77 30 95 4 4
15 34 78 46 81 66 83 30
62 94 25 25 3 43 63 35
79 79 28 60 77 18 95 73
44 78 46 82 88 24 55 9
85 83 25 29 45 15 98 33
86 50 50 79 65 0 35 75
30 18 88 94 71 63 84 55
100 7 20 95 26 44 40 55
87 55 40 96 52 96 5 52
57 26 11 14 33 94 92 48
70 34 6 18 2 61 97 72
89 45 36 42 99 78 87 69
86 65 60 27 38 37 36 51
3 44 78 98 36 90 17 54
33 81 74 14 94 77 14 26
42 24 10 9 62 17 6 88
12 87 90 26 73 49 16 46
4 57 40 44 69 9 39 47
78 90 70 73 41 9 91 52
2 54 1 1 1 65 33 89
9 48 52 42 20 8 63 30
76 97 89 56 28 62 66 28
43 36 59 93 59 62 81 74
50 44 76 9 44 74 93 74
11 50 97 44 92 11 76 41
33 70 79 89 1 30 79 76
15 84 11 60 71 60 53 77
16 81 33 75 49 7 57 39
68 33 92 92 99 39 66 12
48 9 56 27 32 54 20 65
30 69 58 80 56 71 15 38
8 61 39 94 20 1 64 75
92 48 15 66 50 0 11 81
36 69 5 67 9 17 69 32
55 95 30 51 37 9 48 12
85 98 76 86 64 65 82 62
87 85 69 40 20 70 36 34
78 93 30 91 2 82 50 88
11 63 89 6 22 65 68 10
53 90 15 84 86 42 58 63
53 71 19 91 57 79 37 6
65 61 58 44 73 59 66 37
33 91 69 2 4 49 5 55
21 67 100 79 63 39 13 4
68 95 34 80 55 61 53 29
