158 110
91 99 86 12 88 98 54 22 0 55 19 73 89 31 16 21 69 65 43 25 4 93 64 99 56 49 33 29 10 1 30 69 59 95 31 32 33 69 83 67 43 78 57 20 5 35 63 1 84 80 19 6 0 87 85 78 89 68 79 94 80 16 33 99 96 58 51 75 16 96 42 70 54 30 18 98 28 94 69 6 12 27 8 43 76 13 19 57 56 92 31 75 62 15 11 81 54 4 30 91 75 78 94 24 29 31 50 22 64 34 90 21 72 36 76 29 89 55 65 73 92 51 31 65 54 81 38 72 100 20 82 18 96 51 51 17 4 6 57 33 90 78 73 99 95 59 28 74 47 40 61 92 66 50 8 91 46 20
0 14 65 41 1 80 54 12 18 62 66 13 42 58 74 37 42 14 33 95 25 67 25 47 80 64 84 28 1 46 45 1 25 69 73 85 47 51 48 19 5 42 92 87 38 28 50 70 28 81 20 68 5 83 9 53 99 34 50 31 99 21 40 99 7 89 65 36 4 1 95 14 10 96 71 7 87 86 32 60 81 90 36 85 68 74 21 44 54 45 67 9 56 97 78 1 39 33 24 69 25 68 29 85 16 60 6 6 25 47 100 33 75 80 98 25 21 31 0 71 19 26 14 62 82 94 79 52 60 40 68 18 30 33 88 70 53 58 25 61 55 75 74 54 13 8 87 10 20 9 67 41 92 30 26 71 53 1
17 54 2 97 80 41 44 7 63 58 65 74 7 4 11 44 87 28 31 7 7 18 76 35 54 41 16 60 45 80 14 81 74 9 18 87 41 78 63 42 73 58 94 80 82 93 86 39 24 24 71 78 14 81 41 7 33 77 77 79 71 9 56 0 77 44 52 4 61 35 36 68 81 81 87 65 29 77 2 20 18 7 89 32 63 64 32 87 9 43 37 75 22 22 31 73 25 97 88 79 10 25 28 28 57 41 25 55 26 81 65 5 67 55 92 69 4 88 19 99 85 44 98 56 52 46 76 40 95 61 15 70 2 72 64 100 46 13 16 98 40 44 39 18 54 94 5 71 82 46 28 86 13 10 45 97 72 44
30 84 24 34 14 27 55 71 1 53 63 76 94 91 79 7 60 91 24 64 17 6 26 48 3 95 29 75 2 88 94 72 28 5 60 89 26 14 80 87 85 79 48 100 54 10 36 39 78 55 55 12 40 82 85 53 11 44 67 95 63 46 4 31 30 43 12 43 29 55 62 54 55 14 66 82 55 12 74 34 46 25 73 80 78 84 86 60 45 100 31 47 66 20 16 100 11 94 83 41 32 78 39 19 6 77 0 65 31 86 64 36 99 23 47 80 53 75 52 49 97 38 42 16 30 9 44 36 36 72 24 79 18 98 45 18 35 84 68 68 20 78 80 68 94 97 44 30 72 45 0 96 70 21 60 94 56 23
74 24 82 87 56 36 100 17 24 78 14 76 63 24 64 16 43 58 84 84 53 63 8 28 81 94 83 35 58 81 79 52 25 9 65 68 22 68 65 75 83 7 66 82 31 59 27 11 94 99 77 13 83 61 16 14 66 41 25 69 77 59 34 70 34 67 39 13 12 32 83 48 38 39 10 39 3 59 87 93 13 0 8 94 79 41 16 31 54 59 94 62 18 37 72 37 28 55 8 93 52 37 34 29 40 15 42 74 84 7 41 39 94 36 80 17 48 81 54 96 100 17 26 62 49 4 34 4 55 9 36 2 59 43 10 97 21 48 37 80 5 55 18 79 26 79 33 46 41 80 5 4 88 75 72 84 95 26
91 93 56 91 54 71 15 32 28 2 98 48 4 65 39 21 56 77 59 91 73 72 15 39 29 39 76 12 83 33 62 89 77 22 7 16 75 31 5 88 12 56 22 50 54 47 56 53 6 88 22 88 97 41 54 78 11 61 37 40 8 86 6 43 52 82 57 99 20 37 86 87 51 8 17 13 30 57 27 29 42 74 94 15 10 97 67 47 11 39 56 85 19 23 96 19 49 24 55 54 62 35 67 96 51 66 75 40 33 27 39 37 79 31 12 24 16 35 62 100 13 25 97 2 87 37 1 62 19 41 71 16 31 21 12 72 30 12 0 62 2 63 30 1 24 60 21 41 4 97 52 44 99 40 55 3 97 100
92 87 100 60 36 2 25 89 100 49 97 85 40 49 18 98 79 60 100 43 64 99 51 22 78 65 25 49 83 71 52 83 48 46 71 82 34 79 72 21 22 54 92 79 12 54 56 70 71 87 39 83 31 20 34 4 20 32 16 12 66 4 84 14 53 47 76 68 50 72 33 54 62 91 14 78 97 72 72 82 9 89 36 31 59 70 96 64 0 12 98 59 18 6 72 84 91 34 32 34 1 76 28 12 39 27 54 56 13 36 89 45 3 61 12 9 84 15 52 58 39 32 25 84 64 90 9 8 67 78 76 15 77 13 44 81 67 70 0 3 74 48 70 62 50 87 82 80 77 6 58 47 6 68 19 5 76 82
58 43 56 76 34 60 88 45 96 80 61 22 12 18 47 98 11 5 49 100 3 23 27 29 53 80 48 38 47 38 6 16 29 85 25 76 75 100 46 3 32 59 62 50 88 83 59 78 8 51 11 7 87 1 56 100 73 8 56 45 82 96 6 0 11 84 14 37 91 74 55 86 6 90 76 35 54 37 99 36 12 30 40 92 22 56 25 53 73 98 78 77 97 98 3 48 11 4 34 33 45 86 78 35 3 58 51 18 92 27 29 10 64 9 78 4 58 17 92 16 3 69 6 85 72 85 89 62 46 21 33 36 60 87 41 78 68 76 44 8 82 31 98 67 53 5 64 88 28 75 35 84 86 86 11 56 25 72
53 66 6 39 84 96 57 57 98 81 9 89 90 21 55 43 50 29 54 46 1 14 44 84 55 78 73 54 51 64 38 77 46 64 43 56 19 60 74 53 69 35 74 98 74 68 89 20 68 75 83 0 72 76 4 46 38 55 45 14 55 85 68 96 37 65 95 78 25 35 32 25 69 5 22 61 2 15 46 98 40 79 3 70 0 46 13 95 95 38 47 73 41 45 1 61 14 58 56 61 68 21 30 68 54 7 12 97 46 61 15 88 80 78 46 38 3 88 37 18 54 27 23 12 91 40 77 48 100 81 22 0 54 45 0 96 42 61 69 45 94 65 20 27 55 12 33 70 85 97 73 28 80 95 61 1 5 4
89 64 92 9 41 67 44 36 15 95 66 3 99 53 34 64 33 20 15 30 2 30 7 90 68 47 79 77 97 95 42 62 21 64 59 92 87 60 59 33 26 9 76 35 70 100 34 11 88 47 19 53 60 87 38 9 11 37 64 84 2 21 46 88 3 24 87 9 52 62 27 100 10 47 57 90 33 66 84 84 63 70 52 80 31 0 100 38 32 21 26 74 86 49 75 74 68 97 6 53 15 24 48 53 28 24 10 2 66 100 97 51 51 68 57 23 33 14 4 59 36 4 95 3 1 88 13 68 77 7 71 70 47 67 43 32 69 71 18 89 57 62 84 77 48 85 66 81 94 20 70 87 47 42 4 42 76 22
32 57 56 59 19 76 86 92 83 29 43 6 47 39 48 65 8 20 72 74 9 27 44 4 50 89 35 55 12 26 88 79 1 24 9 70 60 3 99 18 87 4 35 69 52 46 90 54 42 36 11 63 74 81 43 6 61 34 14 73 78 59 22 65 23 48 9 86 34 76 59 24 73 76 11 25 59 79 24 19 38 7 66 99 55 0 65 43 33 25 59 15 80 55 43 43 72 14 19 59 23 11 83 49 59 10 58 85 35 76 4 76 77 65 100 36 99 83 72 16 92 24 84 76 19 89 21 44 74 28 82 16 40 22 8 99 36 9 4 0 94 96 33 99 87 79 31 21 98 18 48 29 100 58 56 56 43 16
58 3 61 44 22 75 51 73 38 84 13 47 34 70 3 80 3 78 49 66 98 71 90 20 69 70 98 41 30 87 71 32 72 7 31 37 95 15 46 72 33 60 71 73 71 93 14 10 35 25 46 100 52 58 98 19 28 88 23 98 32 64 82 2 87 69 70 48 90 43 58 40 71 30 97 40 24 1 55 35 23 97 97 16 64 95 67 7 100 39 98 32 34 39 54 40 17 62 12 41 53 78 0 73 84 20 21 88 18 34 31 83 97 55 96 37 3 1 25 90 34 40 99 99 2 0 33 66 33 4 90 89 53 7 88 82 43 94 52 43 61 40 5 44 99 67 75 88 69 27 25 6 90 71 97 81 12 39
98 41 28 73 20 95 9 91 62 93 96 88 86 94 53 1 36 51 82 24 86 83 44 33 97 56 24 2 26 39 48 49 97 51 40 59 2 93 85 100 100 18 75 83 68 85 37 2 2 35 52 5 90 86 28 83 35 48 53 21 47 35 45 8 97 54 18 89 38 21 22 24 78 6 9 89 48 61 98 59 16 77 62 74 95 70 54 37 14 30 3 79 7 76 96 86 22 4 31 64 21 95 86 89 80 1 76 88 87 19 100 78 79 73 62 85 99 30 85 88 26 9 52 18 100 36 12 41 86 36 18 85 90 86 92 62 17 9 59 84 0 11 45 78 39 89 24 90 22 15 91 54 54 10 72 4 87 2
56 48 64 42 30 97 61 50 58 23 61 52 35 21 42 83 55 15 99 4 96 84 89 75 95 35 60 100 73 79 62 25 77 29 91 97 28 13 90 57 85 24 97 90 12 11 77 86 25 67 12 95 18 11 93 50 39 27 14 53 94 14 3 11 98 34 67 77 62 88 18 95 76 17 35 15 37 60 37 83 0 25 0 64 56 1 94 96 75 31 57 75 26 97 82 19 59 49 18 59 18 41 95 6 82 56 70 15 87 22 27 49 100 53 76 93 96 45 45 81 55 5 81 16 94 46 57 94 41 74 18 10 51 50 79 51 18 33 83 94 53 40 63 42 32 44 56 46 95 78 48 83 80 77 36 7 70 77
59 24 92 0 46 86 27 17 12 92 88 14 22 48 8 16 56 29 57 69 50 46 26 80 68 63 20 65 49 68 28 61 68 64 53 78 50 57 24 49 78 84 92 25 71 59 85 76 64 95 89 29 100 35 42 49 43 10 1 26 82 50 39 14 32 44 45 95 93 62 27 73 68 54 75 61 68 78 18 62 88 45 72 8 11 65 100 52 86 9 7 45 24 65 9 17 76 69 12 66 12 68 22 92 92 89 1 34 34 46 22 50 56 11 24 2 90 91 68 84 24 95 64 69 80 87 17 42 49 26 22 39 58 16 83 13 61 71 19 80 82 74 43 51 75 83 64 70 97 91 67 98 30 16 61 15 69 10
12 54 46 95 92 65 43 3 28 52 81 54 46 61 66 44 32 37 33 16 51 85 70 17 51 29 92 78 85 20 87 39 92 36 79 71 71 37 25 64 95 90 49 13 3 6 7 29 100 95 63 73 42 44 27 74 97 55 88 35 81 65 1 16 55 94 16 30 39 28 24 23 16 63 38 87 84 81 24 70 3 39 76 22 75 44 69 96 16 66 81 3 99 39 52 2 12 26 72 23 13 29 54 57 24 36 67 58 6 47 100 55 35 67 91 16 97 7 82 87 31 81 90 75 51 39 93 14 3 79 72 7 86 74 36 62 31 19 36 44 0 35 11 61 28 87 21 71 61 63 77 65 65 94 34 36 7 4
42 27 1 0 37 57 69 77 14 99 15 6 90 56 33 15 27 6 39 74 88 20 38 24 89 35 16 72 58 56 79 97 19 98 98 51 28 0 72 45 88 59 6 19 40 90 43 62 3 88 60 38 88 51 4 40 94 37 35 83 96 98 77 24 27 44 88 66 87 7 90 86 65 1 53 93 11 61 38 69 50 46 19 17 61 27 75 62 74 41 28 70 67 11 82 15 39 86 90 28 6 46 88 36 82 86 10 12 37 93 1 93 72 33 76 4 33 94 8 7 21 39 5 26 37 81 1 9 79 79 34 54 0 77 31 9 18 11 6 75 82 21 37 14 46 44 51 55 20 39 49 91 83 75 87 69 30 71
99 16 36 3 38 38 45 34 70 75 98 14 29 44 33 14 53 92 55 14 81 13 76 72 48 12 73 50 39 100 7 23 20 87 55 82 65 85 52 95 51 99 65 13 92 4 81 31 46 14 16 80 19 82 10 30 10 90 95 23 23 37 54 3 45 27 70 89 91 50 74 41 30 65 36 45 6 58 89 31 90 25 96 9 9 30 26 41 26 11 50 83 93 17 24 30 2 16 1 97 43 16 46 1 93 39 30 6 6 66 6 60 17 45 74 16 88 79 88 48 47 64 85 71 7 36 7 95 81 9 65 55 75 97 45 36 48 89 79 84 7 3 11 83 16 34 64 52 10 32 57 61 1 49 53 50 24 98
47 92 33 50 87 69 20 8 49 22 33 76 88 73 100 11 92 17 51 11 15 25 3 67 84 74 56 33 69 43 20 43 54 77 60 38 61 93 0 18 29 3 65 28 46 4 86 62 34 41 37 7 87 77 38 83 86 43 77 48 23 21 10 1 23 91 24 80 79 92 14 56 47 57 48 42 62 84 25 48 66 58 0 90 98 99 39 33 91 52 24 1 41 100 65 17 42 79 23 61 72 64 99 77 45 61 63 63 21 56 36 59 43 86 13 23 65 24 68 46 61 28 62 45 22 93 94 56 16 21 72 44 26 61 25 81 76 89 12 66 93 65 29 100 8 74 42 20 97 4 32 95 43 46 73 48 100 84
55 24 27 30 69 12 77 68 91 67 23 39 4 19 63 47 15 32 39 22 50 31 89 64 71 78 77 11 58 91 84 46 60 94 82 58 4 51 36 22 88 5 78 8 36 94 100 34 50 77 86 85 57 64 11 60 12 42 8 41 51 33 49 57 83 65 70 97 77 68 81 94 69 26 92 24 53 100 71 29 53 43 36 31 100 2 7 79 61 29 55 27 91 30 81 2 1 43 68 77 60 92 5 73 97 36 23 45 85 31 74 81 69 41 49 16 63 5 36 80 73 88 72 100 17 50 65 6 3 19 69 33 61 99 48 26 99 6 4 73 53 7 21 36 58 90 84 24 50 35 70 66 94 88 5 68 23 64
96 32 87 21 29 84 53 35 66 18 28 44 96 16 35 85 84 14 87 37 41 72 64 69 31 93 42 20 38 86 72 44 28 79 48 29 35 51 83 0 62 69 85 10 22 81 42 21 79 39 81 83 90 4 2 55 92 38 56 3 98 49 70 17 78 97 41 15 91 80 21 100 98 47 68 63 100 90 86 3 83 66 97 75 77 100 68 73 42 79 78 90 92 78 75 3 93 85 18 3 94 7 66 36 81 4 28 99 90 67 12 53 83 23 63 46 40 69 50 65 14 54 5 2 74 22 82 88 7 23 44 42 3 75 90 98 92 5 69 88 94 11 20 77 93 94 14 31 42 22 7 53 14 82 80 75 99 32
11 57 8 59 92 94 100 36 67 31 86 73 94 16 59 80 12 64 68 75 67 49 48 6 48 50 56 65 35 76 79 17 81 28 91 100 98 18 59 26 37 58 91 13 8 24 61 95 69 50 21 19 38 70 57 37 43 87 50 58 26 1 25 57 7 75 10 21 19 32 28 63 56 97 86 63 41 59 12 87 1 1 82 88 23 2 53 58 18 57 65 94 66 54 60 45 17 74 29 0 84 47 1 45 63 70 62 88 55 18 57 44 57 25 8 41 72 62 78 5 98 20 61 4 5 41 31 77 16 44 58 36 53 55 73 66 78 92 73 67 20 59 56 36 87 11 11 6 58 77 15 8 72 55 10 67 48 51
31 57 60 77 45 46 74 43 33 48 93 2 52 52 79 62 54 36 93 68 61 28 36 30 91 45 33 6 80 92 13 84 48 76 100 7 7 58 5 13 69 19 6 100 76 48 66 15 66 66 91 13 22 68 34 28 96 71 36 91 78 26 40 58 73 33 32 76 1 45 21 2 39 96 31 4 11 94 22 2 78 17 9 59 9 72 41 85 44 24 90 21 0 2 31 22 94 0 11 48 31 52 58 26 82 52 40 28 59 77 62 83 67 51 49 55 90 78 9 22 92 73 77 39 83 5 41 88 33 90 98 11 98 12 94 43 78 63 8 25 11 17 68 93 15 25 54 23 39 67 49 72 73 42 49 24 28 57
35 37 46 63 59 58 54 32 44 83 22 58 33 93 94 12 67 13 8 88 95 20 78 15 3 80 28 70 12 54 67 70 10 20 41 57 85 39 79 99 75 10 92 10 79 37 86 17 81 58 10 66 57 88 79 79 47 63 69 99 88 50 87 52 98 15 43 59 26 24 40 7 71 38 14 95 63 38 65 23 35 84 96 28 56 51 5 42 16 78 62 81 64 44 5 36 30 64 67 15 63 41 66 6 52 68 19 6 59 51 86 28 60 28 11 50 56 26 38 27 55 61 81 3 46 73 55 29 81 63 52 86 13 89 33 21 91 36 67 37 8 30 11 23 99 59 49 66 51 30 47 15 15 90 52 95 7 75
39 79 68 38 9 97 95 74 21 47 9 32 42 29 65 21 92 93 8 76 27 87 61 9 31 56 49 99 80 92 98 13 23 6 63 68 25 31 1 72 7 22 28 48 50 69 54 51 63 32 77 40 72 0 54 49 47 72 60 69 5 38 71 46 25 5 49 5 57 90 2 100 23 17 41 42 25 59 42 86 16 48 38 30 66 87 28 93 6 32 38 48 93 90 32 59 4 94 85 71 82 88 66 16 80 4 70 0 68 78 18 92 40 29 30 51 69 17 60 97 49 78 32 73 2 3 96 48 14 40 2 27 51 64 63 90 7 73 50 55 42 39 42 54 76 46 68 77 34 46 60 55 39 3 81 68 21 5
3 80 98 17 11 71 95 47 46 44 1 9 84 5 13 45 64 97 18 56 33 63 85 45 95 87 8 88 43 74 82 60 73 90 74 47 80 21 35 11 16 40 30 60 71 97 84 37 62 18 100 61 88 63 17 77 19 34 53 1 64 90 97 41 41 60 2 2 59 33 99 86 91 40 11 93 52 30 0 90 21 0 86 95 12 87 92 46 16 100 8 29 34 93 30 81 93 18 50 38 15 37 24 22 62 85 19 40 14 55 30 97 69 7 86 41 76 93 81 36 37 81 66 28 28 78 39 52 62 83 76 91 13 13 69 62 68 44 10 29 27 19 97 43 10 49 89 85 88 89 9 18 42 83 45 58 59 92
98 39 34 82 27 81 0 64 94 24 33 47 43 29 60 82 66 8 22 3 4 12 100 74 11 58 85 24 52 11 39 54 75 27 5 29 6 59 6 0 4 72 78 29 75 7 26 52 9 72 30 63 80 49 29 4 27 46 99 93 28 53 20 42 75 27 38 26 15 35 14 45 89 42 22 99 18 5 51 64 31 6 79 6 3 66 9 38 50 12 24 72 67 97 38 78 63 80 90 16 7 50 43 0 72 100 39 89 64 35 31 61 45 24 54 46 83 40 33 89 15 100 83 14 35 27 19 34 60 86 23 61 46 43 51 18 72 4 72 86 64 11 20 31 84 100 58 13 19 63 69 5 10 47 9 55 76 47
96 9 41 93 39 54 30 62 21 34 6 88 73 31 87 41 75 38 19 12 62 99 55 50 84 17 75 24 73 11 35 68 72 7 21 19 18 26 37 75 12 83 18 85 42 60 61 23 36 21 60 24 39 51 52 100 32 62 60 54 62 6 22 55 74 32 15 22 36 5 97 50 21 46 98 88 7 58 43 18 15 66 83 21 91 33 18 52 28 56 33 74 27 100 68 76 25 12 99 71 77 86 82 47 80 65 22 89 36 92 73 18 44 46 93 43 89 29 66 52 34 11 32 85 90 34 38 29 70 63 86 88 33 30 51 16 69 6 58 3 62 70 46 50 22 71 9 12 66 94 15 15 12 8 67 74 99 35
73 82 96 50 16 45 80 42 51 26 85 47 23 78 77 38 40 57 49 20 37 19 23 16 84 42 66 99 22 10 99 35 87 84 24 6 42 83 42 45 50 7 93 32 49 13 99 13 22 25 81 81 20 5 61 100 58 14 93 90 47 22 34 29 94 75 84 100 51 95 36 32 69 55 77 20 77 41 14 8 22 27 96 33 8 33 93 60 69 80 77 94 55 0 67 91 57 56 84 67 38 22 98 72 84 69 18 15 91 90 27 57 96 12 84 73 56 81 73 58 67 34 11 30 49 16 51 3 13 15 46 69 38 88 35 74 26 18 90 35 8 2 87 68 8 43 51 12 45 18 70 92 33 67 89 52 40 46
84 57 72 32 88 12 3 71 39 49 93 75 6 90 45 37 33 24 43 60 16 17 23 64 88 98 45 95 43 37 89 2 49 46 15 92 83 17 55 53 33 30 41 58 78 83 80 70 77 43 90 33 34 3 98 51 87 23 56 2 17 91 40 26 53 69 66 50 19 1 91 46 8 67 40 35 80 85 36 68 93 85 60 37 51 10 18 94 14 36 36 92 19 47 89 40 53 1 6 38 38 50 79 39 42 64 100 73 42 86 44 10 56 21 26 26 88 99 87 89 87 36 79 31 99 69 16 94 14 99 91 1 88 36 75 92 16 78 59 31 59 13 32 87 42 94 5 34 20 71 95 91 54 22 96 37 71 40
97 21 35 88 52 91 2 74 9 53 32 81 0 91 79 72 8 36 58 94 13 72 99 79 95 90 15 13 36 71 2 44 98 77 93 5 97 22 99 73 50 76 96 0 94 71 42 86 29 14 67 72 3 14 27 45 54 79 2 26 28 92 82 19 78 68 42 14 94 77 42 16 1 100 53 94 57 57 89 70 10 6 7 99 21 47 97 57 9 18 16 100 56 14 34 21 26 96 84 39 20 55 58 79 25 92 71 25 48 20 39 78 41 8 48 89 2 83 51 22 19 15 92 19 11 68 10 76 69 62 53 0 78 74 97 67 28 94 78 83 90 34 46 71 35 24 58 23 60 51 11 25 38 61 36 43 8 11
34 18 31 12 19 92 20 24 85 55 94 71 42 64 32 37 45 27 93 42 56 91 25 28 65 58 100 100 45 17 40 100 81 77 64 32 60 63 36 26 72 83 31 91 32 44 96 25 40 5 6 75 21 25 46 61 35 57 14 3 59 93 91 20 96 85 61 3 6 50 31 47 49 58 9 90 23 12 79 24 78 51 53 4 39 51 55 28 10 76 30 39 4 29 88 81 35 20 10 90 91 19 36 15 1 91 99 32 77 17 37 70 9 72 10 83 16 57 62 87 69 29 58 73 2 41 69 22 83 83 75 2 36 76 35 73 93 53 18 40 23 97 73 39 47 97 94 92 84 27 2 35 63 67 62 48 35 75
34 4 89 36 43 31 79 15 18 14 69 87 63 33 58 67 82 72 49 32 92 19 75 94 83 55 61 1 80 86 75 40 3 93 58 17 63 69 51 90 75 38 95 74 56 90 68 3 99 75 5 29 40 78 99 34 64 40 74 44 96 73 95 98 31 8 93 85 91 46 99 48 95 9 20 49 4 98 27 59 33 94 87 62 38 89 19 93 51 78 77 8 88 76 0 40 45 45 42 72 99 19 64 24 57 82 14 30 74 73 65 13 90 54 5 91 71 52 69 49 51 92 17 64 2 63 34 43 26 65 61 80 6 89 100 36 88 11 55 95 6 2 23 83 70 60 84 56 36 6 54 17 23 49 7 30 34 7
30 65 8 10 6 29 70 23 71 42 56 47 33 94 68 16 14 71 31 63 21 28 48 54 13 52 65 69 19 99 61 73 97 91 46 72 33 50 2 90 59 35 16 39 25 81 35 61 65 49 97 42 99 52 70 84 92 63 43 65 13 6 39 58 98 23 10 24 1 84 89 77 7 48 9 45 39 44 20 15 30 93 53 44 94 42 31 62 51 92 25 88 74 65 60 88 95 68 39 55 52 14 85 26 66 12 41 81 95 30 91 56 1 81 13 26 91 82 45 88 60 19 35 22 23 42 90 20 62 66 46 44 35 19 77 76 45 33 76 85 40 93 66 36 10 44 13 29 68 19 53 84 19 31 48 79 65 8
64 77 7 66 76 81 19 29 69 16 7 4 7 30 84 44 8 92 76 49 16 57 60 60 75 69 98 78 51 20 14 48 1 20 47 76 92 87 44 83 0 16 14 91 34 1 23 82 40 66 79 44 3 81 30 16 58 59 50 7 88 62 95 75 55 44 15 95 93 28 63 19 76 17 89 21 80 41 30 58 81 9 62 80 38 73 31 8 55 20 71 82 16 8 19 22 21 40 28 3 83 53 68 43 34 63 49 13 44 33 44 57 49 16 26 8 40 19 53 78 79 37 3 73 40 66 49 87 44 70 6 48 73 33 24 94 88 31 23 80 89 48 44 59 15 13 17 45 19 6 25 23 78 91 73 34 23 25
30 84 45 73 63 2 81 36 13 51 88 81 52 49 38 33 68 7 60 7 30 59 44 90 28 99 8 52 65 25 89 52 30 13 67 3 55 17 67 55 31 90 23 23 89 87 9 75 52 14 86 98 32 77 36 88 32 87 70 93 28 90 56 88 10 16 35 51 73 55 13 81 15 1 94 60 76 23 10 31 97 96 31 52 7 90 15 42 7 58 71 86 58 47 56 70 80 40 43 18 2 44 44 89 44 70 85 27 62 22 12 63 31 69 26 71 13 3 25 88 21 23 95 55 80 38 76 88 97 40 53 28 55 73 24 75 58 18 35 16 98 37 97 85 77 84 95 46 17 61 52 10 73 90 33 90 89 55
61 30 66 9 58 94 4 98 98 65 8 70 42 30 76 0 80 85 89 40 99 2 19 14 48 7 0 73 58 41 20 11 27 32 41 50 78 77 61 80 8 46 62 80 96 25 7 34 75 86 59 24 91 94 9 42 56 13 90 0 14 76 0 12 49 91 59 50 93 27 47 87 1 14 92 45 23 66 31 16 45 42 0 21 19 35 29 42 41 46 48 72 6 18 4 81 36 18 38 67 3 5 12 40 19 64 38 74 74 60 66 93 8 3 48 52 56 22 48 71 64 29 6 35 20 73 75 79 100 33 53 34 81 31 92 95 20 75 18 90 55 70 21 1 61 12 82 65 31 39 66 1 51 82 2 7 71 93
97 51 1 76 86 39 20 31 20 39 75 99 58 3 64 44 64 94 84 44 65 22 83 62 31 100 62 45 24 70 49 8 74 29 65 59 97 43 15 96 57 50 59 66 28 0 61 66 57 12 93 41 87 71 31 5 53 39 93 91 34 19 4 12 51 60 0 6 96 28 59 23 65 83 38 1 49 9 8 73 47 8 10 92 0 31 82 51 27 62 99 82 82 4 99 16 53 67 99 71 9 0 8 14 80 38 87 1 38 27 92 79 51 98 34 81 41 43 34 34 78 71 65 60 8 68 61 27 60 64 46 52 70 63 95 73 26 62 85 8 66 3 95 20 16 65 42 83 66 90 27 44 79 1 72 46 30 28
2 31 4 10 10 5 64 48 44 51 30 46 54 0 25 28 77 53 53 32 38 95 41 2 100 15 89 80 9 70 8 41 17 92 94 27 82 40 72 87 30 75 27 0 37 49 1 49 85 99 50 29 63 55 84 89 65 32 13 90 68 89 12 95 14 29 0 71 31 40 9 21 29 15 2 7 36 96 53 83 78 54 31 3 30 17 59 18 52 48 86 70 77 84 67 76 77 17 17 38 44 94 6 8 32 20 21 47 52 91 37 89 75 19 70 47 78 60 78 47 62 75 44 33 60 12 77 89 95 54 9 33 57 97 90 47 96 13 63 93 77 98 86 24 40 11 85 72 34 96 96 75 1 74 47 48 29 100
28 15 13 42 83 59 31 42 47 20 74 73 24 69 69 66 87 68 39 94 73 25 50 99 93 32 76 44 34 5 37 10 79 9 40 11 92 21 23 36 18 11 38 9 47 38 69 65 10 35 98 100 75 0 32 8 87 72 70 34 32 5 82 94 84 81 49 21 49 2 82 2 16 90 85 54 83 24 36 66 49 8 92 73 71 69 93 9 28 53 88 46 92 94 82 74 27 28 61 38 73 39 49 25 2 68 95 55 77 38 9 79 0 95 48 96 34 98 78 88 37 88 57 78 39 83 9 87 38 11 46 72 96 13 50 8 90 16 40 69 37 6 34 100 11 57 61 63 12 85 0 1 86 14 5 90 4 81
11 2 21 16 72 77 99 54 80 27 4 39 18 34 50 71 73 70 80 73 56 47 5 78 6 45 88 55 54 21 91 66 22 57 34 55 90 58 92 17 94 58 38 93 1 8 69 94 78 33 71 24 5 56 62 60 94 37 35 40 72 16 68 57 51 97 0 10 19 78 76 8 39 7 98 93 17 17 32 17 21 0 41 57 3 72 97 64 77 11 53 91 9 10 53 87 76 7 82 36 0 20 79 36 34 45 90 35 86 14 97 62 99 13 44 18 50 87 87 98 36 51 82 8 47 93 28 89 14 7 14 21 84 6 89 95 41 26 69 60 64 8 18 52 13 35 59 82 71 61 92 85 49 56 98 56 38 84
33 73 99 10 52 68 59 62 30 19 0 17 65 3 74 73 34 80 36 15 51 5 28 77 54 81 30 11 9 92 41 21 36 54 92 76 77 43 33 51 60 61 62 50 98 72 87 86 73 60 44 91 91 8 28 16 19 64 12 38 60 73 72 11 73 24 40 96 42 80 67 70 24 66 45 36 6 73 11 36 52 12 47 16 15 31 10 17 55 13 35 12 59 26 93 79 41 48 74 77 20 88 91 77 63 35 20 13 91 59 6 52 35 64 82 50 54 43 80 94 78 77 75 66 85 55 61 78 40 74 30 93 86 20 41 48 58 63 23 33 47 99 81 86 41 87 39 3 6 58 88 21 61 13 81 85 68 99
65 66 9 22 6 48 81 100 48 20 93 35 71 28 32 82 14 30 50 97 93 87 34 74 61 95 79 79 57 61 71 86 12 8 43 65 38 24 9 43 38 81 71 36 32 61 12 19 46 77 28 55 40 56 54 38 28 78 7 3 17 35 99 10 22 25 76 26 25 6 28 39 84 71 31 41 78 61 18 3 97 85 6 15 60 96 29 14 88 0 82 8 71 6 1 80 34 85 42 92 20 84 84 94 99 70 16 78 40 65 46 17 79 18 49 53 75 4 53 0 23 90 62 6 5 50 84 36 93 20 94 2 40 47 15 28 64 43 37 67 71 99 17 59 7 91 10 61 23 96 98 76 100 53 9 86 19 43
11 27 28 69 24 78 74 56 21 63 74 94 78 83 35 23 80 38 10 90 86 38 43 29 61 6 81 17 22 82 79 8 10 74 17 41 99 36 80 88 24 48 83 33 32 4 1 92 56 34 25 65 69 92 99 47 89 87 71 67 11 89 98 39 18 34 7 97 70 70 19 50 52 80 83 14 15 95 35 86 78 92 9 57 5 18 7 37 56 90 28 13 93 52 4 0 68 27 66 51 61 70 34 23 81 14 9 3 67 33 38 4 92 95 10 47 79 37 64 59 7 56 46 8 86 83 20 57 19 97 64 98 9 17 100 69 71 32 53 100 90 58 73 50 40 76 34 96 29 91 81 44 77 91 45 74 31 69
41 13 52 68 49 49 57 87 47 44 23 16 53 18 11 41 81 34 78 50 52 46 23 23 7 53 71 31 83 14 52 82 38 7 43 48 39 22 13 75 66 16 72 31 1 92 8 87 19 64 27 27 33 35 35 10 19 97 16 80 68 32 7 4 28 2 33 49 85 28 54 89 61 15 65 96 6 12 32 1 69 3 29 73 94 80 41 15 27 21 34 84 0 29 90 77 76 1 17 1 54 74 13 21 2 10 74 8 26 37 45 64 29 82 36 35 96 87 26 64 17 27 100 98 85 68 10 1 5 34 86 89 12 66 13 3 20 3 20 84 87 68 54 0 25 86 54 19 63 67 35 31 97 45 60 15 73 73
78 44 81 39 74 79 94 69 74 3 21 7 96 65 60 87 7 46 58 99 96 4 1 74 91 50 27 14 20 59 96 17 7 15 72 9 34 45 3 68 34 92 9 89 40 22 21 42 40 39 29 35 71 89 86 72 35 75 66 81 16 23 92 27 84 40 1 42 10 43 22 87 75 1 66 68 94 66 24 98 46 39 39 14 11 36 56 73 47 11 28 18 45 76 56 14 56 20 30 74 84 40 26 73 32 65 92 36 40 62 26 38 35 72 69 9 45 90 42 84 53 52 26 99 43 71 1 43 58 35 4 1 29 52 62 29 88 48 12 28 35 27 88 58 55 76 32 3 54 44 46 36 87 95 95 17 31 87
36 70 13 67 34 95 33 21 73 78 53 72 100 51 18 43 52 32 6 62 99 49 1 25 58 88 62 68 42 85 59 48 40 24 72 42 29 84 91 22 88 5 26 10 69 14 80 29 6 87 29 59 42 27 77 64 6 57 62 47 4 50 23 10 46 59 38 22 27 47 72 38 52 24 74 20 19 92 57 70 67 13 77 71 39 18 51 54 48 64 59 38 86 61 74 24 9 56 75 25 8 29 16 46 2 94 67 91 66 4 56 95 100 21 7 58 44 23 4 65 3 9 20 68 50 75 53 51 92 0 62 40 22 49 5 8 6 44 79 83 68 53 95 58 23 66 16 11 80 65 91 53 88 32 59 22 52 42
42 32 35 14 38 93 85 53 84 93 64 39 54 20 81 39 58 43 55 95 32 2 37 37 13 17 88 34 15 17 40 23 47 43 58 60 9 41 82 58 15 100 74 37 82 72 71 92 78 28 4 88 76 60 97 100 95 77 16 97 34 15 1 21 74 79 2 4 10 36 47 51 42 60 28 53 19 9 55 31 54 42 31 78 42 66 41 5 28 4 69 41 4 26 28 4 61 24 20 41 41 39 83 56 18 57 56 28 45 78 89 38 87 54 99 35 13 79 42 52 73 16 54 88 78 82 12 19 65 73 8 17 80 2 97 34 96 44 6 87 24 100 97 67 34 64 76 27 15 77 74 2 22 77 8 19 80 5
56 73 19 6 55 63 78 19 9 56 73 54 88 62 41 90 42 29 78 51 46 91 83 1 70 75 28 56 28 37 30 14 72 48 28 18 96 89 90 48 3 83 96 73 85 21 58 78 12 34 24 43 1 0 88 64 92 94 29 47 85 10 47 61 27 7 6 12 90 96 96 22 5 89 1 77 90 30 63 61 64 44 41 66 43 12 90 66 39 49 15 50 96 42 59 36 52 35 24 14 58 34 26 62 45 31 59 79 39 28 9 85 69 89 57 60 54 6 40 71 35 77 26 63 40 26 10 76 98 65 11 46 49 16 97 49 40 11 83 58 28 0 100 47 25 76 31 86 1 63 9 60 27 86 8 10 98 64
59 94 55 25 44 15 23 81 53 70 77 55 80 11 0 49 82 83 98 0 89 35 94 78 61 4 82 41 73 64 57 43 14 8 62 13 18 66 95 14 9 73 35 37 68 92 55 19 49 56 82 91 75 87 69 70 15 29 32 71 57 91 64 69 55 65 19 91 25 16 45 49 38 93 27 17 41 100 14 14 32 12 30 52 20 19 88 91 88 54 69 90 96 52 76 22 35 100 81 58 85 83 31 73 66 91 100 24 63 96 38 10 74 60 86 74 46 28 0 66 88 94 53 55 30 17 81 12 59 82 10 33 78 50 4 26 76 69 13 37 17 17 64 77 55 19 91 84 37 55 44 57 2 26 58 96 76 38
94 49 40 22 88 76 85 87 38 74 87 9 77 53 69 9 76 61 92 61 68 97 72 37 34 87 62 46 36 99 55 1 83 25 11 42 81 85 83 6 12 8 98 87 35 100 31 63 46 46 9 30 84 22 2 39 36 57 4 58 59 20 44 54 18 25 38 27 72 43 24 16 18 34 64 51 24 56 18 3 49 51 85 13 69 12 78 61 69 66 15 17 95 20 91 97 4 67 22 4 10 63 9 17 22 80 51 84 65 60 69 4 48 91 27 100 67 37 64 87 43 3 71 7 30 58 46 78 27 5 39 27 75 77 47 85 63 97 99 20 27 62 93 61 98 16 26 43 14 68 21 24 26 89 67 75 17 54
62 74 28 34 47 64 29 75 38 52 73 47 0 25 88 21 37 58 35 55 38 82 95 59 76 88 39 71 69 97 9 79 45 37 52 15 38 93 72 54 98 4 26 100 40 50 55 44 86 40 4 9 13 68 4 24 78 33 6 90 92 40 50 53 3 44 58 42 2 41 0 25 29 95 56 67 19 44 60 58 26 37 48 63 13 93 78 26 67 65 72 27 54 51 74 51 54 67 63 8 100 24 86 89 92 56 38 65 58 5 36 38 39 100 61 20 13 17 54 41 98 5 14 69 28 54 70 27 31 67 95 20 18 47 45 8 17 13 54 100 62 31 58 79 86 21 60 88 13 12 95 71 56 23 67 32 50 46
33 14 8 94 9 61 67 56 73 89 26 40 92 15 89 96 72 38 38 7 100 74 39 8 95 53 69 22 13 58 66 15 66 83 28 6 96 48 69 87 4 14 99 53 42 23 63 72 87 75 39 26 93 64 89 11 6 42 98 97 5 79 94 42 71 4 97 41 31 78 84 11 94 23 45 14 13 21 46 67 39 12 61 81 11 53 13 18 63 76 55 24 70 46 52 26 20 88 80 87 37 0 67 17 15 59 100 48 2 6 9 44 0 14 75 65 70 0 88 18 37 52 43 74 14 16 67 69 40 91 86 5 52 12 96 96 41 96 33 94 44 69 20 27 79 73 17 36 63 74 71 1 78 55 78 59 52 70
36 48 46 97 10 49 19 25 16 69 60 98 93 65 95 10 27 80 87 61 28 53 63 55 90 96 34 80 56 64 51 97 80 9 20 46 33 93 61 91 76 57 89 19 35 22 63 90 89 57 100 3 34 92 42 90 65 24 70 56 51 48 48 5 74 2 62 85 11 61 36 41 96 69 10 3 16 68 11 52 11 4 34 35 21 1 69 99 94 16 31 43 61 62 21 27 82 58 20 21 55 55 1 76 11 6 59 2 63 88 59 8 15 59 11 45 22 100 42 19 48 88 42 27 17 48 2 34 70 53 38 92 21 42 54 21 10 92 29 84 26 100 72 46 5 27 91 97 92 83 25 62 65 74 75 40 92 1
58 37 17 40 75 11 1 56 50 86 17 78 16 66 88 99 34 100 12 19 92 94 49 4 48 73 53 56 56 65 45 78 76 97 39 66 84 38 73 83 14 74 35 82 82 15 12 81 86 26 39 77 2 17 53 46 17 32 85 35 45 46 8 64 75 4 18 100 16 74 40 28 34 56 26 27 3 93 34 10 89 85 25 94 45 36 10 91 61 36 59 72 31 70 13 84 32 41 94 0 92 74 62 6 29 65 58 70 3 19 46 90 77 64 53 100 70 94 11 16 93 31 51 99 58 58 25 75 73 87 40 59 57 80 92 51 66 46 67 3 35 92 68 91 62 28 37 68 0 0 83 79 94 77 49 57 73 69
44 55 9 42 14 93 5 29 53 41 46 5 67 16 63 32 42 94 23 0 98 3 65 80 66 40 39 54 7 69 7 49 25 50 73 78 47 80 54 88 32 53 98 71 0 49 15 29 80 26 0 11 96 44 66 73 85 2 53 39 60 52 88 23 33 87 13 34 84 20 72 93 31 29 61 90 62 6 56 8 74 47 52 23 0 87 74 17 53 3 27 24 27 100 13 17 25 56 30 19 34 86 69 89 50 15 98 7 54 57 46 8 55 98 29 52 52 77 22 38 10 84 93 33 22 66 95 12 48 96 17 43 68 65 83 53 42 3 30 24 35 90 33 30 65 68 34 67 65 56 52 24 21 89 18 27 93 82
98 36 23 38 68 29 36 52 24 85 64 37 64 35 22 68 76 16 37 69 7 75 93 94 12 100 66 69 0 96 81 86 77 90 22 63 74 76 34 96 16 33 70 83 93 37 61 32 31 37 53 46 29 87 99 11 94 85 78 39 79 3 77 79 52 27 12 81 24 17 14 55 10 31 5 70 25 87 60 66 2 78 9 99 88 37 71 53 76 45 1 55 99 47 65 14 56 39 18 17 23 36 3 50 85 76 80 23 56 84 8 61 18 45 47 46 98 17 100 95 77 8 45 87 26 32 95 35 24 60 55 91 63 85 1 100 51 17 15 97 57 45 64 77 60 23 34 14 44 51 31 17 94 33 16 87 55 99
20 43 74 39 37 42 34 74 63 43 17 86 87 77 25 8 96 5 80 7 11 98 84 5 69 36 71 41 91 8 41 0 93 6 51 5 72 13 31 81 24 19 60 49 5 20 79 13 32 89 78 90 27 3 28 48 13 30 99 84 0 64 4 17 3 4 2 38 73 91 91 25 88 55 67 1 48 97 62 98 40 88 97 8 93 28 32 69 15 98 17 100 6 9 22 51 12 52 58 61 65 81 50 33 73 78 6 60 61 34 19 67 42 62 64 33 15 76 29 94 60 88 19 87 40 15 73 84 32 19 83 48 87 95 75 5 94 10 2 61 15 53 57 41 8 88 27 44 13 73 1 3 26 13 96 73 87 15
95 88 14 67 47 28 2 35 62 39 44 36 0 61 14 87 91 77 66 61 48 59 54 26 10 97 96 51 18 51 48 84 26 24 84 21 82 15 12 56 7 39 60 13 4 61 55 44 51 75 9 57 27 44 77 90 5 16 84 35 64 71 80 21 22 9 43 35 51 96 82 95 80 40 23 57 97 67 34 61 16 34 100 100 18 10 15 8 69 34 53 96 26 37 33 76 64 77 39 11 48 14 53 85 61 3 38 24 16 23 73 31 9 83 84 44 26 19 26 90 94 5 96 14 86 36 85 64 36 48 76 26 89 89 75 16 15 86 19 62 0 90 57 16 71 78 25 75 78 36 47 21 12 9 58 82 92 35
24 45 48 57 86 57 63 66 3 24 88 9 64 74 17 65 28 20 11 90 76 0 6 23 54 45 1 14 49 27 29 9 32 92 67 87 33 22 83 35 76 77 8 86 54 71 12 71 12 95 40 42 90 56 94 68 43 1 18 25 69 29 88 100 15 99 83 82 36 67 85 37 86 10 45 52 49 30 91 82 41 49 5 35 32 100 17 50 94 68 53 74 21 56 44 57 6 26 73 87 79 2 73 60 3 93 78 25 26 7 10 26 80 39 44 50 90 95 40 5 39 99 20 1 92 71 88 73 90 72 58 6 35 0 5 85 29 93 58 95 35 94 74 83 32 68 48 34 65 16 3 81 18 14 4 78 35 48
6 15 26 46 35 5 94 74 55 68 5 14 13 91 71 68 77 52 31 37 26 1 38 54 25 75 38 89 40 29 8 89 65 13 4 9 7 25 73 16 34 59 33 17 2 66 44 50 80 59 94 56 38 40 30 92 37 78 99 94 86 38 75 66 48 14 19 79 43 56 60 60 64 41 68 44 87 82 25 50 8 68 79 61 27 48 3 71 28 39 99 78 58 15 40 2 42 56 30 96 92 84 96 65 9 34 33 96 42 10 5 32 58 77 30 39 27 10 22 12 96 37 18 91 33 65 29 95 77 7 32 12 35 62 42 7 6 32 74 45 53 90 50 16 44 84 11 7 78 24 63 23 16 21 4 51 57 2
77 81 100 36 43 85 61 53 50 21 72 37 61 83 31 24 49 70 11 23 90 17 70 18 17 96 98 37 3 45 72 82 99 42 99 55 49 57 37 9 97 28 21 41 87 54 11 52 14 55 52 63 32 90 66 35 71 24 96 15 66 31 18 97 32 39 93 6 19 61 53 45 26 21 51 73 43 65 18 83 97 25 5 86 92 59 95 85 90 28 47 59 6 54 13 6 54 68 64 60 76 63 22 97 83 14 40 24 61 96 42 71 21 54 79 77 49 94 25 96 39 38 28 99 18 30 98 57 83 92 86 30 34 60 29 32 1 2 61 38 2 14 71 31 18 36 39 17 6 42 9 55 76 91 72 62 10 67
72 14 29 85 9 85 3 76 62 22 15 54 2 21 81 87 31 78 1 2 17 95 68 52 83 2 60 52 20 27 77 14 44 11 95 6 11 81 64 95 85 68 93 83 77 16 69 38 70 2 62 22 89 50 48 3 85 100 52 49 73 73 14 67 6 19 23 54 43 14 86 36 10 74 55 46 21 29 72 27 71 92 10 54 78 73 21 6 44 42 50 0 53 90 44 25 36 89 80 60 35 93 14 64 84 5 95 79 13 70 77 21 85 18 18 32 52 65 10 20 80 2 2 44 79 55 1 13 50 77 53 50 35 55 13 20 8 43 1 7 33 25 74 60 47 1 71 98 83 100 53 44 100 5 76 63 32 46
42 58 40 70 74 36 50 91 51 77 99 73 41 94 47 98 22 9 17 2 10 48 22 14 64 3 11 49 57 52 28 53 4 42 88 14 67 81 28 62 24 73 89 96 41 9 55 74 27 57 1 55 41 29 99 89 51 5 76 56 56 79 53 25 12 84 40 66 72 17 19 97 47 16 99 18 53 81 11 18 100 23 74 71 43 5 100 32 89 7 75 7 80 79 93 26 60 82 21 68 93 15 36 77 61 12 76 88 83 66 64 59 86 89 38 50 25 78 8 25 86 100 0 86 68 66 74 38 94 5 44 68 25 92 4 31 36 55 34 2 29 39 22 61 42 72 19 76 5 100 15 81 20 43 10 46 49 17
56 6 10 76 54 59 67 21 27 70 79 1 97 68 1 45 38 68 55 99 39 7 70 49 99 56 23 24 50 55 15 27 27 5 51 7 55 94 94 95 34 0 29 56 13 36 77 36 42 51 40 49 79 7 73 44 51 29 16 30 98 50 48 74 40 23 68 19 5 62 11 25 73 99 59 15 49 86 1 89 52 50 96 64 53 73 71 65 63 15 91 95 32 56 61 14 23 24 10 21 10 36 9 33 50 40 94 44 11 28 29 79 31 84 18 37 30 95 79 54 92 32 6 57 38 72 39 92 25 81 45 24 70 49 41 79 22 98 45 23 98 93 46 12 44 86 99 25 25 36 80 56 78 45 88 57 83 77
91 58 4 43 19 24 89 76 57 49 68 83 36 76 99 61 48 66 46 44 38 82 57 56 27 47 82 88 43 35 93 8 92 44 64 67 17 61 100 40 100 73 42 92 22 30 2 40 22 69 88 35 44 33 67 89 68 15 44 28 84 15 71 77 1 92 29 15 98 97 96 87 69 31 77 61 44 40 37 44 30 32 42 71 57 15 92 65 20 2 12 51 44 1 42 96 84 24 24 65 4 45 68 0 60 28 8 19 33 37 31 18 1 100 16 39 11 67 81 34 47 71 46 56 86 86 34 10 31 70 77 49 92 29 68 92 89 85 3 35 99 2 48 93 39 77 61 64 15 61 13 15 4 8 60 64 20 44
2 29 27 94 80 18 11 39 66 11 68 85 91 79 90 87 62 25 67 59 35 19 49 30 62 26 48 48 63 18 91 20 15 45 30 85 13 56 26 60 30 91 42 95 9 48 95 33 79 30 88 1 15 27 7 13 15 49 96 91 32 71 80 11 22 61 17 92 67 92 61 69 75 38 53 75 30 46 62 74 70 87 15 22 69 19 95 79 8 62 61 1 63 25 23 16 73 63 24 34 32 30 53 54 83 63 36 39 33 19 21 69 41 57 28 50 75 5 100 21 47 54 10 47 22 43 3 39 57 100 74 70 52 84 97 80 70 12 67 98 50 24 56 40 79 18 20 56 48 47 42 96 61 44 63 99 87 86
67 81 5 49 55 82 19 67 36 53 24 70 44 33 98 75 100 10 98 28 30 51 71 1 98 75 89 89 22 6 58 51 89 84 36 47 4 23 39 72 74 92 1 64 76 79 86 17 24 32 95 68 48 74 86 98 42 62 58 8 43 72 53 23 100 73 12 32 97 22 5 90 67 91 93 8 86 36 82 54 75 61 80 80 7 67 66 56 57 2 37 75 57 30 68 20 88 6 63 71 43 41 0 48 39 47 18 90 16 72 62 95 8 26 41 79 84 81 53 12 37 10 4 44 2 79 12 50 29 94 69 65 30 2 63 8 61 44 41 0 16 23 28 10 6 93 22 62 93 54 77 98 33 42 3 68 93 67
34 23 16 16 78 85 3 97 80 24 97 83 54 71 18 48 70 9 37 99 88 32 38 20 25 66 94 10 7 80 98 89 85 85 45 31 22 86 82 20 98 41 35 41 26 17 50 40 31 34 48 88 28 56 85 3 1 13 69 5 100 15 40 23 83 88 38 98 62 44 25 75 82 51 24 95 73 13 50 94 22 78 19 75 14 21 25 12 24 83 95 44 71 25 86 18 3 5 9 41 14 3 76 83 28 23 51 57 85 77 82 52 21 54 24 40 28 92 100 58 1 71 66 59 82 53 94 29 63 97 46 33 30 77 14 39 23 95 1 52 63 61 11 98 53 14 25 89 0 7 14 36 26 81 11 41 11 24
99 98 90 82 100 38 55 85 33 4 56 41 100 3 46 10 31 77 72 80 92 15 51 58 70 87 75 9 56 49 78 91 76 8 17 52 59 46 62 27 97 100 49 43 30 92 90 55 43 65 64 39 22 2 75 59 75 96 49 16 42 18 75 47 96 69 53 94 98 42 79 0 32 63 31 10 5 68 93 47 74 87 23 41 64 19 70 85 75 60 11 63 44 27 97 74 22 27 48 54 78 11 74 97 54 31 67 83 88 79 44 50 73 30 60 7 27 8 99 84 89 70 67 44 36 49 13 17 14 15 33 61 25 18 84 15 20 87 79 11 89 75 58 85 86 45 25 50 29 5 26 11 75 55 40 24 27 29
93 78 11 34 29 35 20 98 22 39 31 5 6 83 7 16 53 73 34 100 55 81 89 41 94 1 78 61 87 62 68 7 87 7 13 78 2 42 84 78 39 31 72 52 32 35 65 96 78 86 46 29 60 18 5 3 87 6 50 22 97 54 76 84 65 96 4 13 77 52 46 25 75 16 22 77 44 36 89 40 83 99 70 60 75 69 9 100 63 73 36 46 61 11 83 14 33 90 39 10 67 2 11 11 86 9 25 96 20 31 40 61 23 62 49 2 10 83 30 71 91 68 58 56 3 11 36 87 87 40 26 38 49 38 6 80 75 83 68 21 91 88 50 33 37 49 62 61 15 10 73 91 54 26 80 82 76 57
99 17 8 21 87 57 56 41 39 37 78 8 4 98 71 29 33 100 60 72 94 52 100 66 49 77 11 58 89 91 42 83 22 59 71 3 58 39 61 69 16 68 8 64 76 39 62 60 28 82 86 33 27 27 93 42 71 47 41 12 36 48 12 59 65 53 41 25 7 99 45 80 31 33 27 33 8 94 27 56 96 71 3 34 58 85 42 20 55 10 62 2 9 9 80 83 48 88 55 93 45 35 91 84 91 66 19 2 19 64 19 57 94 32 80 37 38 34 42 97 52 39 23 50 24 8 67 82 69 2 42 66 47 0 15 75 93 92 55 57 64 49 39 25 27 26 73 84 13 60 83 73 90 4 43 42 78 41
72 3 77 19 84 52 19 60 3 63 93 51 94 53 2 95 41 91 26 94 38 42 11 70 47 50 86 1 24 67 72 50 3 86 68 10 57 27 31 92 95 23 93 54 15 68 72 79 37 54 6 45 22 73 70 85 30 75 100 50 19 48 50 40 76 11 10 66 11 33 71 56 39 17 86 95 79 27 89 78 99 4 34 10 95 79 67 81 40 65 26 44 20 84 28 92 81 56 18 100 74 29 99 34 12 67 21 23 29 59 36 5 8 81 39 20 9 68 98 64 70 12 10 23 6 63 34 1 13 60 9 92 97 93 36 22 78 63 9 10 2 26 18 14 20 18 56 15 16 1 57 10 43 81 35 75 100 35
20 83 45 55 96 74 58 95 15 17 92 19 78 68 15 7 37 41 1 32 16 50 49 29 80 71 75 12 82 91 59 0 3 28 6 67 79 18 99 62 86 8 64 35 73 12 66 58 84 54 16 9 99 81 94 6 31 15 47 13 44 85 64 39 43 31 73 64 21 31 86 49 82 4 8 2 54 92 22 52 84 80 87 16 72 6 22 30 47 13 87 44 37 8 86 68 36 63 50 86 91 94 73 80 84 44 1 87 19 45 37 15 40 26 19 83 7 52 30 71 55 82 7 21 17 50 26 14 83 98 35 84 95 41 90 8 94 29 52 51 24 94 30 16 3 77 84 62 43 95 72 30 42 51 11 5 0 76
12 99 49 100 85 10 51 31 23 83 58 82 81 80 66 80 33 86 99 45 72 45 22 59 36 67 56 84 37 37 95 81 87 18 36 77 47 100 86 64 98 7 45 60 34 66 26 61 46 9 94 38 97 91 47 87 58 69 96 78 16 63 6 87 98 12 71 80 100 76 13 61 4 50 81 88 18 52 54 65 58 98 98 49 4 23 89 88 80 61 44 35 25 13 8 73 16 26 87 22 19 76 10 62 96 100 80 37 49 12 45 35 18 48 80 80 82 68 37 90 97 84 100 3 2 17 82 56 53 21 36 61 32 40 74 5 82 85 68 34 51 5 47 16 11 98 34 21 2 82 79 2 56 14 89 91 79 36
56 2 36 27 2 98 45 31 23 30 76 96 30 73 96 79 29 39 19 100 20 76 23 58 56 81 89 74 76 54 88 73 14 66 97 18 57 45 45 3 54 15 60 2 58 79 55 70 35 74 18 31 19 31 4 83 62 2 35 53 27 49 93 32 22 77 21 71 49 83 56 44 20 14 15 45 25 7 90 64 38 63 36 36 7 70 28 36 39 97 93 31 47 76 4 70 23 19 84 93 47 13 64 83 34 59 27 90 37 20 55 57 30 28 70 78 94 65 39 51 70 62 73 96 9 29 100 44 15 49 63 87 89 27 42 51 75 98 32 85 62 91 55 78 57 14 98 80 27 14 76 56 10 68 82 88 86 28
65 45 8 2 67 77 79 79 45 68 21 73 14 82 60 33 4 55 81 17 58 9 73 16 94 28 79 6 75 93 19 81 51 82 79 20 91 74 84 41 26 99 22 47 32 47 67 78 86 21 15 65 72 25 89 87 13 93 47 80 61 73 93 80 62 84 9 45 91 70 78 91 1 60 62 75 55 58 54 37 20 53 97 31 42 7 63 80 74 34 29 16 85 64 85 70 100 7 54 20 9 17 95 88 26 81 100 71 50 85 88 82 7 98 74 79 48 11 53 13 100 40 48 98 61 65 13 49 19 64 64 30 91 98 16 98 76 81 40 20 90 52 27 36 7 27 79 14 67 29 87 34 18 13 84 98 34 83
77 12 72 48 30 76 26 52 12 57 72 35 59 19 69 32 19 11 58 31 99 94 94 16 91 27 57 83 99 86 79 56 100 6 42 43 36 19 26 34 63 50 0 25 5 8 26 86 10 3 98 29 39 48 37 93 54 60 37 95 22 66 76 73 63 5 22 46 62 63 47 59 9 100 17 80 85 96 100 42 13 18 99 52 95 11 39 26 31 100 6 64 81 20 76 33 44 44 53 20 57 30 61 84 42 73 2 58 78 75 19 63 94 1 77 38 5 89 95 78 16 82 91 64 10 27 0 9 88 67 84 27 46 100 31 32 74 40 99 52 46 16 63 18 54 25 55 66 79 73 61 28 78 3 21 62 20 89
66 84 96 59 76 75 17 40 62 23 8 51 62 74 43 54 84 16 69 85 43 34 96 47 15 94 47 3 13 34 53 26 26 4 73 7 36 84 96 98 73 64 70 84 86 77 15 38 54 32 6 71 35 77 82 3 44 63 98 24 34 36 12 67 49 60 69 5 14 72 32 89 70 42 7 46 11 8 0 94 59 39 72 18 98 19 25 53 0 88 4 70 87 22 31 90 64 100 85 39 30 33 100 82 69 59 47 80 77 23 95 13 73 13 13 16 84 45 0 59 55 70 77 78 27 45 1 41 99 60 73 10 100 99 73 78 63 43 80 69 20 22 41 83 38 48 35 85 14 48 68 78 66 78 93 95 36 51
80 15 21 61 30 100 23 39 75 94 29 15 1 48 54 6 45 79 92 57 83 65 89 43 31 67 24 54 27 90 81 9 9 100 96 72 51 23 75 64 35 3 59 85 46 26 24 86 18 57 1 77 62 73 7 86 91 65 57 7 75 57 57 2 75 94 23 8 73 39 24 65 69 8 91 13 1 1 39 12 58 44 47 91 80 22 52 54 22 93 100 71 59 19 59 6 39 55 90 27 3 4 58 8 51 88 56 100 63 19 96 51 35 47 62 36 17 54 38 99 22 64 42 85 88 10 32 55 88 15 43 89 39 81 63 31 67 26 40 37 42 23 20 2 38 45 32 82 65 30 93 77 19 0 25 95 63 14
85 90 47 100 85 62 89 52 83 73 13 42 97 13 67 66 32 1 8 70 47 37 4 64 57 70 91 90 29 72 61 22 94 85 100 2 89 90 96 4 76 92 5 3 43 96 39 34 0 64 22 21 58 3 13 5 95 29 1 100 61 35 36 61 29 16 65 56 99 99 58 91 86 94 9 87 3 96 28 20 8 36 21 73 18 96 29 81 33 93 99 28 81 95 1 7 80 41 60 54 98 30 50 58 55 98 6 44 18 14 64 49 73 66 9 26 43 55 8 94 88 24 49 31 92 23 71 18 75 30 93 36 9 29 23 30 76 17 18 84 19 48 40 93 21 56 76 37 45 79 54 34 93 97 4 33 27 75
85 59 68 52 10 12 49 31 98 47 39 79 80 95 49 55 44 30 4 33 67 96 27 55 21 45 45 94 37 100 78 58 59 64 80 70 22 15 37 40 81 81 44 34 15 79 22 78 88 32 87 63 94 83 61 31 14 53 67 81 49 79 10 82 31 36 88 59 12 32 74 42 84 59 63 90 72 97 97 82 93 79 15 40 23 32 21 88 66 87 67 47 11 84 52 52 2 78 20 53 77 79 63 29 71 4 26 73 6 0 97 26 25 93 74 91 31 18 32 49 46 61 78 12 40 6 88 24 35 71 78 75 41 53 46 10 14 7 58 98 24 35 88 18 55 4 2 30 30 19 11 74 10 2 12 15 10 47
87 47 15 42 48 1 59 26 10 94 57 81 14 57 23 24 20 32 29 72 97 7 19 42 82 32 96 56 37 13 82 52 91 25 14 15 6 91 46 41 22 22 52 83 31 97 56 70 40 95 22 44 51 39 22 25 23 30 80 55 53 18 51 90 35 20 50 94 25 61 8 89 78 14 89 50 18 0 9 45 38 80 78 50 100 86 57 25 37 95 80 62 35 99 40 37 65 82 83 16 75 20 36 17 38 16 13 61 93 83 35 66 100 27 14 66 39 78 31 24 37 76 93 6 82 31 20 61 46 61 5 45 73 67 84 93 94 55 64 51 43 17 31 46 44 50 93 90 91 52 82 49 57 48 18 83 19 32
29 86 56 34 53 9 1 97 77 34 72 19 86 77 90 30 82 95 93 33 45 17 18 27 76 95 46 42 11 35 82 22 26 26 40 51 100 84 69 70 90 8 88 87 82 21 76 80 73 34 23 43 72 12 73 0 33 98 74 38 3 43 3 98 99 37 47 34 93 41 14 36 12 54 4 21 33 64 63 48 6 61 71 1 4 52 26 10 93 69 71 25 77 61 95 35 86 12 24 33 33 56 8 74 44 88 84 74 74 83 85 30 63 74 93 41 73 28 68 37 99 88 40 11 56 91 17 20 33 27 29 10 64 33 41 33 85 6 14 54 67 0 48 45 92 51 28 67 94 56 28 2 78 52 25 45 27 100
31 100 100 83 28 9 20 51 37 37 27 58 62 64 15 45 79 48 19 57 69 65 3 56 19 26 14 87 14 33 23 41 3 13 12 13 99 47 4 22 13 27 4 46 90 85 16 51 48 30 36 43 58 38 98 55 9 44 40 45 17 59 12 84 10 12 39 93 21 21 75 70 30 74 13 11 29 70 28 81 1 68 88 35 64 5 75 37 91 18 68 51 15 79 52 14 17 36 41 61 88 89 83 34 4 20 93 28 97 76 27 16 90 92 38 13 85 30 59 74 48 55 39 66 86 38 52 67 19 73 36 18 86 47 25 31 55 0 42 56 42 94 31 15 21 97 88 59 89 87 90 36 92 22 71 36 71 28
93 80 98 84 70 50 71 6 81 67 92 84 67 38 7 22 30 45 95 25 32 22 41 23 86 54 52 95 11 74 98 55 41 14 49 58 23 64 65 32 88 74 0 25 35 82 34 64 82 41 96 9 29 23 26 89 25 29 9 28 78 28 83 2 42 44 59 76 45 77 63 43 50 97 96 27 91 5 74 68 100 29 2 18 93 2 35 81 78 57 76 40 26 28 52 9 10 66 11 86 82 27 27 35 93 35 60 89 50 27 33 97 56 83 13 99 81 1 59 5 48 99 67 2 88 70 63 82 52 84 51 84 41 47 82 69 96 75 100 95 94 59 61 92 74 26 19 57 37 42 37 92 91 34 25 1 31 81
23 83 41 14 61 7 67 24 77 32 44 76 73 9 95 94 42 83 33 16 85 77 46 87 86 90 28 48 62 93 5 23 18 34 78 84 27 39 32 18 46 95 96 9 34 92 42 95 80 44 9 53 42 28 73 94 98 96 42 99 18 70 100 87 59 65 39 70 48 54 31 99 1 77 14 35 35 100 45 19 3 78 72 38 17 7 32 32 9 34 73 28 49 83 28 11 64 36 7 84 29 6 74 27 78 79 91 91 45 35 93 85 73 87 11 55 92 14 5 88 46 4 57 64 10 91 55 7 34 27 60 42 87 6 58 62 32 73 82 43 38 8 70 60 49 37 8 50 95 82 29 92 91 75 20 5 29 17
82 100 68 52 77 68 67 71 88 5 88 75 56 92 85 5 49 10 67 93 45 63 66 37 53 54 61 36 39 48 86 69 34 58 43 40 15 40 92 99 49 8 9 99 53 10 15 9 73 16 7 64 72 10 48 22 80 5 43 96 28 31 14 88 18 39 23 82 9 83 75 58 80 92 48 9 83 61 4 60 18 41 88 7 68 48 34 4 69 71 25 14 29 100 68 71 98 27 25 97 3 83 59 46 46 59 36 4 46 34 43 93 91 8 56 29 4 67 76 8 85 97 68 97 56 68 69 25 39 28 80 19 29 98 8 33 57 47 17 93 1 84 94 94 67 15 99 37 52 94 69 73 5 40 62 75 8 90
19 5 72 6 36 42 57 65 52 10 86 91 28 82 99 82 0 86 25 27 88 32 94 64 57 32 19 59 88 71 10 12 67 97 48 66 77 2 29 80 61 27 54 93 94 35 99 25 34 8 31 90 9 79 24 10 100 23 50 66 59 78 85 56 63 79 31 66 96 81 76 96 67 51 96 64 33 46 14 25 93 31 22 73 19 68 62 8 96 77 90 84 95 14 26 87 19 52 8 96 80 54 50 28 85 53 83 96 60 89 98 25 38 89 44 81 20 12 11 25 33 45 76 18 64 12 81 21 47 3 14 68 61 24 71 38 52 54 7 45 47 29 47 73 65 38 60 39 59 71 49 43 19 77 5 61 38 57
14 86 85 99 20 10 92 71 44 35 60 62 87 51 32 43 3 16 56 74 11 15 24 99 24 15 78 7 20 44 37 53 63 80 23 64 51 98 56 25 44 18 82 26 4 26 53 34 66 65 4 42 6 85 73 36 42 72 27 4 42 12 68 85 84 33 16 14 89 28 26 86 10 19 4 91 23 94 50 18 62 51 88 23 70 0 48 15 92 87 35 38 67 61 95 52 18 29 82 57 50 41 12 16 19 26 3 11 65 20 46 17 31 43 44 31 59 35 34 23 38 88 62 73 68 98 13 54 62 95 1 43 78 10 36 5 100 1 27 29 84 56 5 9 54 12 68 32 32 66 10 77 55 11 85 100 65 92
69 71 68 32 47 91 63 95 72 80 22 45 65 15 36 59 42 90 47 22 76 10 35 56 67 97 12 22 46 37 32 41 38 85 16 87 48 13 56 47 77 55 24 59 38 20 52 42 99 53 70 36 28 81 96 83 51 3 62 42 45 88 78 95 98 48 44 15 22 31 3 70 72 12 34 60 33 0 87 15 37 11 15 80 59 21 53 76 54 27 99 51 99 6 87 47 1 8 6 83 6 95 26 98 65 94 14 61 41 25 81 19 91 20 65 73 100 36 27 82 90 59 28 82 34 33 30 20 87 72 76 46 5 77 69 48 85 62 20 76 82 47 26 64 14 92 69 4 70 88 9 50 56 75 85 73 76 17
63 11 1 16 54 36 89 35 4 63 27 1 49 57 77 26 17 25 35 13 50 28 35 62 88 40 27 46 10 89 68 80 43 96 66 49 61 34 96 10 31 62 34 98 1 96 34 15 74 68 12 15 55 87 47 26 89 14 44 36 20 30 40 12 33 94 32 92 35 9 95 86 11 98 7 24 70 98 54 9 79 47 44 97 29 21 61 46 1 77 95 69 6 63 31 34 41 67 75 53 69 47 48 77 59 10 85 35 82 59 16 94 9 0 36 74 15 40 92 77 73 19 72 56 77 1 14 50 100 72 86 79 82 49 6 53 7 80 42 96 24 90 39 35 15 15 41 4 31 23 85 5 43 1 96 22 45 92
73 40 65 57 42 18 9 9 48 94 90 82 95 43 83 37 38 50 11 62 92 95 34 9 46 6 23 33 62 55 47 69 33 63 39 47 49 44 20 74 10 89 30 50 83 69 94 94 19 11 40 63 56 91 16 27 5 3 46 5 33 97 50 38 83 41 66 47 83 44 61 33 62 72 20 67 66 35 12 79 84 57 76 63 83 9 45 69 58 100 88 57 49 87 70 16 44 91 31 11 99 93 22 7 32 84 92 31 38 100 73 25 68 32 33 17 3 82 24 70 31 16 80 2 49 49 23 14 25 34 92 20 6 54 41 41 74 90 13 70 79 67 89 100 41 71 60 24 58 34 82 62 52 42 54 17 43 80
85 65 68 11 12 63 87 70 15 38 45 100 76 63 72 63 39 94 9 74 57 100 64 72 37 70 85 53 11 90 22 78 65 1 15 59 6 13 55 92 46 7 73 47 97 90 11 17 3 29 75 35 91 27 96 97 52 30 0 27 28 19 92 49 4 14 30 61 17 41 22 61 38 61 38 76 74 86 68 89 79 85 42 72 9 58 56 49 49 15 25 12 89 5 73 93 52 67 26 92 0 61 21 34 14 98 41 52 41 32 33 35 32 53 34 88 88 47 100 28 23 15 44 25 76 96 75 74 79 41 71 71 16 24 92 99 27 72 42 33 64 9 89 90 63 76 69 52 29 36 52 90 100 13 44 20 60 50
83 75 16 18 80 75 71 75 3 54 65 66 40 17 19 36 98 13 26 55 61 63 78 56 90 1 44 97 87 96 16 43 64 94 63 33 21 76 37 53 31 15 73 56 64 80 6 44 67 3 44 43 78 38 92 10 47 61 6 96 96 70 49 66 38 4 72 65 78 97 53 1 26 6 61 68 71 43 67 64 50 90 89 70 39 33 66 57 45 69 45 38 20 67 3 6 29 5 65 3 99 11 44 23 73 46 3 84 92 32 41 24 9 5 33 68 55 43 10 20 57 80 73 53 20 65 63 41 81 57 93 62 19 32 19 91 71 23 40 86 14 34 7 0 17 57 53 53 79 52 5 0 37 4 75 92 18 31
42 32 26 26 12 55 76 35 62 75 57 91 18 16 35 30 59 21 0 20 26 57 67 86 20 14 63 21 20 55 100 99 49 74 33 94 1 27 43 50 76 17 14 79 35 8 29 62 55 71 32 12 87 21 78 92 99 90 88 63 85 72 35 94 14 76 89 94 29 27 94 95 21 63 7 61 52 1 99 21 89 33 62 52 70 98 19 12 38 83 19 79 42 54 57 74 86 93 59 57 1 76 87 48 54 10 61 29 39 61 2 81 47 23 45 51 93 12 36 67 61 98 97 28 17 78 82 1 75 30 14 20 34 35 88 75 77 70 10 51 43 77 66 77 45 1 25 16 71 93 70 54 19 90 2 75 73 59
92 87 79 21 46 77 92 72 74 62 11 30 55 64 10 85 83 18 98 35 75 75 83 43 19 60 74 51 73 57 22 12 60 63 27 23 88 93 59 48 92 68 84 63 6 52 17 35 44 4 64 6 81 11 79 51 34 37 51 95 68 53 22 90 61 53 31 92 100 78 8 28 52 10 85 96 17 91 26 58 47 35 12 74 14 87 0 78 45 14 22 80 10 43 54 37 89 84 41 40 49 5 31 82 28 58 17 9 15 23 74 9 3 75 84 4 59 14 23 26 62 14 32 56 3 30 17 15 54 16 64 2 46 51 50 14 99 72 99 49 26 39 32 87 88 82 73 76 25 3 4 35 4 0 51 0 27 90
88 77 81 88 27 25 94 86 69 89 50 24 53 92 36 16 47 89 95 46 10 46 8 25 10 24 53 87 17 74 60 29 1 0 28 29 4 38 28 7 49 3 7 61 34 21 37 10 12 26 45 65 26 26 39 24 42 22 29 44 83 75 31 95 7 64 44 29 63 63 62 83 78 2 13 26 40 79 25 58 49 20 55 47 73 39 53 7 5 100 26 63 78 12 93 12 67 88 34 30 16 5 55 76 63 31 92 89 98 32 72 100 88 97 29 73 63 62 64 91 24 48 93 70 1 32 48 24 1 81 37 35 58 46 29 56 90 54 36 9 30 61 93 61 75 78 50 11 100 99 97 16 34 20 41 13 12 98
88 87 66 91 98 86 75 33 75 48 4 47 72 81 75 88 80 8 34 46 50 6 99 93 72 95 28 31 25 22 64 39 82 94 42 98 67 43 17 33 7 75 98 7 75 48 98 53 100 60 5 36 28 92 68 31 70 59 1 35 11 94 100 2 97 65 14 21 66 81 54 34 84 29 77 75 29 47 31 12 100 88 72 18 10 1 100 24 87 79 71 31 93 96 20 73 70 37 61 24 98 93 73 0 27 78 60 73 42 30 70 38 89 84 93 17 64 89 16 4 76 73 98 98 93 52 47 45 0 52 43 49 82 25 10 33 77 46 78 59 71 62 20 17 8 70 22 54 61 22 22 61 68 29 58 24 47 15
85 82 63 62 67 10 28 59 82 82 60 38 79 89 46 77 81 24 5 1 64 8 73 21 6 35 4 12 28 40 95 36 62 23 70 43 69 99 2 29 6 57 64 41 59 91 74 20 61 36 65 11 79 85 98 70 90 22 11 12 4 78 25 5 50 2 81 68 46 24 92 46 60 31 65 80 30 87 29 71 0 61 23 90 49 68 38 33 40 56 44 82 31 74 55 88 22 55 97 35 91 29 70 76 17 2 13 11 84 93 69 82 12 20 71 79 64 80 46 62 18 74 30 95 23 74 26 41 71 54 96 57 100 7 53 45 41 63 0 16 35 20 71 94 80 12 4 50 61 74 54 6 51 49 71 23 32 49
7 49 2 68 79 33 95 72 25 35 44 96 64 97 94 13 79 95 81 56 12 18 43 67 88 24 41 93 72 48 65 25 99 74 22 81 2 88 62 40 76 99 88 36 57 62 16 29 59 32 4 7 2 49 74 7 70 51 34 84 49 51 40 41 86 82 20 14 80 41 53 67 35 70 29 85 1 82 46 68 11 82 42 80 52 0 64 86 37 25 34 87 2 67 56 41 41 66 27 47 15 51 69 11 59 75 45 86 54 17 7 24 21 47 20 87 60 69 53 71 59 83 94 65 71 93 68 66 100 34 81 6 58 83 79 93 86 85 88 34 12 4 22 73 43 32 57 27 47 95 48 100 58 77 49 93 30 20
67 92 92 60 20 17 22 3 85 53 68 36 38 32 24 73 19 46 15 95 79 91 16 82 23 99 40 84 21 55 84 97 91 51 69 45 77 8 83 25 36 72 90 24 46 23 84 30 38 20 59 4 65 23 15 49 25 89 71 49 41 49 35 68 24 33 54 22 50 52 39 16 9 61 9 14 86 22 64 96 40 17 61 2 6 2 30 6 7 18 84 49 67 95 87 74 17 77 11 35 13 29 78 17 85 72 21 47 66 33 41 56 37 22 12 85 77 35 57 69 46 8 42 9 91 58 100 72 9 84 10 35 58 43 93 50 87 72 41 49 66 74 98 12 96 69 7 94 38 36 47 53 93 32 34 31 67 86
18 38 10 27 35 48 41 85 99 84 25 48 50 26 50 44 41 12 63 45 37 44 63 40 44 31 24 81 83 92 48 92 29 51 77 69 62 76 9 39 100 46 82 100 79 21 35 68 73 37 6 23 28 28 67 10 78 56 63 89 76 19 24 69 28 69 67 66 52 90 2 75 31 1 94 93 5 93 70 9 20 35 8 60 92 42 76 70 18 48 91 35 85 76 86 22 16 62 35 64 72 38 90 57 89 81 41 15 54 38 61 41 85 51 32 22 25 21 55 68 79 95 29 78 79 39 34 2 0 9 48 10 64 42 51 33 6 93 86 69 94 50 45 76 7 81 52 57 77 20 72 9 5 84 100 31 39 14
17 34 31 80 81 60 28 62 90 82 41 55 86 27 66 55 28 40 51 63 100 71 56 55 49 63 35 77 61 5 16 25 60 53 92 6 71 51 77 76 21 96 100 9 97 28 87 81 21 4 40 91 0 57 96 63 53 92 20 82 55 30 48 62 4 11 99 98 15 63 2 92 9 96 41 28 1 22 93 79 6 24 99 15 10 80 100 71 35 70 96 25 29 7 55 1 81 48 96 61 62 7 73 82 26 27 59 92 12 13 25 92 40 58 95 64 10 26 24 40 48 16 69 75 62 84 58 66 67 97 4 81 51 12 45 53 72 35 69 73 59 16 1 85 91 58 64 53 97 68 34 11 85 52 57 6 28 100
75 17 98 83 26 28 13 85 80 94 47 13 65 71 33 3 27 44 25 35 72 8 28 63 28 86 95 53 14 28 35 17 45 0 96 30 71 18 23 42 2 5 62 25 97 41 29 68 69 25 55 48 16 42 38 52 47 78 7 26 100 21 58 40 55 81 34 55 3 17 84 57 42 18 69 48 95 59 78 84 4 53 49 8 65 51 43 66 34 58 91 47 35 31 85 29 52 8 76 69 54 42 10 79 53 55 74 27 25 21 88 75 96 4 53 24 52 81 68 58 83 6 9 81 36 76 4 23 11 79 17 47 38 64 59 38 31 6 19 45 63 8 57 66 42 84 54 23 100 62 38 78 57 9 95 20 48 44
49 13 30 17 77 53 3 29 100 3 57 85 100 32 76 34 50 25 63 85 61 57 85 75 39 19 92 11 44 16 53 24 66 76 51 20 12 89 10 100 16 37 70 14 46 1 59 3 52 89 90 15 45 63 8 87 72 97 27 31 4 47 48 60 92 51 48 87 67 20 19 50 66 78 89 57 9 67 22 29 81 30 93 77 29 29 7 52 70 23 81 100 87 48 95 21 84 65 79 62 55 67 23 91 65 92 54 28 84 83 88 64 39 87 70 34 83 1 85 64 57 93 97 59 45 68 35 50 13 72 98 10 39 22 8 30 95 21 37 43 53 90 85 6 67 30 48 84 18 29 53 82 9 15 30 96 29 74
23 100 77 84 73 3 40 93 77 48 7 8 10 92 26 93 80 12 96 17 44 56 65 57 78 38 96 94 70 36 67 20 43 76 83 78 54 7 62 48 93 18 49 20 39 96 37 79 96 40 61 57 28 81 13 8 12 20 2 29 15 9 59 59 59 38 32 38 26 49 63 94 80 69 51 76 61 64 67 42 58 1 23 75 90 30 1 21 73 12 56 44 71 46 79 55 4 55 32 55 50 85 6 80 47 52 13 0 94 3 6 30 24 97 84 31 37 17 18 34 2 29 1 52 2 87 73 94 88 53 46 58 54 27 72 72 34 49 74 80 41 27 83 3 8 42 12 63 76 78 20 67 23 61 95 44 66 83
86 45 28 18 23 72 76 27 12 59 64 82 29 15 60 18 35 93 63 12 69 17 89 86 77 18 73 72 60 88 56 58 58 26 11 68 37 83 1 65 73 68 5 12 11 78 98 83 10 82 39 29 84 28 15 66 25 62 43 44 98 66 74 27 33 2 27 57 23 2 74 16 63 16 93 28 56 25 54 96 53 42 49 31 63 76 49 51 93 65 94 37 31 27 37 90 32 37 87 80 62 20 29 18 58 77 15 6 33 2 58 7 93 61 42 20 3 18 75 54 13 89 32 85 76 51 82 77 56 32 38 89 2 28 67 84 80 77 17 1 16 100 68 24 36 7 37 61 51 86 94 6 6 86 50 88 67 61
82 41 77 8 64 94 37 50 59 77 51 62 90 18 75 71 37 45 50 86 12 49 67 48 26 84 26 89 99 54 27 83 45 78 11 73 21 14 78 22 60 72 15 70 46 42 28 69 43 63 84 56 21 80 39 13 47 54 16 90 80 37 2 74 56 0 44 41 13 45 62 54 79 75 87 51 41 95 99 92 8 46 64 42 51 7 87 52 74 3 16 16 25 4 92 64 83 27 48 65 41 39 95 98 87 10 68 35 26 81 58 93 29 48 79 39 30 79 9 58 16 39 2 17 27 5 78 45 64 83 92 9 97 50 49 61 67 17 66 2 33 22 75 45 40 71 4 53 4 10 99 87 31 87 85 33 60 63
56 63 8 29 30 66 43 96 51 1 18 59 88 57 30 63 96 46 2 32 74 87 79 93 75 13 36 64 19 85 90 62 9 16 43 7 60 12 86 68 18 62 70 44 65 83 35 44 85 33 70 36 84 12 7 45 52 27 32 62 5 39 32 67 16 40 3 14 57 90 47 85 7 17 26 84 48 47 56 97 28 55 41 21 15 81 42 47 74 100 46 51 28 85 31 52 79 100 63 20 31 69 74 12 21 58 18 41 99 99 22 62 30 40 80 49 40 64 49 40 20 46 71 93 71 41 8 14 83 84 59 23 29 65 46 31 88 12 85 49 88 64 11 15 3 13 68 86 61 73 81 76 57 90 69 93 29 30
