85 40 0
0 92 7360
0 77 2618
56 0 2688
37 52 0
92 64 0
0 61 915
25 14 0
0 41 656
0 100 1100
52 0 4368
30 0 1920
0 98 4900
78 53 0
0 90 3690
36 81 0
7 0 665
9 0 180
0 35 3150
0 46 138
24 98 0
86 0 2322
38 0 2926
0 54 3618
44 94 0
73 29 0
64 36 0
17 45 0
0 34 2822
90 36 0
96 0 5664
86 44 0
40 82 0
0 49 4508
0 93 8928
89 0 5785
62 29 0
0 45 1395
19 0 532
42 17 0
11 0 143
77 99 0
69 39 0
0 30 1110
0 25 1475
74 13 0
0 75 1275
96 0 576
18 25 0
74 66 0
0 76 4864
0 53 742
7 0 147
82 58 0
6 16 0
0 89 1869
100 6 0
8 1 0
0 19 1140
40 92 0
36 0 2016
0 69 3174
0 76 4104
100 58 0
0 63 4725
75 84 0
88 84 0
75 91 0
0 50 3350
0 89 7476
65 0 1625
0 71 1633
0 24 792
64 0 1472
0 98 5096
0 72 3960
48 60 0
46 34 0
44 0 44
0 84 5040
68 0 3332
0 72 2232
63 0 315
70 0 4760
35 0 665
0 74 4662
75 21 0
0 66 4554
0 9 486
0 69 6072
12 0 444
0 67 4020
0 29 2262
0 99 1881
0 34 2822
44 96 0
0 70 5390
69 39 0
95 92 0
21 0 1680
30 91 0
88 0 4400
17 28 0
50 47 0
0 30 1500
0 73 5037
61 50 0
0 18 1314
0 13 650
37 33 0
91 63 0
82 0 4100
40 0 2640
0 16 416
11 0 715
0 34 986
43 0 4042
27 66 0
49 16 0
0 52 3276
56 43 0
0 25 1000
73 64 0
0 90 3060
42 1 0
0 30 2340
0 73 6351
45 99 0
22 48 0
10 0 100
31 66 0
0 6 84
46 79 0
45 0 540
58 0 3074
37 31 0
48 0 816
53 0 3286
0 83 1992
0 93 930
49 23 0
30 36 0
35 0 2870
4 26 0
0 84 5292
23 0 460
11 68 0
72 0 1512
0 44 1408
0 54 2106
56 0 112
39 31 0
27 0 1755
92 69 0
70 0 2240
1 54 0
62 0 4030
41 37 0
0 68 5508
4 7 0
19 62 0
0 1 57
31 0 837
86 0 1634
67 0 5896
0 89 2848
16 51 0
0 91 6188
40 71 0
55 74 0
24 0 2232
94 0 4700
94 80 0
60 66 0
94 33 0
59 64 0
0 80 6240
0 48 2928
80 87 0
67 0 2814
60 0 3900
0 58 870
71 52 0
52 0 624
52 5 0
39 0 2496
0 42 630
41 2 0
58 0 4756
45 48 0
6 0 48
0 23 1380
64 93 0
47 44 0
96 95 0
77 0 2618
22 48 0
47 89 0
19 46 0
0 91 7007
0 97 7469
41 0 2337
63 0 1260
37 66 0
22 61 0
0 38 418
65 60 0
60 0 360
0 25 1425
35 1 0
61 78 0
94 0 1692
49 0 3920
0 16 1552
89 37 0
0 48 3600
95 13 0
63 72 0
0 29 551
0 63 1323
13 23 0
0 17 34
47 65 0
0 62 682
40 0 2000
30 25 0
0 20 1140
44 82 0
0 100 3600
53 0 1113
70 33 0
0 35 2275
77 81 0
0 91 6279
76 30 0
0 60 1140
0 16 176
0 59 826
0 95 8455
0 47 4371
59 0 1003
48 82 0
53 59 0
23 0 621
54 2 0
35 0 735
41 31 0
0 45 2925
0 34 2414
76 26 0
2 85 0
61 33 0
0 85 4505
26 0 208
89 0 5518
83 96 0
0 36 1260
3 0 3
30 71 0
0 47 2397
20 49 0
0 9 45
0 62 4464
0 87 8439
48 76 0
1 58 0
0 93 6975
0 95 7505
28 24 0
0 75 750
18 94 0
10 99 0
35 0 2450
0 66 2904
0 13 793
38 0 532
12 0 1068
22 0 1474
32 95 0
13 0 52
40 0 880
17 0 527
0 65 65
47 9 0
79 69 0
0 7 609
53 18 0
11 0 429
64 0 4544
41 0 3403
93 23 0
0 39 1482
81 39 0
94 85 0
72 0 4608
63 0 3213
68 3 0
0 14 840
20 78 0
74 19 0
32 11 0
0 48 528
20 0 580
95 0 2185
0 94 7332
30 0 1710
88 24 0
63 84 0
78 0 234
62 77 0
29 8 0
18 0 324
45 0 1710
11 33 0
61 11 0
75 0 3000
40 0 1120
7 0 637
89 0 6052
0 30 1440
0 58 1450
13 0 975
49 20 0
0 30 420
0 91 91
81 66 0
18 5 0
78 12 0
21 0 2100
67 47 0
90 0 6480
0 84 1680
68 0 2244
54 0 2484
72 0 3384
0 27 27
0 45 3150
66 0 1452
52 0 2236
6 10 0
88 0 8712
29 0 551
44 86 0
0 39 3081
43 0 473
97 11 0
0 81 1296
40 0 1840
75 98 0
0 3 27
0 90 8100
0 19 798
0 63 4914
47 0 1927
61 0 5124
21 81 0
8 0 776
39 36 0
92 11 0
88 20 0
93 9 0
0 51 4947
19 0 551
0 75 2025
73 36 0
29 56 0
96 0 6048
44 1 0
0 93 3441
0 81 2187
19 0 1387
1 70 0
0 89 178
64 15 0
0 88 5984
55 16 0
23 0 276
87 0 4785
86 0 7826
0 18 1728
25 37 0
63 0 2331
52 0 1976
70 0 140
62 0 4340
90 25 0
73 47 0
18 0 594
0 19 1216
3 0 42
22 39 0
0 2 26
75 0 4050
25 0 575
0 85 7650
42 0 3108
10 47 0
0 65 5785
22 0 616
46 0 1426
88 52 0
66 65 0
80 0 3120
33 64 0
87 0 4698
0 96 960
58 5 0
52 0 4836
79 14 0
0 60 1440
82 0 3936
0 13 1040
78 0 7254
0 25 750
4 12 0
62 22 0
94 79 0
73 0 2263
16 10 0
86 0 2838
87 15 0
40 94 0
56 71 0
0 1 12
0 4 124
4 0 260
0 59 4248
44 0 1408
9 0 423
87 33 0
0 20 500
0 59 649
9 15 0
99 26 0
15 57 0
42 0 2520
0 32 2880
16 0 1200
74 83 0
0 70 2800
38 0 3572
51 5 0
0 13 741
0 12 408
11 26 0
91 0 6097
36 56 0
40 0 2880
75 0 3375
0 85 4760
0 23 1633
0 73 365
0 30 2910
0 64 256
37 0 2738
0 65 1625
74 1 0
54 0 2160
9 14 0
46 70 0
53 40 0
54 44 0
0 41 2378
75 0 3375
4 0 324
0 6 342
0 80 6240
54 0 1782
3 0 126
0 88 8360
72 0 2880
0 94 6674
43 0 2236
44 27 0
9 30 0
48 87 0
51 0 3264
55 18 0
98 0 1960
0 15 810
80 0 6960
45 0 2565
0 100 5400
0 44 176
98 0 5096
73 0 7300
0 51 2703
0 5 65
6 0 18
40 0 2240
61 0 2196
0 80 1760
0 33 2541
83 0 2988
15 33 0
76 6 0
23 0 1334
34 0 2414
63 0 4788
0 15 165
73 0 5475
0 97 2134
27 0 1971
32 55 0
0 70 5600
0 45 3600
79 68 0
28 0 56
82 0 5248
39 0 2925
0 47 2397
0 68 6664
24 95 0
83 0 2158
0 6 468
5 0 425
0 64 2432
0 91 2639
90 73 0
26 11 0
0 61 4636
2 59 0
23 82 0
0 65 1105
0 42 2772
84 47 0
47 0 3948
77 0 1001
0 2 18
0 27 108
74 3 0
91 0 455
0 27 2025
54 44 0
58 0 580
68 93 0
63 39 0
20 15 0
69 24 0
0 27 2430
0 1 22
0 91 1365
66 0 4290
99 19 0
96 76 0
34 44 0
0 7 126
87 0 2262
67 0 6298
49 83 0
58 5 0
70 20 0
86 0 7310
29 0 2436
16 0 1264
11 12 0
99 30 0
0 16 416
0 83 5644
32 32 0
24 90 0
0 60 960
0 46 4508
45 75 0
10 0 900
51 100 0
0 99 3564
0 24 648
0 91 3913
53 0 1219
0 46 2162
44 62 0
0 59 3599
0 4 248
47 14 0
10 65 0
85 100 0
0 26 2314
0 69 621
0 22 286
47 68 0
72 0 864
56 72 0
85 34 0
0 80 7120
82 89 0
75 73 0
66 62 0
80 71 0
85 83 0
12 0 360
85 1 0
19 0 1064
12 41 0
8 0 232
18 0 198
0 85 7735
64 50 0
63 0 1890
0 14 434
20 0 520
78 0 858
0 29 1363
87 0 3480
60 48 0
13 65 0
55 56 0
0 19 1330
45 0 3690
92 13 0
20 33 0
0 10 780
0 56 2016
49 42 0
0 2 4
84 15 0
76 0 5320
52 0 2028
78 0 6552
33 0 2475
2 94 0
96 72 0
1 0 7
34 55 0
7 57 0
0 41 1107
12 17 0
0 68 3536
11 46 0
52 79 0
5 80 0
89 0 6764
84 0 6468
33 10 0
24 0 384
17 43 0
0 55 1375
2 7 0
0 18 324
0 69 1173
90 73 0
57 0 3534
96 0 4320
41 0 3198
40 0 40
0 18 1746
94 0 4042
7 0 315
88 63 0
15 0 1185
0 68 1360
5 25 0
0 20 1320
0 60 180
0 100 4900
0 96 1152
16 90 0
0 97 7275
41 85 0
23 0 2277
0 19 1406
97 0 2328
82 0 7380
0 93 1023
0 41 738
0 52 1300
0 68 3468
0 43 817
31 83 0
6 6 0
0 79 4661
0 75 5925
0 57 1368
0 68 6052
13 0 1105
0 10 360
56 60 0
0 78 4992
69 9 0
0 14 812
45 72 0
52 0 2652
0 75 6150
2 63 0
14 0 1064
67 11 0
72 0 4824
0 30 1350
0 99 5940
0 56 3248
0 1 61
43 0 2279
0 35 3465
12 37 0
93 50 0
58 17 0
32 0 2848
66 33 0
78 93 0
0 50 4850
0 11 341
36 53 0
0 52 4732
21 0 1344
0 56 728
0 13 1053
0 45 2655
3 0 33
0 88 6864
50 85 0
79 15 0
7 0 350
89 40 0
4 0 240
0 73 4015
0 53 2968
74 12 0
80 14 0
19 92 0
50 0 2050
30 19 0
0 26 546
64 0 960
0 18 1062
17 72 0
30 0 840
57 0 114
29 0 2378
10 0 10
79 50 0
0 80 2560
99 0 9900
15 0 945
71 21 0
87 0 3306
75 67 0
16 24 0
67 0 3484
33 0 2046
0 41 3690
87 72 0
4 71 0
46 0 3956
3 57 0
0 43 3268
22 17 0
95 33 0
70 0 7000
0 32 864
84 0 1848
0 8 720
76 12 0
61 57 0
9 0 540
79 35 0
85 57 0
0 52 3016
0 22 1210
4 0 192
14 31 0
64 21 0
86 96 0
79 0 4503
0 66 3828
92 0 4048
0 28 1932
63 0 5418
89 40 0
0 43 645
72 0 4104
50 21 0
36 6 0
0 85 2805
87 42 0
100 0 3400
48 0 144
53 0 3498
9 55 0
0 69 5934
11 40 0
0 89 5963
0 24 1032
0 56 840
44 0 1892
38 43 0
76 90 0
41 0 1722
91 51 0
81 0 2916
0 46 644
4 12 0
0 54 702
29 69 0
0 13 377
70 0 3570
46 0 1196
24 67 0
67 0 3819
65 38 0
0 52 1612
0 55 1980
30 68 0
48 0 4608
21 0 504
0 94 3478
95 0 3800
0 63 2709
32 0 960
0 95 6840
47 0 1175
0 61 4087
98 91 0
83 38 0
37 59 0
4 96 0
0 90 1890
64 33 0
0 64 4672
0 36 1404
42 0 3444
0 48 4704
8 46 0
0 29 2494
59 66 0
56 70 0
47 90 0
0 54 4104
69 26 0
0 64 5824
8 6 0
49 0 147
52 11 0
0 96 4224
75 54 0
64 0 640
0 56 2744
23 32 0
0 100 3000
100 91 0
6 98 0
93 47 0
28 98 0
8 42 0
17 0 289
92 0 7452
0 29 1015
68 0 3468
54 0 4374
0 80 5200
0 85 3400
21 78 0
4 5 0
0 13 1274
0 30 2610
0 21 630
82 0 4510
90 22 0
29 75 0
67 0 2680
0 80 7680
0 100 2200
0 4 380
0 1 67
80 0 7040
9 17 0
0 99 1881
56 0 4984
0 17 765
14 83 0
62 0 4836
95 0 9500
5 0 475
20 0 1220
47 0 1880
3 0 147
80 0 5360
10 0 230
63 0 4284
90 0 7290
0 43 2451
0 37 111
0 42 2016
97 62 0
0 8 368
82 0 902
0 90 3150
87 0 8700
0 63 1701
84 53 0
24 0 216
41 12 0
0 60 3480
70 56 0
41 1 0
53 83 0
12 17 0
39 3 0
87 0 2610
3 14 0
0 37 3663
0 77 2849
12 35 0
28 0 112
6 0 270
0 97 8827
87 0 783
73 0 3431
59 34 0
7 36 0
0 34 238
16 71 0
0 82 2952
0 10 160
51 15 0
88 6 0
6 93 0
0 66 2772
80 0 1920
48 30 0
0 37 1073
0 52 2392
40 87 0
68 2 0
0 53 5300
0 41 3116
0 47 2256
30 88 0
58 67 0
0 15 285
16 0 688
0 89 4183
48 28 0
30 96 0
23 0 2185
30 70 0
42 0 756
0 47 2209
17 4 0
0 23 230
34 0 1292
93 0 7812
4 0 124
1 0 61
1 0 84
0 13 689
46 0 2484
84 1 0
10 17 0
0 27 81
9 0 549
59 0 3127
97 0 5529
0 58 3596
0 58 1334
0 11 858
2 56 0
44 39 0
32 49 0
0 51 1224
37 60 0
89 0 1602
24 14 0
90 0 6840
0 98 1666
0 75 2100
50 77 0
0 20 540
4 0 204
0 74 7252
18 0 198
99 100 0
33 23 0
23 13 0
69 30 0
74 0 4218
0 6 528
58 0 1914
66 36 0
23 0 759
29 50 0
95 49 0
78 81 0
0 3 225
47 0 3384
16 46 0
0 33 1980
0 91 7280
20 56 0
9 78 0
73 0 511
48 1 0
21 79 0
18 53 0
26 0 2574
64 15 0
0 74 4292
0 54 3132
90 73 0
58 0 4756
57 0 3135
0 0 0
