1000 -199295951 -81088424
-74312955 -87201100 -67308958 -28994743
-10772288 -89232345 45610453 90650808
-39075095 58221066 340849 60555256
-43899589 -71117238 10145996 59844293
10042566 -92254531 77293033 83388369
-80252737 13877032 70893924 56880637
-30551467 -92562916 6607295 90305641
-19290026 -40377699 88807827 -25586270
-41974939 61203505 30936283 70181981
-61919987 -47920962 1916941 -39510434
-13395841 -52910584 23064549 47429967
-66278321 -67227492 -12719306 -38629155
10480648 39312846 93530143 87529643
-3232227 -78598703 87880003 44503337
-25841299 -78136077 93526458 59004384
14392253 36332426 37224255 92054704
-25456657 82465663 -2002560 82945699
-34059126 21224941 -25456657 32682093
22907352 66870632 45985220 71188029
-85729729 -96354647 -69204224 32151456
5582320 -61919987 45553173 -49349291
-88798975 -40377699 -76235692 48973070
-41186750 -59769997 60829083 4140437
-39510434 -99882505 70911142 -89086562
-75080668 -66278321 -17821722 23770387
5582320 -56008701 36991284 -34247709
29031723 1721930 88807827 36991284
-96794422 -47009862 23116778 83470616
-67308958 -43899589 98659600 5000835
-67307778 -65933257 -11482232 44181948
-79269943 -68643902 -72333282 21483220
-25456657 -19207330 40522056 48777709
79012565 -8209836 84941874 30449676
48973070 -69050299 64793408 -65933257
23770387 -84401988 99935315 -5486990
21224941 30449676 21483220 97227187
46183419 -2259083 81317697 45985220
45396073 15067116 74858994 27265375
26496959 -58595578 58221066 63492102
-52910584 37224255 71994024 72661819
-89086562 -38744235 59844293 21522918
-7271522 -67227492 86467237 -58872066
-40508734 -96354647 29031723 -51454998
-41186750 9502663 45610453 29004638
-71618139 -68212019 82465663 -1813148
-98206480 -61251242 12401813 60829083
-77464670 -22156539 71459689 19266644
-47920962 -92204648 75140200 85335004
-80252737 -65933257 -34059126 44503337
-71160757 51458012 -2259083 69524124
-1280607 42020028 56880637 86716288
816734 6183760 89576643 9335199
16912990 -94893029 97227187 95586791
-1049093 33014579 90305641 97227187
30449676 -72333282 44025340 12953714
-39075095 -71618139 -29395694 13877032
6183760 6183760 50547110 70181981
-49349291 -97955410 14492841 -29395694
-70375445 -56408143 46183419 23116778
-41364281 -12442736 80434302 97495938
64680748 -6969044 68770486 3332377
64589668 -25235876 71188029 60555256
-80252737 45553173 97631763 52542916
28047979 79442789 29031723 83388369
-11733589 -33153289 26496959 -17821722
12953714 -13512097 23064549 -11436970
8659267 33014579 47486281 82465663
-41186750 -12442736 -30784265 17230150
-26584001 -71117238 9335199 97467340
12953714 -1813148 19266644 98659600
-11482232 46668052 50781235 67645775
-1339061 -47009862 91575016 37894716
14189518 -69204224 84290840 50781235
9335199 64464621 88807827 84208183
55562769 -84401988 90650808 -67227492
-39510434 -70973495 62520859 60555256
56580678 -76235692 98659600 -51454998
38231519 38085660 48777709 62520859
6702508 -31357022 61754078 -11733589
-38629155 -67227492 14492841 -38020839
-52562377 -79269943 33014579 75140200
-38744235 -78992823 45553173 85355541
-13395841 340849 21224941 55562769
-34593103 -24397713 48777709 -11733589
-78136077 -34593103 -18719095 -25841299
-34247709 10042566 87880003 85355541
-17900509 -10772288 -12442736 71041251
-72333282 -12980965 90305641 -8209836
-71160757 -61919987 55562769 -24397713
-74119380 -78598703 -7271522 20108114
-11841911 13845961 99935315 84290840
-81706014 20108114 -34247709 50547110
38085660 13467814 81317697 42020028
-79224012 -96354647 -24637508 -79224012
-30784265 45396073 340849 82945699
-49349291 -92204648 94436916 50547110
19266644 -78598703 83016691 8826010
30936283 -98206480 59660049 -69204224
-52562377 42020028 -1280607 83470616
-34593103 -33153289 84941874 97495938
-92450204 -19207330 6607295 80434302
37224255 -24049370 56400634 -5486990
37894716 -67227492 52827952 83470616
59004384 52827952 64464621 83016691
-39494052 -71622350 81317697 82465663
-75080668 -88798975 93530143 816734
-67307778 3332377 53785268 86242965
24767160 -8209836 73430660 82465663
-74312955 -80483656 -17821722 -56008701
53785268 -71618139 56580678 -58595578
-62184064 -18806533 97495938 89576643
-81950750 -39510434 6607295 68770486
-98256660 50547110 9335199 99616754
-61919987 -38020839 54850882 83470616
45396073 20108114 61687348 32672509
-52910584 -99430207 -39075095 340849
97631763 -40508734 99935315 46183419
-12980965 -98206480 36332426 -51511705
-3232227 -84401988 340849 90650808
33069011 -71160757 50547110 -11841911
28047979 -94090216 83016691 83016691
-92204648 -80252737 -77464670 -75080668
-41974939 -68212019 28047979 49160295
56880637 -74590805 79012565 -61251242
-71618139 5582320 -1049093 64464621
-56408143 -11733589 -52562377 55562769
-69619211 -66969102 53785268 20108114
75140200 -2259083 85355541 21224941
-69204224 -25235876 79442789 32151456
-11436970 -98206480 7007786 -14112294
8659267 -58595578 79442789 84290840
84208183 -14112294 91575016 67094829
-11549740 -47021423 15067116 6702508
-71622350 -80483656 -34593103 75153132
-79269943 -19207330 -78136077 38486074
-70973495 6607295 29031723 38231519
-28994743 -74119380 75600472 51458012
-58439274 -68643902 54850882 56580678
-43899589 42020028 90305641 71994024
13467814 -66278321 13845961 26496959
-52910584 14189518 -29395694 61203505
95820898 6607295 97631763 70911142
38231519 14492841 52789789 42465946
97227187 6607295 99935315 10145996
14492841 -27299832 54850882 36991284
816734 66870632 26083343 99882091
-41420263 32151456 -28994743 44503337
-19207330 -8209836 -8209836 92054704
53313636 -78992823 88807827 -67308958
-73143945 -50859559 -62184064 12953714
-71618139 27265375 -24397713 53414127
-98206480 82465663 52827952 95820898
38231519 -93771328 73430660 -79224012
-97405647 -26584001 95586791 53414127
37894716 52789789 70893924 92472112
-11436970 -78136077 92472112 6607295
-25235876 13877032 33014579 38231519
30449676 1916941 46183419 20108114
-12442736 -87481678 64793408 27265375
-74119380 -53649890 4140437 75667682
-53649890 30449676 -39494052 79012565
22907352 -62184064 29004638 89576643
5582320 -5486990 99698677 93526458
-61251242 -78136077 86716288 -6273165
-89232345 -92734270 -88798975 -23597977
-38629155 32672509 -19290026 75600472
-12980965 -89086562 155378 83016691
-19843408 -93657234 76553576 84290840
-39510434 12515576 57218811 54850882
-80252737 -71713717 44181948 -1339061
-88798975 -73143945 -59769997 99616754
-77464670 -11841911 99882091 39312846
79012565 -62184064 97495938 85335004
7411226 -22156539 53785268 86242965
1721930 -12805607 97227187 8826010
13467814 -94893029 29642078 68770486
-34247709 -94893029 12401813 6476426
-74590805 -25841299 -38020839 90305641
-13512097 12401813 -11436970 62982935
-47021423 -97405647 44025340 -2259083
-92204648 59844293 30449676 60555256
-79224012 -55691795 -75080668 91575016
-6273165 59660049 3651544 84941874
-41420263 26083343 41401058 66870632
-25456657 -35596794 -12442736 46668052
13467814 64680748 44181948 93526458
-17551279 -26584001 12515576 21483220
-2324073 -69619211 44503337 -39075095
-26584001 -69619211 42020028 72661819
-38744235 -6969044 19266644 47429967
-1049093 -58439274 84208183 71041251
-69050299 20108114 50781235 38486074
62520859 64680748 77293033 97495938
-38629155 -55341888 64589668 33069011
-40508734 -81706014 -18546121 13877032
39312846 -2259083 58221066 73430660
77293033 -85729729 97227187 -76235692
46183419 -25235876 52827952 -20782973
-40377699 -93771328 55562769 -47021423
-98206480 -47021423 71188029 84290840
-38629155 -11841911 85355541 9335199
60555256 13467814 95820898 60829083
-14112294 -18546121 23770387 3651544
-82153821 -93657234 -78992823 -80483656
-26584001 82465663 73430660 87529643
-78598703 -18719095 1721930 21522918
-77392658 -39075095 155378 83044369
7495631 -2002560 99935315 13845961
-74119380 -51454998 -18546121 -17821722
-40508734 -55341888 85335004 50781235
-35596794 -92562916 19266644 -74312955
14392253 -43899589 67645775 -41974939
-41420263 16912990 -34059126 90305641
38231519 -66969102 64680748 72661819
69524124 -74312955 97495938 79012565
-56408143 29031723 79442789 82945699
-99882505 -77464670 -2259083 -55691795
-76235692 -71618139 24767160 83044369
6025399 -82153821 61203505 -47021423
-1049093 -67308958 44025340 340849
-69204224 -87481678 -48771121 -59769997
45985220 -31357022 74858994 59844293
93526458 -94239870 99882091 -66278321
-34059126 -39510434 29004638 -22156539
-41364281 -18719095 13467814 99935315
1721930 -5486990 30936283 64464621
-70375445 -97955410 6607295 33014579
-24397713 -77464670 87880003 69524124
-82153821 -26584001 56880637 79012565
87880003 -68212019 92054704 -1280607
14189518 -69204224 36991284 -10772288
-17821722 -75080668 44181948 -13512097
6702508 -89086562 75153132 -52562377
-76235692 -10772288 -18719095 12515576
-58439274 9654839 -19843408 49160295
-61251242 21483220 -40508734 45610453
-6273165 -17551279 155378 72661819
-81706014 -5486990 -11841911 67645775
-2324073 -74312955 7495631 -28994743
23064549 -65933257 72661819 -51757785
-38629155 -12442736 5000835 47429967
-79269943 -78598703 -54187500 -58595578
-96354647 -92254531 -92450204 -26584001
-28994743 -56161038 66870632 27265375
-97955410 6183760 66107796 83044369
-25456657 -81706014 90650808 21522918
12515576 -3232227 32151456 71188029
28047979 -39494052 29642078 66870632
75600472 5000835 93530143 29031723
-19843408 6476426 82945699 68309940
-5486990 -34593103 37894716 7495631
60555256 -29427793 68309940 60829083
-41186750 -93771328 40522056 -23597977
-6273165 -39494052 84290840 3332377
-74590805 -3232227 9654839 44181948
6183760 21483220 90650808 97824999
3651544 5582320 92054704 28047979
-17821722 7411226 52827952 76788975
32151456 75153132 37894716 93526458
-13512097 48973070 75140200 71459689
30449676 14189518 61203505 28047979
19266644 -49349291 97467340 59660049
12515576 -28994743 30936283 6702508
-82153821 -73143945 -1049093 99616754
-55341888 -38744235 53785268 10480648
-39510434 -79224012 24767160 23431079
-88798975 -40508734 -31357022 23064549
-32622245 -26584001 -27299832 27265375
28047979 -2324073 30936283 44503337
-84401988 -25841299 62520859 58221066
-41364281 -2324073 56400634 53313636
-99430207 -99430207 -56008701 -39494052
-19207330 -12719306 14392253 83470616
-7271522 -38629155 14492841 87529643
-12442736 70893924 97631763 97467340
-31357022 53414127 -1339061 92054704
-18546121 -24049370 92054704 -22156539
-33153289 -75080668 -7562017 10042566
-47021423 13845961 -22156539 82465663
12401813 -25235876 21224941 59844293
20941457 -1049093 51458012 71994024
-71160757 -24637508 13877032 89576643
-88798975 32151456 67094829 46183419
-75080668 -32622245 6702508 67094829
-51757785 19266644 98659600 77293033
-47920962 -59769997 9335199 -11436970
32682093 59660049 60555256 64793408
64589668 21224941 99616754 83388369
-88798975 -34593103 -2324073 10145996
-78598703 -71160757 79442789 99616754
6476426 -40508734 52789789 -34593103
-23597977 68770486 -20782973 86242965
-30784265 -80252737 14189518 26496959
29398764 -34059126 30449676 71994024
20108114 -40508734 68770486 -27299832
19266644 -24407815 64464621 14392253
-17551279 -40377699 88807827 6025399
-28994743 -50859559 63492102 -19843408
-17900509 -94893029 4140437 -89086562
-11549740 -78136077 3651544 99698677
-79269943 -41982080 -69050299 -6969044
-47920962 -11436970 -25456657 36332426
-85729729 -61919987 -11733589 7495631
-92450204 9654839 -55341888 99698677
-77392658 -96354647 -11733589 -69050299
-71618139 -77392658 -1049093 7411226
-12980965 -82153821 8659267 -47009862
-34059126 -34247709 21224941 14189518
-18719095 3651544 23116778 75667682
6025399 9502663 38486074 47486281
-77392658 -84401988 97495938 67094829
42020028 -71713717 47486281 -54187500
-51454998 -74590805 70911142 -5486990
-70375445 155378 19266644 59004384
-78136077 -58439274 -3232227 3651544
-74312955 -38629155 81317697 -5486990
-97955410 -41974939 51458012 29642078
-71160757 -5486990 3332377 37224255
-47920962 -30551467 57218811 21483220
-17551279 -49349291 47429967 13467814
-38020839 12515576 59660049 71459689
81317697 -59769997 83470616 1916941
-98256660 -92450204 -88798975 50781235
-56408143 -92254531 -25586270 33069011
38486074 22907352 71994024 81317697
-2002560 12953714 87880003 95820898
-92204648 -17821722 6476426 44503337
-52562377 -79224012 32682093 7411226
-94893029 29398764 -32622245 99882091
-25456657 -12980965 85355541 89185263
-24397713 9654839 32151456 12401813
-79224012 4140437 -40377699 29004638
13467814 -93657234 50319504 88807827
-94239870 -48771121 42465946 -11841911
-7271522 -80252737 37224255 24767160
-71117238 -87201100 -2324073 -61251242
-69204224 -78136077 55562769 56400634
-89860799 -49349291 -25841299 5000835
-8492385 -68212019 17230150 75667682
-47920962 33069011 98659600 55562769
52789789 -66969102 71459689 33014579
36332426 53785268 60829083 55562769
-22156539 -71622350 27265375 87880003
-28994743 47429967 -1339061 56580678
-17900509 -12719306 47429967 14189518
-49349291 23064549 -14112294 52542916
-93657234 24767160 -41364281 48973070
-58439274 41401058 -17900509 98659600
-56161038 69524124 16912990 70181981
-41186750 67094829 94436916 79442789
-67307778 -76235692 -18546121 38085660
23431079 -38629155 50781235 -11733589
-25235876 75667682 83470616 83388369
-67308958 -94893029 -25235876 14492841
-89232345 38486074 -41420263 92472112
39312846 -78992823 85355541 -14112294
-80252737 82945699 13877032 91575016
-89860799 -49349291 54850882 10480648
-18806533 -24407815 72661819 33069011
-11549740 -94893029 59844293 50319504
-32622245 -41759157 6476426 92054704
-71160757 52542916 8659267 53414127
-68643902 7495631 3651544 45610453
30449676 -41420263 47429967 45985220
-56408143 -52562377 38231519 89576643
-47827896 -92562916 64464621 -87201100
5000835 47429967 32151456 70911142
-7271522 -55341888 23770387 -49349291
5582320 -66278321 52827952 26496959
-38020839 -58439274 68770486 -1813148
-80483656 53414127 -18546121 86242965
-67307778 6476426 -47827896 46183419
-94239870 -25586270 -3232227 22907352
-56408143 19266644 7495631 23116778
37894716 -13395841 70911142 84941874
29398764 -32622245 61203505 21522918
56580678 83470616 58221066 98659600
-88798975 13845961 -34059126 47486281
-98256660 -12442736 -79224012 26496959
-43899589 -39494052 10145996 -1339061
-67227492 14189518 155378 32682093
52827952 -89232345 53313636 61687348
-71713717 12401813 -53649890 46183419
-79269943 -56408143 64793408 79442789
-71618139 6476426 75667682 6607295
-92450204 -84401988 -78992823 -54187500
9654839 -69050299 12953714 -66969102
-74590805 -56408143 5582320 10480648
32682093 -25586270 71041251 83016691
-79224012 -47827896 -56408143 82945699
3332377 -78136077 22907352 86716288
-47920962 -58595578 -11482232 77293033
-55691795 -24397713 -29395694 21522918
-47920962 50319504 49160295 70911142
-38629155 66107796 89576643 70181981
-80048888 -75080668 -70375445 -3232227
-58439274 340849 6607295 32151456
-7271522 -11733589 36991284 59660049
21483220 340849 23116778 1721930
-40377699 -48771121 53313636 -25586270
79012565 14189518 95586791 20941457
-94239870 340849 68770486 20108114
-47009862 -29395694 48777709 83388369
-81706014 61203505 20108114 99698677
-89232345 -98206480 -66969102 -17821722
-34247709 71994024 -23597977 86242965
-92254531 155378 8659267 13877032
-38629155 -17900509 -3232227 24767160
-58439274 68309940 46668052 84290840
-85729729 14189518 86242965 87880003
12401813 -6273165 82465663 88807827
-58595578 -74590805 -22156539 59844293
-41759157 -92254531 -25586270 52542916
-40377699 -50859559 93526458 -24049370
-11436970 -68212019 99698677 7411226
64793408 -77392658 95820898 68309940
-5486990 -74119380 86242965 14189518
-17821722 -58595578 3651544 14492841
-71117238 -84401988 39312846 -80252737
57218811 -2259083 95586791 5582320
-97955410 38085660 -87481678 47429967
-98206480 -69204224 -78598703 -41364281
-24407815 -26584001 -17821722 -5486990
44181948 10480648 99616754 12953714
-41420263 -70375445 24767160 23431079
-5486990 -99882505 14492841 62982935
-93657234 -11841911 -51511705 15067116
-38629155 -92562916 90305641 -87201100
38085660 -30551467 67645775 73430660
-1813148 -66278321 66107796 85335004
12515576 -70973495 21522918 7007786
-34593103 -71117238 77293033 -40508734
-6969044 -2324073 44503337 83470616
-62184064 -71160757 6607295 87529643
-47021423 -41420263 67645775 -30551467
-8492385 62982935 99698677 84941874
56580678 -74312955 95586791 -12719306
33014579 -58872066 83044369 44181948
-7562017 70181981 86716288 82945699
32151456 3651544 95586791 49160295
-68212019 -97955410 26496959 -18719095
-31357022 -1339061 47486281 8826010
9335199 13845961 66870632 68770486
-39510434 -74590805 -31357022 29642078
8826010 3651544 14392253 83044369
-2002560 -6273165 -1339061 83044369
-97955410 -79224012 -62184064 8826010
-20782973 -25586270 58221066 60555256
64464621 22907352 72661819 47429967
23064549 -1339061 53785268 99616754
52789789 -89232345 53313636 99882091
-55341888 -1280607 36332426 155378
-96354647 -12719306 -67227492 82465663
340849 -69050299 21483220 5000835
-2324073 13845961 13877032 69524124
27265375 -47009862 50319504 10145996
-6273165 -75080668 -1280607 14392253
-54187500 -41759157 -11549740 7007786
-74590805 -39075095 92472112 99882091
-7562017 -12719306 87880003 93526458
-92734270 -92254531 80434302 82945699
84208183 -71117238 93530143 36991284
-61919987 155378 82945699 44025340
61754078 28047979 64589668 98659600
-98256660 -92450204 45396073 28047979
-34059126 -97405647 816734 -30551467
-39494052 -27299832 14492841 14392253
-26584001 44181948 52789789 62520859
-41364281 -27299832 73430660 70893924
-39510434 -81950750 90305641 -61919987
-3232227 -66278321 51458012 68309940
71459689 -71117238 77293033 -47021423
87529643 92054704 99698677 98659600
-24397713 -39510434 75140200 -1280607
7007786 44025340 72661819 48777709
13467814 -69619211 29398764 -69204224
-29395694 5000835 47486281 73430660
64793408 -6273165 75600472 13845961
-32622245 -51511705 62982935 49160295
6025399 5000835 14392253 12515576
-24049370 -78136077 38085660 -19207330
-74312955 -94090216 5000835 -67307778
-56008701 -92254531 -11482232 -7271522
6607295 20941457 87529643 92472112
-8492385 42465946 9502663 99935315
-76235692 -34059126 -49349291 4140437
-58595578 -67308958 -11549740 72661819
21224941 -77464670 92054704 84290840
-11482232 -54187500 93526458 -25235876
31156694 -51454998 85355541 53785268
-98206480 -92734270 56880637 94436916
-70973495 -22156539 4140437 23116778
-96354647 -13512097 -51511705 41401058
-70973495 45985220 -11436970 62520859
3651544 20108114 56580678 53414127
-77464670 51458012 45610453 67094829
-12980965 7007786 29642078 53414127
-85729729 19266644 87880003 45985220
12515576 22907352 29031723 92472112
-47021423 -17551279 39312846 70181981
12515576 6702508 67094829 99616754
64464621 21224941 93526458 93530143
-66278321 15067116 92472112 21483220
-11436970 -11482232 51458012 61687348
-2259083 -66969102 52542916 79012565
-66278321 -41974939 52542916 6702508
-11436970 -17900509 26083343 6025399
64680748 29004638 92054704 53785268
-65933257 47429967 18125964 61754078
38085660 -39510434 68770486 -8209836
-78992823 -39494052 12515576 36991284
-67307778 76553576 17230150 76788975
-53649890 -70973495 -29427793 -11436970
-80483656 -51454998 -29427793 58221066
-96354647 -66278321 52827952 75667682
-93657234 -48771121 -1280607 80434302
60829083 -17821722 86716288 51458012
-78992823 17230150 97467340 71994024
-62184064 -71618139 61754078 -20782973
72661819 -58872066 95820898 86467237
-75080668 -11841911 -43899589 28047979
-51454998 60829083 75140200 76788975
-99882505 -18806533 -30551467 10145996
-81950750 -94090216 -38020839 89185263
-93657234 -67307778 -12980965 -34593103
-67308958 -2002560 10145996 46183419
-1280607 -52562377 -1049093 73430660
-41420263 -51511705 -11841911 90305641
-22156539 -81950750 62520859 -65933257
32672509 -51454998 76553576 48777709
64589668 -76235692 80434302 6607295
56400634 -2324073 85355541 86242965
-26584001 -74312955 85335004 -38020839
-61919987 -18806533 1721930 44025340
-88798975 45985220 97631763 60555256
-78136077 -56161038 62982935 33069011
4140437 -73143945 61687348 46668052
-74312955 -41759157 -10772288 61754078
-49349291 -41759157 66870632 99882091
90305641 -70973495 97631763 -7562017
-96354647 -77392658 37894716 82465663
-96794422 -92734270 -25841299 76553576
-39075095 82945699 -35596794 97467340
-87481678 -71117238 62982935 -66969102
-85729729 -80483656 -10772288 -23597977
-23597977 -80252737 -11482232 -2002560
-98206480 -2259083 29031723 29031723
-1049093 -79269943 23770387 -5486990
-69050299 27265375 94436916 71041251
-55341888 -94090216 99698677 -79224012
10042566 51458012 82465663 79012565
-71622350 1916941 33014579 97631763
56400634 -80048888 64793408 -1049093
-89232345 -97405647 61687348 1916941
-74590805 -93771328 -54187500 59660049
155378 -41186750 85355541 93526458
-58439274 -87481678 89185263 57218811
21224941 -2259083 75667682 9502663
71459689 6607295 84290840 41401058
-92734270 37224255 74858994 37894716
57218811 -24407815 84208183 41401058
30449676 14189518 51458012 89185263
-25586270 -71160757 84208183 71994024
-58439274 50319504 155378 50781235
-18806533 -41364281 -2324073 -8209836
-80252737 97495938 75667682 99616754
-41364281 -78136077 42020028 -2259083
26083343 -6273165 64680748 90305641
-61919987 -69050299 23770387 -19207330
85355541 -61919987 89576643 -43899589
-92204648 -66278321 -20782973 83470616
23064549 -89232345 57218811 -58872066
-14112294 9502663 76553576 45553173
-56008701 -78598703 56400634 58221066
-93771328 -1813148 26496959 50547110
-89860799 -13395841 75600472 -1813148
-87481678 -85729729 12401813 -65933257
13845961 -1280607 21522918 92054704
-40377699 32672509 1721930 83470616
-10772288 -54187500 91575016 13845961
37224255 -18719095 51458012 14392253
-89232345 82945699 40522056 99616754
-8492385 6476426 88807827 99616754
68770486 23431079 73430660 93526458
12515576 -65933257 61754078 99616754
-22156539 -55691795 13877032 61687348
-11482232 21224941 89185263 45985220
-38744235 -98206480 6476426 -34247709
-99882505 -51454998 -39494052 17230150
-97405647 -17821722 70911142 45553173
-33153289 20941457 -12719306 62520859
29031723 -87201100 56880637 -25235876
-48771121 9654839 8826010 71459689
76553576 -51454998 93530143 23064549
-71117238 -79224012 56580678 92472112
64464621 -93657234 75153132 97467340
-88798975 18125964 -47021423 21224941
8826010 59004384 50547110 99616754
-20782973 -24637508 816734 93530143
-18719095 7495631 64680748 39312846
-98256660 -96794422 7007786 -38744235
-17551279 -2002560 71041251 71188029
20108114 20941457 47486281 52827952
-54187500 -12805607 -8209836 14189518
-29395694 66107796 85355541 95586791
-30784265 -69619211 70911142 3332377
-93771328 60829083 86242965 89576643
13467814 -70375445 82945699 -5486990
56400634 -78992823 88807827 62520859
-55691795 -41982080 -11482232 21522918
-56408143 -75080668 4140437 7411226
61203505 -66278321 92472112 -11436970
-13395841 -89232345 76553576 81317697
-69050299 64589668 79442789 75153132
-94893029 -62184064 -11549740 -39075095
-69050299 -75080668 18125964 79012565
-47920962 30936283 9502663 56580678
-88798975 -41364281 60555256 98659600
31156694 -93771328 44025340 -56161038
-1280607 -25456657 86242965 68770486
-55691795 -62184064 -6273165 41401058
-12980965 45985220 86242965 83388369
-24397713 -7562017 75140200 76553576
-32622245 -7271522 13877032 36332426
12515576 340849 52789789 16912990
-32622245 -77392658 20108114 29398764
-29427793 -58872066 71188029 45610453
-11549740 55562769 13467814 68770486
36991284 -17821722 54850882 59004384
-74312955 -39075095 -51511705 3332377
-11436970 -93657234 69524124 33014579
-72333282 -19207330 -13308156 67094829
155378 -97955410 44503337 -3232227
-24397713 -56008701 55562769 26083343
48973070 -67307778 62520859 -35596794
13845961 -25456657 77293033 51458012
-26584001 52542916 67094829 68309940
7411226 -24637508 30449676 97631763
816734 9502663 86716288 33014579
17230150 10042566 97227187 32151456
6183760 -55691795 67645775 75667682
61203505 -26584001 71994024 -19290026
19266644 -80483656 93526458 37894716
-59769997 83044369 29004638 86467237
-81950750 -24407815 45985220 68770486
-80048888 -85729729 41401058 95820898
-18806533 -47827896 45396073 -2324073
61687348 -7271522 92472112 90650808
-56008701 -99430207 70911142 -67308958
9654839 -69050299 44181948 84290840
-58872066 -24637508 -41974939 31156694
-99430207 61687348 -43899589 73430660
-17821722 -34247709 26496959 29031723
64793408 13467814 67645775 52789789
-81706014 -13512097 72661819 86716288
-39494052 -27299832 10480648 29031723
-79269943 13467814 36332426 53785268
-25456657 -98206480 6607295 -34247709
-67307778 -19843408 9502663 16912990
-38744235 12401813 -18719095 71041251
51458012 48777709 52542916 95586791
-67307778 -85729729 26083343 -71117238
71459689 -43899589 84208183 89576643
-47009862 10480648 13845961 60829083
-74590805 -24397713 -32622245 87529643
-39494052 -74119380 33069011 83470616
-82153821 -48771121 -75080668 -29427793
8826010 -1280607 22907352 86467237
10480648 -24637508 51458012 -6969044
-17551279 26496959 84941874 66870632
-50859559 6025399 42020028 41401058
32151456 10480648 88807827 42465946
-41186750 66870632 21483220 97227187
-19207330 -3232227 50319504 29004638
-79269943 17230150 -41982080 99882091
-80252737 29642078 -61251242 37224255
-35596794 -41186750 60555256 71041251
-74119380 -70375445 99698677 75667682
-98256660 -98256660 44503337 -69619211
-7271522 -61919987 97227187 20941457
-47009862 -11436970 -32622245 -8209836
68770486 -51454998 83470616 -32622245
-29427793 -39510434 61754078 38486074
-24637508 15067116 -17551279 23064549
-19290026 -96354647 -6969044 -89232345
-1339061 -84401988 83044369 -77464670
-89860799 -62184064 63492102 -41420263
85335004 7411226 86716288 38486074
-11436970 -98206480 -10772288 84208183
45553173 -13395841 64464621 -12719306
-71618139 -58595578 29398764 83016691
-81950750 -71618139 56880637 -53649890
-41982080 48973070 75153132 92054704
4140437 76788975 84941874 99935315
-10772288 -43899589 13467814 23431079
-67227492 38085660 155378 42465946
-92254531 89185263 45553173 97467340
-87201100 9654839 -1339061 21483220
-94239870 -89086562 -53649890 6607295
-77392658 -82153821 -33153289 83388369
-39075095 -47827896 61687348 59844293
-41974939 93526458 -41759157 93530143
-67227492 -92562916 -12719306 69524124
-17900509 68309940 -7562017 86242965
-71117238 -80483656 45396073 9654839
6025399 -99882505 19266644 71188029
32151456 -78992823 64680748 -48771121
-19207330 -50859559 20941457 72661819
-82153821 -98256660 76553576 3332377
-47920962 -52562377 76788975 6025399
-26584001 -11841911 70181981 60829083
-99882505 -10772288 50781235 64464621
22907352 -87481678 79012565 -78136077
-47009862 -38629155 60555256 -1339061
61754078 -41759157 68770486 90650808
-33153289 30449676 42020028 37224255
52789789 -81950750 64680748 71994024
-61251242 -78992823 -29427793 29398764
-18546121 -78598703 89576643 -50859559
-39494052 -41974939 40522056 -11482232
-20782973 -40508734 89576643 17230150
-69050299 20108114 63492102 98659600
-2002560 -78136077 84290840 9335199
-70375445 -77464670 56580678 -24637508
3651544 -3232227 21224941 38085660
-56008701 -71618139 -14112294 52542916
-13512097 -8492385 95586791 60555256
-78598703 -92254531 -61251242 -71160757
-48771121 20108114 28047979 23064549
20108114 -48771121 56400634 -34247709
-78136077 -68212019 83470616 94436916
-24637508 -55691795 14492841 -40377699
-39494052 340849 -39075095 26496959
-70375445 -22156539 -39494052 16912990
-74119380 -6969044 84208183 87529643
-25586270 45985220 -24637508 52789789
-84401988 -55691795 -56008701 6476426
-7271522 -32622245 31156694 4140437
1721930 -10772288 44025340 89576643
-72333282 -25841299 83044369 10145996
-92254531 71041251 75600472 84290840
-47920962 -17551279 39312846 59004384
9654839 -13395841 53414127 45610453
-94893029 -97955410 -80483656 -33153289
-12980965 -53649890 93526458 99935315
-92254531 -41982080 -48771121 19266644
-55341888 -66969102 -19207330 70893924
-89086562 -54187500 53313636 95820898
-69619211 -78992823 79012565 -74119380
-93657234 -74119380 12953714 -34247709
12515576 -69050299 88807827 29398764
23116778 61754078 84290840 70911142
21522918 12953714 93530143 97467340
-99882505 -79224012 93530143 32682093
38085660 -25586270 86242965 38486074
-68643902 14492841 32151456 97824999
50781235 -74590805 97227187 -19207330
-71618139 -92450204 29031723 -88798975
-92562916 -55691795 50781235 70893924
-73143945 -72333282 75153132 44181948
816734 29398764 26083343 82945699
44181948 -41186750 53785268 71188029
7007786 -41759157 14392253 79012565
24767160 5582320 76788975 9654839
-80252737 -52562377 14492841 50319504
-74312955 -62184064 -47021423 48973070
87529643 -56408143 99935315 -12805607
8826010 36991284 60829083 70181981
9335199 -71117238 82465663 -40508734
-96354647 -41364281 -1813148 -38629155
-51757785 -18546121 79012565 -12442736
15067116 -30551467 39312846 -17821722
5582320 -58439274 26083343 -52562377
-94893029 -92562916 -14112294 22907352
-41982080 -43899589 70893924 -13395841
-80483656 -94893029 95586791 85355541
77293033 -17551279 88807827 48777709
-24407815 -51511705 -24049370 99882091
-69619211 -17821722 -11436970 38486074
-87481678 -17551279 99935315 89576643
-73143945 46183419 -41982080 92472112
-67227492 -11841911 60555256 51458012
-82153821 -93657234 81317697 90650808
-30551467 -13308156 -24407815 23770387
-78136077 -12719306 68309940 1721930
-73143945 -74119380 64793408 9335199
-11733589 -20782973 86716288 61203505
-77464670 -48771121 14189518 -27299832
76788975 -19290026 84941874 27265375
-97405647 -71160757 26083343 -29427793
-99882505 -48771121 99616754 -1339061
-82153821 -69204224 33014579 37894716
-71117238 -75080668 73430660 6702508
67645775 -17821722 71041251 -12980965
-27299832 -78598703 64793408 -34593103
-25841299 -66278321 92054704 -61919987
-19843408 -34247709 75153132 -11482232
-85729729 -43899589 1916941 97824999
-97405647 -77464670 8659267 -11436970
-48771121 -29395694 8659267 97227187
-55691795 -47920962 64793408 -11841911
-25456657 -58595578 53414127 -34059126
-12980965 -7562017 68309940 9502663
-14112294 -66278321 66107796 -11482232
-66278321 -41186750 20941457 40522056
-76235692 -25235876 97495938 12515576
20108114 -50859559 21483220 6476426
10480648 -30784265 57218811 -13308156
-89086562 -14112294 49160295 23431079
13877032 -94090216 23116778 -30784265
-52910584 -51511705 39312846 71994024
-66969102 70893924 50319504 74858994
-80048888 3332377 3332377 10480648
-30784265 -92562916 -19290026 52542916
59844293 -92450204 84208183 -41982080
-25841299 15067116 70893924 84941874
64464621 -80048888 82945699 38085660
24767160 -61919987 86242965 76788975
20941457 -41186750 97495938 97227187
-71160757 -1813148 64793408 9335199
-22156539 68309940 6183760 88807827
-71117238 -12442736 -13308156 50781235
6607295 -2324073 44025340 27265375
-1049093 -93657234 30936283 38231519
12953714 -5486990 64464621 8826010
9335199 -72333282 69524124 33069011
-48771121 12953714 9502663 66107796
-99882505 82465663 10145996 90650808
-70375445 16912990 86716288 97631763
-11733589 -48771121 97631763 -17900509
-61251242 -93657234 -10772288 9654839
-77464670 -72333282 62520859 -6969044
-13512097 37894716 83388369 44181948
-51757785 -28994743 56400634 79442789
9654839 -11733589 74858994 93530143
-67308958 -62184064 -25456657 37894716
13877032 -69050299 83016691 72661819
-25456657 -1280607 52789789 56580678
-75080668 -98256660 -51757785 -7271522
-2324073 18125964 87880003 30936283
-94239870 40522056 73430660 51458012
-32622245 -69050299 77293033 71041251
-24407815 45610453 29398764 46183419
-47827896 -41982080 75600472 48973070
-41982080 -71160757 13877032 3651544
10145996 -32622245 71459689 -18719095
-80483656 -97405647 93526458 99698677
5000835 -39494052 64680748 -24049370
-39510434 -99430207 13845961 62520859
-80483656 -78598703 -71618139 59660049
32682093 -92562916 38486074 92472112
-96794422 -75080668 -55341888 48973070
-71117238 -53649890 -18546121 45553173
8826010 -53649890 14392253 32672509
10042566 -55691795 67645775 5000835
37224255 -2002560 97631763 97227187
-94090216 -39510434 -74119380 83470616
85335004 -29427793 86716288 44503337
-59769997 8659267 56400634 30936283
-51511705 -58439274 21522918 18125964
6025399 -47021423 13845961 -2002560
45553173 -35596794 99616754 99698677
-41420263 -58872066 -8209836 -51757785
-41759157 21522918 36332426 67645775
5000835 -6273165 85335004 6025399
-1339061 -69050299 45610453 20108114
-47827896 -24049370 37224255 16912990
-29395694 -89086562 71994024 -24397713
-56008701 -97405647 -40508734 99935315
-18719095 27265375 -8492385 63492102
-29395694 -75080668 77293033 97631763
-39075095 -71622350 -25456657 -41974939
-12719306 23770387 14492841 93530143
-58439274 -17900509 39312846 23431079
24767160 -6273165 62520859 70181981
91575016 17230150 99698677 83470616
-85729729 -11841911 -67308958 29004638
-67227492 -71160757 67094829 23064549
-24397713 -58595578 12953714 -47021423
-71713717 -74590805 26496959 70911142
-47827896 -55691795 -30551467 -40508734
-34247709 -98206480 23064549 93526458
-47920962 6183760 8826010 61687348
-88798975 -47827896 -87201100 76553576
9654839 -55341888 47429967 60555256
-71622350 -76235692 70181981 -71618139
-19207330 -73143945 -7271522 -56408143
-71117238 44503337 67094829 62982935
17230150 -93657234 37894716 45553173
-26584001 -29395694 39312846 -1813148
-25456657 -97955410 53785268 86467237
-88798975 60829083 79012565 89185263
36332426 -98206480 40522056 -12980965
-47827896 -1049093 5582320 26496959
1721930 -5486990 88807827 5000835
-47920962 59660049 44181948 83470616
-11436970 -18546121 -8209836 81317697
-80252737 -97405647 6702508 75600472
-70375445 -71160757 -67227492 6607295
-94893029 6607295 77293033 97227187
-71618139 -92562916 8826010 80434302
64793408 -18546121 86716288 90305641
56400634 -73143945 93530143 60829083
-85729729 -1049093 32151456 47429967
-92562916 14392253 -32622245 61687348
-30784265 -93771328 45553173 -69619211
-67227492 -92254531 82945699 14392253
-98256660 41401058 55562769 90305641
-67227492 -11733589 60555256 75600472
61203505 63492102 64793408 84941874
59660049 42465946 93526458 83470616
-51454998 -12442736 -25456657 6183760
-92204648 -48771121 12515576 56400634
-58595578 -11841911 29642078 69524124
59660049 -54187500 89185263 -41982080
-68643902 -24397713 9654839 89185263
-87201100 -39510434 -19207330 -18719095
76553576 -18719095 81317697 9335199
3651544 -94090216 9335199 -8209836
38486074 -11549740 57218811 33069011
-70375445 -41974939 -58872066 75600472
-80483656 1721930 40522056 99935315
-27299832 -99430207 -19207330 64464621
-94239870 -94090216 -66969102 -19843408
-71160757 -82153821 -58872066 -71622350
23064549 -71618139 56880637 14189518
155378 -62184064 19266644 60829083
1916941 -11549740 4140437 76553576
-93771328 20941457 6702508 53785268
64589668 -54187500 83016691 13877032
9502663 -22156539 13877032 6183760
-99430207 -71117238 -84401988 -19207330
93530143 -55341888 97631763 -19290026
-78992823 -53649890 64589668 9654839
-71713717 155378 -59769997 90305641
-73143945 63492102 816734 64680748
29004638 52789789 84208183 77293033
41401058 -79224012 94436916 -11482232
8659267 -75080668 52789789 -56408143
-93657234 -77392658 -71622350 79442789
-89086562 -41759157 -59769997 56580678
-69050299 -72333282 -6969044 42020028
89185263 -41982080 99882091 71188029
-78992823 36991284 12515576 99935315
-38020839 -97405647 67094829 66107796
-13512097 -67308958 12401813 -56408143
-97405647 -92204648 70893924 -56408143
-98256660 -61251242 19266644 83044369
-81950750 3332377 64793408 5582320
10145996 -1339061 56400634 63492102
-89232345 -67227492 -47827896 82945699
7495631 -52562377 54850882 -25586270
-47827896 -20782973 -12980965 -2324073
-85729729 -62184064 47429967 59004384
-38744235 -29427793 13467814 48973070
-61919987 -96794422 -34593103 -38629155
44503337 70893924 45396073 85355541
-61919987 -24049370 -56008701 -5486990
-17551279 -99430207 92472112 37224255
-34593103 -47009862 -24049370 -17900509
8826010 340849 86716288 70911142
-24397713 -89086562 52789789 -48771121
-25235876 -75080668 50781235 38085660
-56408143 -33153289 12401813 49160295
-24407815 -81950750 75667682 -54187500
-13395841 -25456657 39312846 97631763
-35596794 -75080668 83388369 -47009862
52827952 -71117238 71994024 -28994743
53313636 1721930 57218811 86467237
-99430207 89576643 5582320 99616754
-34059126 -82153821 -5486990 36332426
-82153821 36991284 82945699 77293033
-18719095 -40377699 52827952 97495938
-87201100 -18719095 33069011 53313636
14189518 -96794422 99882091 -1813148
-92254531 -12805607 -47827896 82945699
16912990 -84401988 97631763 -13308156
-88798975 -81706014 83044369 -11436970
-26584001 -24049370 60555256 56400634
-92734270 -75080668 52789789 -68643902
-74119380 -80252737 -2002560 92472112
-2324073 -89086562 24767160 29004638
-66969102 -78992823 -5486990 97631763
52789789 -66278321 53414127 89185263
-87481678 -3232227 -13395841 83016691
67645775 58221066 74858994 84941874
-41974939 -26584001 29398764 18125964
-47827896 60829083 20941457 92054704
-12805607 29642078 64793408 52789789
-79269943 -30784265 75600472 45553173
-92734270 12953714 -58595578 71459689
-92734270 32151456 83044369 83470616
-34593103 38085660 29031723 84208183
-94893029 -96354647 -51454998 -50859559
-61251242 76553576 47486281 97631763
12401813 -17551279 80434302 68309940
-25841299 -41974939 56880637 20108114
-71622350 44503337 -6273165 48777709
8659267 -26584001 50547110 38231519
-34247709 -66278321 -6273165 1916941
