1000 76931704 126085201
-46632061 -38938849 25463367 79547713
-17934169 4508987 50762018 45062412
-53676192 3025809 -17123585 53587608
-75136573 -80477915 -68654230 7528125
-3316384 -72663948 27956436 47320460
-83527980 72504003 -43465736 82159509
-13607645 70007566 81041498 71090854
-61651820 -32008881 40212347 -3247316
6812039 -63467182 40489134 -5023321
2446945 25463367 55341111 47634086
-15292199 -87660069 63203019 42960761
-60347915 -83296720 -48442554 70216549
-86590115 -91138998 -72749653 -72700415
-54888346 17717345 33663582 85915260
-70735517 -14788504 -42637804 46898802
-98282180 -87206776 -53976537 21589129
15426188 -40777289 33715040 -25767012
29055396 -50614058 33720135 14847522
-31652175 42756825 -10139858 52105320
-21597481 -72549105 49395982 -33799632
-81675137 -67840342 -79332215 -12575051
-10773350 4508987 18232564 87439177
26850412 -21598397 41027789 -10217998
-14467895 -43465736 42880336 72504003
-29906776 -60401257 5312036 -55213575
9833122 -99759676 58994677 90117797
8430227 40799459 59237765 91850690
-38938849 50762018 61356032 68804943
-41551446 -94230823 31186853 54140277
-51045591 -18150217 62659450 60742872
-92937068 -81360796 92274733 66572355
28375187 -91856042 28510874 44428475
28854794 51066062 93952330 65329255
59178098 59178098 80575776 75430469
-24297507 -70735517 -20866666 72707548
-4083896 -36599135 95300417 -22951840
30664097 5031573 50194198 43000565
54442730 -74077735 54478368 -52184668
28375187 -14506986 49324899 79283532
1027906 -83228458 87439177 -19164731
13438306 -49847654 85140166 -6409981
43000565 -22556468 47320460 31508278
51926291 -84723701 60505855 -42530996
-26363855 -63467182 50209865 6618171
-26760679 -32598794 1777135 89257337
-25352420 -99991372 -6849331 30808472
52273255 -54033674 56043116 13808034
-81675137 -43297793 -34440045 44239360
31450780 41910843 41910843 92628908
-42478683 38786695 27447806 62659450
43033812 -19978453 74266216 43852896
-79332215 -40762216 79547713 -1844967
-66531100 -23504155 -13084115 -12185312
-63163443 22903001 -21528952 70071436
-82668973 -97117937 -80594219 81287938
8311158 -26363855 25116563 -1704910
-3849614 -52894881 84350372 13794637
-39704487 38250343 4378783 58024405
-80466119 -42404696 -53976537 31186853
-87943030 -1964404 59258043 42146690
-42170609 -42797221 43000565 15594219
-10139858 3424127 15426188 36833654
-40501322 -60347915 93582905 62148561
-64230817 -53517747 29572393 67740690
1548516 -99331699 72755006 -39199894
7707715 7156897 41624857 95474967
-92773029 9545725 -28337773 54561611
-79877470 -42637804 15125844 -8107383
-24220173 -73429062 1121481 -2317668
-11977580 -68094890 8291996 -24220173
-61727188 -80723427 16614057 4219889
-21597481 -94172153 12352948 74266216
-36499845 -1844967 1078871 30296685
47826371 -8882335 81496235 11526111
-66670370 -49847654 8432681 74565088
-46034877 -52635909 68673708 88076256
27386133 -40152436 79883246 85254480
-78809605 -94760320 18543138 -28801328
-14467895 21968540 55765961 91070231
-63467182 -40682112 16865732 -3732862
-98378998 -78937231 -77828256 -61727188
-87563478 -61151732 -3603109 9922041
-23050436 -97481720 31857281 -79940362
-93744462 -77917295 -21528952 -52059931
-60688625 -41551446 4665916 19735185
-70574180 -84346919 28338431 59830357
-65816683 -87563478 58024405 56045441
-17934169 -33709339 43138155 46074858
-47466314 9833122 48981395 73357788
4747679 -79332215 42880336 59698471
-21598397 30296685 52757703 74809743
-77414378 -86143678 91850690 60334647
-87563478 29032913 -11736543 58062015
-47654126 -72700415 -45344253 60948033
-80618182 -11227351 54178363 8242956
-31330160 -29861142 41027789 -11432856
38600246 -86590115 93178457 71072495
-23298404 -95685114 85572994 16951010
-41128203 68736376 29280179 82892459
21784943 -62886977 90327185 74249329
-59677310 -32436730 -35704405 89115571
43674671 -70097480 87537692 21589129
-73633315 -90943166 55765961 21784943
-23320003 -83759175 68192268 57672484
-2317668 40470980 54865110 87296406
-33799632 -79061094 27737157 -28277711
-62886977 -68463790 99699477 91227994
35916090 -14756458 60839670 54178363
-35242354 -62761919 8109099 -42170609
-6409981 -84102440 65335471 -78934446
-59175754 -80205325 29913600 -63448040
-52059931 -95178876 96732096 50487450
-73447830 -80723427 -50173550 75241432
64513408 -95159288 66572355 -73271523
-13092564 -60391011 -6252917 59624328
-97690269 -13532012 -28119743 5094734
-40007220 56048259 -25767012 68210174
-17834826 -3220598 11365429 79739640
-52076205 -77007334 51379379 19627296
-88606796 -90516744 -65816683 79542957
43573248 5269626 50777069 80129712
-63661621 -84817402 95122521 69468966
-17934169 -36599135 59237765 -28337773
-75915501 -70097480 53144918 -61789749
-65816683 -82301694 21388520 90480084
-14479860 -96303968 -6458064 -80187625
-60890280 -84723701 24567385 -48431749
-22743128 -14506986 10200243 64475109
-34698975 -18407104 65775894 61671062
-81873630 -80696008 -42333298 2465938
24203968 -79022147 25009293 -62162587
47634086 20362207 62148561 75441325
-79763610 -97709479 89257337 36049623
-29247392 -36998445 6154747 -11736543
-35365886 -97786736 88076256 -35242354
10391429 -28801328 33953469 83499908
-51915048 12352948 77621131 16614057
-47423570 57120771 -39897964 84215948
-61481651 13756505 35916090 87812347
-93744462 -46095826 -56139748 53517465
-21597481 -17934169 -8024890 43683714
-51171868 -90294024 85915260 53211228
-97709479 64611647 33896672 93314259
-87270213 15265540 60334647 82159509
-76882791 -80205325 22971844 1943582
-60108836 -41618280 16627939 86920910
-74749080 62166837 -13084115 98397328
11521794 -47418124 87901508 57350452
-52059931 -53280256 13756505 58052093
8109099 59178098 75430469 69619840
-33799632 -47423570 82522710 84708915
-83812732 -66490967 38250343 29638198
-82668973 11111686 27196054 87398658
-90943166 -9841819 -79332215 64661418
-68654230 37092442 51926291 86071440
-50482639 -78405539 48062885 -51217432
-13092564 -87116575 24097848 -83228458
11521794 -98045629 75441325 42146690
-25352420 -9663219 37092442 72648072
-90943166 -42604070 -78113241 -17834826
-80205325 25009293 65545173 49324899
-78689473 -11736543 -13751342 70007566
-29906776 -41621724 3492086 66355297
27398558 -36998445 89183713 10306210
6154747 -36810997 45556131 4575340
-39704487 -80696008 96990841 -33749852
-94735020 -88555991 -52894881 -11977580
34216054 26676468 72194807 90327185
-81843166 21589129 -78113241 45153373
-11977580 -6849331 31186853 24584796
-62761919 -88906895 97890964 -34239990
50316837 -74749080 68736376 20362207
-11538874 -88699203 33663582 4219889
-76882791 43674671 -72254957 52757703
46965836 -15870496 74761325 13808034
36735750 -69430126 45921426 46572192
-50482639 -80345084 -1504597 -77579373
21793432 -77917295 86920910 -66926970
-89268068 -85514605 53193126 -29247392
43033812 -71410762 97983820 89257337
-99483431 -60513578 -97117937 -43465736
-81360796 -7536276 -5221667 66742771
-56815046 27386133 86071440 52639653
28856958 -60347915 85140166 61671062
-1843758 -38938849 88825202 64027421
-83527980 -60224134 42936397 -29250333
15265540 -74598378 65456777 84350372
-25884307 -33242891 72648072 -14788504
-97481720 68504451 -61363053 79813102
-77949158 -79839599 -23886456 -7905111
-70735517 -64230817 88076256 20448606
-42404696 29532520 55399341 48174090
-63163443 -47709753 4747679 81127667
-83239641 -98146470 -31995555 -65561229
-6731535 -69430126 53976537 -49239181
-30145295 77621131 39459020 95523638
-39344725 -63577293 -36810997 57546613
79739640 -74144564 90327185 68814480
-41102051 11365429 35969768 56969787
68673708 42672077 77617215 62397867
3424127 -35704405 7569387 81739742
19680641 -81873630 24024852 90878528
30901237 -68966709 61671062 60334647
55175611 24584136 91227994 98421209
-75555355 -35339780 11111686 49525857
-22827793 -32092723 -7536276 33966503
-14170983 -97786736 27386133 -67517946
-71443436 71401158 59698471 79850909
-11302540 15272183 -2888397 42960761
4281220 -87655791 37120049 -10907272
-53280256 45921426 27574404 99699477
-4759227 -3732862 40195151 70813160
-56318187 -13532012 24588982 94883437
-88896040 33490951 -21597666 43573248
-38632724 -97212533 -16428436 39520604
-82891579 53211228 78088724 58546550
45153373 -68686620 73701907 6618171
-13435350 -57725649 79456599 -50482639
48925730 -3220598 87314581 26850412
-70855801 -84723701 9081096 15691245
-78676533 -27929885 48742865 -11891892
-72749653 -90943166 94796297 -87943030
33492997 -57449603 69422919 -56318187
1027906 -90614907 52273255 1943582
31721901 -68463790 42146690 54178363
-75320876 22112631 -65193979 57132246
-76960117 50194198 64524560 86066772
-26363855 -25120765 57834154 1027906
-80187625 56266721 -5221667 85140166
-77949158 -50482639 22243575 24512514
-58670682 -95685114 1739214 27677774
29408272 42036259 38376732 60648428
-42985107 -78778366 93341549 -74598378
29312227 -99759676 94532769 -85049915
-32441200 12723484 -17834826 74249329
29280179 -97309541 69619840 -22702524
-35101933 -87425291 16614057 68210174
-97309541 -99331699 -66670370 77621131
-34698975 -620938 29638198 80007906
28721626 -93957895 36348286 -80770616
-32441200 -88649252 32561516 69855356
-74991346 -66163170 8432681 -19632321
-61573605 -55226234 87912652 84708915
-67765175 26418034 -29906776 62397867
28856958 -96303968 42756825 27574404
-78987879 -33527101 -23886456 -27929885
-43297913 -61842200 -30725856 63704960
-79095035 -39199894 -74144564 -29369719
-86242081 -22951840 -59175754 93314259
-41128203 -82231258 55903391 79883246
-67840342 -27952336 55959342 -23320003
-92658791 19680931 -66670370 98397328
-99331699 -553261 4219889 64611647
64172063 -80345084 99685612 22243575
63209078 -80618182 70108334 -39704487
-91311975 -90250832 40212347 -16098915
-83516425 47826371 -64472622 79739640
-10412248 -78676533 56969787 -39852465
46582214 2465938 58372300 24203968
-39256459 -87262607 -1455227 93314259
-33527101 -620938 46582214 39677753
-46055049 -78405539 68804943 -1449155
-95178876 -52991177 -77374655 43796516
-72549105 -99991372 -19978453 -19979459
-25767012 -56277537 72194807 -10412248
-5607856 -35242354 29032913 77472687
-99759676 20359580 50762018 33663582
-23111051 12306839 20135535 80129712
-89268068 -25349154 -53280256 24499102
-52184668 -52894881 90892262 74809743
-94054258 -21065365 -660944 84350372
-21946374 -77836448 48925730 -57270917
-51164455 -72272592 31721748 87980330
-88916631 -51721879 -17977733 15691245
46572192 -38938849 66355297 -19164731
26632570 13265605 52183149 87630489
-30691875 -77949158 73292309 11521794
22031165 -43297913 68504451 70854995
60255611 -81360796 87912652 84708915
-66163170 -12854508 11111686 93371096
39510623 -85584056 66112663 -31652175
-10139858 -29197410 2752498 9081096
-36588943 -21630965 11104122 -10907272
12761238 -61789749 75226069 35916090
-79022147 -61789749 41909657 -3247316
-79009071 -33636443 83380930 59991524
-55587251 -35242354 16951010 -12141218
-77414378 53193126 43000565 73086936
-63163443 -9663219 -7931013 20362207
19735185 -36079160 74809743 -24864888
-87943030 -62708984 -10742688 -27196918
-86713950 52639653 -48269181 61463512
-30704392 -86590115 21793432 -9382840
-84723701 -14249116 45153373 99685612
-77297114 60648428 -12381223 89446363
-80314355 67399220 -67581579 81287938
-80477915 -53020414 24567385 69978660
-26425034 -13751342 4378783 -12185312
-91722222 -51915048 57415489 -19268523
-35157133 7569387 70071436 79739640
-85049915 -72070704 -64230817 12400896
55413285 16627939 85100609 34356023
-75555355 59237765 -57685318 65456777
21815061 73292309 27663992 98421209
-16551422 -20157580 -10773350 -6472220
5269626 50209865 93779638 75441325
-52076205 -39024315 71361772 6154747
66742771 45294238 68804943 47435674
-6458064 -2585280 4281220 90464564
29913600 -10669156 90327185 54561611
4399586 -92937068 49525857 72648072
-39256459 50487450 48694822 85134437
-97117937 -13092564 -80191834 40584027
-553261 1196070 53426349 37626735
-68686620 -34131805 78495778 70007566
-62761919 4219889 42960761 6618171
-99975114 -38058904 58052093 -19972123
27694870 -38058904 87314581 -25349154
-65561229 -56631278 83499908 -13751342
-84346919 -98282180 -15529207 -53193393
1548516 -18407104 73357788 691330
-87206776 -47149953 -18602092 -22027177
-10217998 -31612732 79883246 75498795
-53872110 -72017416 40545784 62677534
-23933976 22031165 45146856 98421209
74214467 23033967 98397328 36348286
-78809605 -89903364 13687967 -8107383
-80345084 7716570 38376732 81127667
5830086 -76966527 9081096 22112631
-77135249 -77007334 87812347 63203019
46997518 -65942558 61515909 33715040
-89903364 52183149 18978003 78495778
-99546199 21798741 1817370 84536343
-68712516 27956436 -14756458 75241432
-60890280 -23460886 -620938 42441209
-46034877 37120049 79883246 89603885
-62971837 -76966527 1548516 16627939
-71769476 -42698671 87315591 33664579
-78087490 -17934169 84066626 70108334
-94172153 -56630707 -58244853 80934781
29638198 -63095664 45353883 -8800288
53976537 -95766967 96990841 -27302528
-90250832 -86713950 -11227351 -15715212
4747679 -7927014 70108334 7156897
-92658791 1078871 -32441200 95046643
-48545862 -99028196 4000226 70216549
-27570372 -98123505 66935877 63629207
-46447008 62166837 -28337773 89028448
19627296 -80477915 49762444 -70574180
45352014 -80723427 98397328 -70947479
-53432011 9856710 -14788504 73952070
-85605465 66016679 33659589 87314581
58052093 18978003 81739742 55765961
-50173550 74013907 80477687 88641261
-10907272 -34471360 75430469 98441865
-12051537 -66926970 50980711 -39704487
-20866666 19680641 19409974 22908012
-73124110 -32646271 -64752751 79542957
-31652175 -36499845 -12854508 89097778
14390497 -85306259 51926291 -51171868
-20124840 -48945404 87375705 -48809032
-62828977 -89897174 -28801328 -44452989
-42797221 -86205834 -29380183 93779638
-62141813 63746091 -54861260 64475109
-87206776 -70735517 -72549105 87812347
-50482639 -52470507 29280179 -34698975
-39704487 -19164731 39279105 59442909
-44452989 -66347411 -42797221 82522710
-95360149 71090854 -22743128 73292309
-59677310 -30141372 -52076205 65335471
-13435350 57090877 38376732 82159509
-21598397 23146603 52997558 74809743
766600 -32646271 27574404 63629207
-22702524 -1975496 26614953 61463512
-56898133 -49252986 83484206 -39199894
-89897174 -62708984 17513031 84586424
37363598 -50614058 51639458 73071269
-76882791 -51721879 -28650924 69855356
-35101933 5941584 36049623 72504003
-62594426 -49847654 93582905 -6171404
-11203466 -24536981 85717798 91070231
31896391 -94760320 40470980 9628237
-3247316 -78809605 94203642 -70540682
-39590134 -94230823 -3732862 46898802
-39256459 -86911875 11365429 -62708984
-1843758 -68654230 45062412 89115571
-55587251 13265605 -35157133 28067608
-71753396 -66163170 36735750 20331529
46572192 -69430126 68157952 48981395
-53945992 55341111 -6409981 66112663
-79332215 60505855 53517465 78265093
-22743128 -16428436 10306210 82467253
-10781257 -90119188 19056383 79899850
-62708984 -85584056 4358335 27663992
-88699203 -96451947 -24843247 -75915501
-83228458 -75554332 -7302264 16324352
-52595287 -53362390 24588982 98421209
-34139794 -79763610 15177337 53193126
-62971837 -16551422 -15034821 73086936
-53676192 14390497 -1569027 75430469
-81360796 -84102440 58372300 54906053
-47149953 -21597666 84436786 13808034
-96451947 -91689653 87296406 -50430741
-65725051 19629123 84890094 94840261
-23164360 -93957895 27240677 -14756458
-42637804 -87270213 -21598397 58591304
-25352420 -96308192 33715040 -20624708
-62761919 -68654230 -32898228 8720831
-98652408 -38632724 -33636443 35916090
-91557906 -23460886 -18407104 24588982
-75915501 72194807 -42220244 73621390
-31330160 -15292199 -11608103 73463425
-58533414 -99448898 40212347 94203642
-20157580 -24536981 79547713 85717798
33914950 -94054258 87812347 -77917295
44875547 -77297114 62981252 18543138
-46632061 -65410826 87375705 -4759227
-90903968 9902136 9833122 63704960
-31612732 -96196065 -17276634 93341549
-75136573 -66347411 58195686 52010060
28067608 -83296720 92029345 80509249
-10669156 -35157133 85606038 -27755649
-69595998 -31371798 13687967 -10907272
-72272592 -77579373 -13084115 5364534
12514401 -79180094 51379379 58372300
-65725051 47320460 -53676192 96896701
-15034821 24584136 84890094 37293890
-65942558 69184368 7569387 93952330
-79009071 -23933976 70108334 7716570
-77007334 -66163170 32893586 4735766
-44452989 37293890 71962840 64964159
-79061094 -46055049 12723484 -8579200
-81360796 -76882791 -38778280 -56318187
15694457 -95121756 79542957 5941584
-13607645 -74802825 22031165 22908012
-68428765 -79839599 69185550 -79095035
-80594219 -62708984 -39107834 36049623
-87270213 4444458 19056383 43554851
-28007537 -33636443 -15529207 31163896
12400896 58591304 24097848 67458667
-77007334 -65532428 -61199226 -15740016
-71410762 26418034 -16098915 71401158
-5594117 -62156854 86009353 98025852
-79763610 45146856 -41050663 87812347
32357084 -8024890 73690386 22148270
24588982 -3705158 58580539 43674671
20135535 1027906 27663992 19468597
-95766967 -79763610 -59175754 91227994
82467253 24350789 88171595 70417459
56043116 -42698671 91405086 16627939
37363598 -39658950 81858437 74903168
-48838564 -21987530 24097848 99281226
-83239641 -94108906 23218510 -28801328
-48442554 -72990852 73357788 -11203466
-78778366 -23050436 27694870 62677534
-63080918 -74991346 49324899 17873213
60255611 -73365837 93178457 1817370
-51721879 -48838564 53976537 19680931
-94108906 -16866253 -21598397 93952330
-42478683 -61199226 97056544 -15715212
-78130409 -98146470 95347651 74186967
-22363848 -75555355 -10781257 39677753
-54888346 -1844967 -46632061 6558722
16865732 -45370289 95300417 -9841819
-56139748 -25767012 -35704405 75937321
-14473261 -80466119 74307657 3670536
-90119188 39093052 39093052 66935877
-98378998 -49602391 2823534 -31006365
-54861260 -94735020 73690386 8069452
60839670 -74743635 61671062 58974396
-17834826 -42729104 98397328 -1844967
-77917295 -80848230 95514030 -41665415
-14170983 73690386 10203287 88825202
66993746 6558722 71029982 55399341
-72272592 -63577293 -54966756 43743385
69855356 45146856 99281226 82892459
-83296720 70242532 90327185 94883437
63410561 -20157580 68210174 30689178
58195686 -78405539 74903168 51291695
-88916631 -12141218 -21597481 33490951
-96303968 -6409981 -59677310 14543899
79850909 -58705825 81496235 -35101933
-96306167 -34118143 -33242891 -17934169
1078871 -79839599 2515544 79283532
-1455227 20448606 52010060 87226448
24615665 -56277537 98421209 69978660
-14506986 -27196918 73086936 63629207
2515544 -72663948 50194198 -49847654
-86739599 -15034821 89446363 54140277
-83973573 21793432 25607750 40545784
-55587251 20652481 84066626 57090877
1739214 -70325921 7528125 94203642
-61335158 -70574180 9902136 10389337
-13092564 -83239641 5094734 41027789
-48442554 -83239641 40799459 78185413
-14479860 -77917295 12761238 -4083896
-13701727 -7927014 -8505066 47256934
56708590 -25767012 95243215 1739214
-36182693 9833122 -11743105 34733154
-73271523 -66163170 9545725 21968540
-65942558 -21598397 98025852 862905
-61791840 -65942558 -36998445 -18602092
-11205750 -78689473 40856288 -66163170
-73585483 -65942558 61618390 40799459
24499102 16614057 83484206 96732096
43573248 -6849331 94168517 39279105
87375705 -28650924 98025852 98397328
-74743635 5952875 79850909 39795401
27447806 -29487987 92274733 -27952336
-70325921 -21417435 -39658950 85606038
-26363855 15426188 21798741 27956436
-96575271 -81283804 -41128203 -31006365
-39897964 20362207 83335127 53587608
-61727188 -92903349 -40501322 -43465736
-56957691 -86911875 66572355 -69595998
-47423570 -39704487 -42220244 4575340
20291979 21784943 85140166 28338431
-95159288 28061676 58994677 60839670
-86205834 4129407 85100609 19231042
53603666 21955152 81287938 67055032
-56990264 -19268523 8951860 -14467895
16627939 -85306259 88171595 54906053
-64472622 -10035923 96896701 24584136
5031573 -22199855 58994677 -12854508
-40682112 -79877470 41404229 4735766
-50416071 -97117937 45146856 -14479860
-51217432 -30512048 -13607645 74013907
-70735517 51639458 81858437 93952330
-56630707 -70325921 -11302540 15125844
-31006365 -95766967 45353883 -14788504
51639458 22243575 59991524 69623518
-68712516 -38740703 -37447106 -15740016
-94054258 -75320876 55175611 -62141813
-12185312 -50614058 20633521 11756183
-55587251 -42729104 -12575051 28707950
-93744462 -40152436 -41618280 -19164731
-39590134 -95248496 -23556535 20291979
-47149953 -27081826 -23886456 87937442
-96303968 36322122 77399468 52757703
5831838 82522710 77621131 88927258
-95057193 -93957895 -35157133 -39024315
-46095826 -90614907 -6472220 17701155
22031165 -40007220 71090854 -12185312
-1973445 -42333298 44875547 69444580
-79855728 9802988 -33709339 45146856
7017030 -45344253 33953469 55413285
-68712516 -31995555 -26760679 -17934169
9545725 -87655791 83380930 65456777
-89009884 -15292199 21784943 13687967
-8505066 -53945992 65329255 58456469
-73124110 -68617854 87375705 -15034821
-63577293 -33242891 80509249 37626735
-46055049 14906748 21784943 58195686
-95178876 -70325921 67458667 -10403363
-46789375 -36182693 73621390 -16098915
-44452989 -73271523 -5594117 -8882335
-36499845 -95764618 20331529 2465938
47435674 30549628 60839670 92029345
-97569110 40856288 5949188 95243215
-17123585 -13532012 37646134 72584309
-72254957 -76362427 -36102150 73952070
-14209481 50980711 66268912 87296406
-99331699 -88649252 95243215 -60401257
-23072104 -47149953 86009353 17701155
-14479860 20652481 50980711 52105320
-61363053 39795401 41740072 95870667
-40152436 -73633315 48981395 72648072
-66531100 10286166 -66163170 55399341
-1975496 -11205750 73952070 84536343
53142588 -39107834 64129953 33663582
41909657 -90119188 62485248 46965836
-70574180 -80696008 -5133888 -22177124
-21745097 -24268599 74249329 16324352
-86143678 -54861260 -83516425 99685612
1739214 -41621724 69855356 70429048
-52076205 -99546199 84721941 50777069
-91856042 -91094892 72638259 84410040
-81360796 -91689653 50980711 57415489
-32646271 -80187625 -21564101 5614265
-28007537 -31995555 766600 -464462
46572192 16002869 70108334 72504003
3492086 -69595998 66572355 26614953
-98123505 -36810997 -19653685 35377515
64882829 -87116575 91850690 69185550
-14170983 -32441200 6558722 70813160
-42478683 -80606687 74266216 -7536276
-28078256 -64230817 -14739141 33659589
-32436730 -49239181 4665916 27737157
-56898133 -68654230 93341549 95347651
-83516425 -35101933 -5023321 15265540
-74743635 -57685318 11521794 43683714
58580539 -77949158 84519685 -52635909
-88154725 -72700415 38420956 40545784
-99036229 -54033674 -47709753 -47466314
-90516744 -11538874 -39320174 35969768
-36079160 -3732862 21667690 11621518
-23320003 -78689473 69978660 -12381223
-19268523 25991144 52273255 37092442
-20414808 -18796674 48925730 14847522
20135535 -39320174 43138155 5614265
-64472622 -10781257 -24220173 93178457
-89897174 -87563478 27956436 60742872
-8505066 95046643 70007566 97164266
14920379 -5607856 22560986 -464462
-71410762 -87425291 39279105 -20157580
-94172153 30296685 21784943 48174090
-90119188 -91856042 -33864370 -6171404
-13751342 -35242354 88641261 -24297507
-27081826 -94670710 51379379 92274733
-32598794 -24604042 -25767012 5269626
-35704405 -72527596 98025852 -17276634
-79022147 -88906895 -8505066 27447806
12306839 40693826 74964753 59237765
12514401 -95057193 30808472 78088724
-65381461 -60605477 55175611 41005445
-95633754 -38740703 -61651820 9802988
-74077735 71962840 37092442 76569585
-30704392 41027789 -5607856 93012130
-79877470 -5689899 41027789 62849437
-77414378 -1844967 33492997 93351123
-31726233 -66926970 73086936 -36810997
-84102440 -17276634 21815061 8951860
-83296720 -75186383 41005445 38786695
-66163170 -5607856 84066626 58456469
-81150266 -660944 -794334 53976537
-13701727 -14209481 -6171404 65456777
-78113241 51066062 -38740703 93779638
-3220598 -99036229 21711921 13048335
-2888397 -29831742 66935877 95676872
60505855 20633521 93012130 85100609
-95057193 -5689899 -65410826 40856288
-98881043 -24468918 12190956 11521794
-31330160 -91138998 73027483 -75626279
-94108906 -54888346 53141984 62981252
-21598397 3492086 71072495 89115571
2465938 -49602391 15691245 38450054
-94464543 -13701727 -86242081 26431474
-56139748 -8024890 88118256 56043116
-62594426 -79839599 -28119743 3670536
55341111 -95633754 90878528 -56630707
18265949 -88154725 54906053 -28650924
-16551422 40489134 72648072 75441325
-40777289 4358335 -20157580 80039435
11621518 2465938 45353883 8109099
-90250832 -68428765 27398558 -54861260
16614057 -96196065 82522710 90327185
50316837 -61651820 52105320 18265949
-19978453 -27929885 -14849749 51066062
57350452 -63526497 57834154 -7302264
-77374655 39279105 -20124840 81496235
-35365886 -58329359 24615665 54304538
-19925153 -11205750 33914950 38450054
-12575051 41404229 29638198 64172063
-73124110 -41102051 69212124 69855356
-47654126 -68094890 45146856 21793432
15265540 -95766967 84410040 -12854508
-55587251 -29641883 54874282 78265093
-77579373 -78809605 53783766 4000226
-91856042 -73429062 -51541827 -68966709
16865732 71401158 62913096 93779638
24584136 22908012 62659450 41762166
-32436730 3842387 49525857 43554851
-32598794 -99699179 73357788 53976537
-94054258 -51721879 12190956 68157952
-54201160 -10669156 -22199855 49762444
-83759175 23336640 -5023321 30808472
-68463790 -40152436 33664579 8311158
-75339893 27240677 51797137 78265093
-68617854 48742865 -39852465 53193126
-38058904 -51541827 16312831 38376732
61618390 42672077 79813102 43330102
-30145295 39795401 90464564 91070231
-47466314 -70829336 -28119743 17873213
12761238 -68966709 49395982 82467253
-91781932 37092442 -91138998 93012130
53142588 33659589 58195686 55927506
-61435181 24024852 62659450 70007566
-78130409 -86713950 9545725 89446363
33664579 -1569027 81858437 91850690
-12939838 -72663948 34733154 84167683
-43297913 -63448040 -14506986 -40152436
-55587251 -69604204 8430227 -3220598
-39658950 -29906776 -8800288 9802988
-53976537 5941584 74964753 13808034
52757703 -91781932 65456777 -464462
-35365886 -27570372 58974396 59830357
-89910392 31721748 45556131 89028448
38450054 20359580 63704960 72504003
27694870 -23504155 73086936 38786695
-17123585 -37447106 46074858 5830086
-21597666 -98146470 57546613 -64230817
17873213 -80770616 41404229 14543899
-14085177 -81675137 5830086 -54317529
-85584056 -69595998 26676468 -33709339
-95766967 82966515 12674358 93314259
-75555355 -50614058 3424127 21589129
-87660069 28368409 43554851 30689178
-32219209 -82668973 12352948 43573248
38600246 -72663948 85100609 51328660
43554851 -43465736 92388431 -12381223
-13751342 -81283804 78185413 84402894
-17123585 -78113241 95347651 95694299
-89910392 -59806954 92202976 18543138
-68654230 -95581974 -39590134 93779638
-79763610 2446945 64475109 74565088
-53020414 -36998445 35916090 10203287
-99398739 -13607645 -41665415 4572968
-22827793 31721748 27694870 70813160
-56139748 -54317529 -34823496 57415489
-51915048 -79180094 95523638 64611647
85545350 -77135249 91227994 -34440045
52997558 69468966 73701907 79813102
-87595323 -94464543 2752498 57546613
-3220598 -31006365 89581641 76032257
-45370289 1739214 -18392141 60839670
-82056779 -6409981 76232662 25991144
-36079160 22903001 77413570 33914950
-79180094 -94230823 -20524349 15965970
-29250333 -14467895 -28078256 55413285
2573796 12723484 62485248 89028448
-49239181 -7536276 65329255 41909657
-11432856 -61727188 62992165 76240084
-95178876 21667690 -10593270 23033967
10200243 -22027177 20927429 8311158
60255611 -83877832 75498795 27447806
4735766 48981395 43138155 72804121
-22951840 29280179 8430227 74964753
-54861260 10286166 -30873873 13048335
-55575333 -77828256 58025942 -50105258
-30704392 -41485195 6154747 31163896
-3705158 -85306259 41404229 -16866253
-80466119 -27385793 45353883 15594219
-84915001 15272183 -72272592 21888464
-87943030 -35242354 -8505066 52757703
24588982 -53432011 81287938 36348286
71401158 -14209481 85134437 7707715
58372300 -8800288 94532769 24350789
-81843166 -94735020 43674671 -52595287
-8505066 -36599135 -1569027 68804943
-43898398 -99699179 5269626 -18038522
9902136 -79877470 48981395 -22556468
-52595287 16865732 71090854 93012130
-75626279 -3849614 -27196918 10203287
-50416071 -58969840 -45859636 -58670682
-25352420 -34698975 70813160 74186967
-5689899 -50173550 24584796 -32092723
-41050663 -78937231 -14209481 16627939
-3772935 -87660069 76866798 -12141218
-20866666 -55213575 75937321 -39852465
-93361223 68192268 -68712516 73071269
-88154725 -40152436 -10609523 57090877
-55226234 -54861260 72755006 56048259
27737157 -97481720 60255611 89115571
-61363053 24584796 43138155 87934409
-27385793 -83759175 2850837 74266216
-94172153 -66490967 -62162587 87296406
-42604070 -72254957 66016679 71962840
-36998445 -98378998 97890964 -42729104
-47709753 -28119743 -16098915 -24536981
-55213575 -52076205 27240677 14837470
-75136573 1121481 -22743128 27574404
-46632061 -60513578 71072495 -48809032
-91311975 -73271523 15594219 -21585912
19680641 -16428436 76232662 97890964
-40682112 -77007334 31857281 41909657
-87206776 -91921583 51639458 -91689653
-62708984 19837162 8069452 49015766
-73633315 -80205325 -1843758 -79061094
-86911875 -52059931 95015168 56045441
-23320003 -54146202 63209078 -11302540
-22199855 -39107834 862905 16002869
-32622928 -15847799 70854995 95347651
-21745097 -17123585 72707548 67053187
33664579 -73124110 41027789 67399220
-56990264 -89903364 -211126 -65816683
-51045591 2850837 5094734 34300246
-18392141 -10139858 -11022102 -8800288
-65381461 -53945992 22971844 58062015
48925730 -90614907 58372300 -39320174
-35101933 21711921 -13084115 36348286
-39107834 -89913222 1777135 46965836
23336640 38450054 97890964 68804943
-83973573 -74690167 -54146202 -18150217
52639653 34300246 87398658 89446363
-27081826 -89269121 66439676 -46095826
9833122 33966503 33720135 93351123
-63080918 -63095664 -21065365 -1975496
-91781932 -98378998 29532520 -8579200
29638198 -73585483 82467253 22903001
-21597666 -71443436 -11538874 74186967
-59677310 -79877470 7017030 7528125
-61789749 -15529207 79581504 -14849749
16459545 46776475 58580539 96732096
68673708 -61335158 77413570 84410040
41659780 -80187625 74214467 -72663948
-31006365 -57270917 87439177 -53976537
25116563 -39897964 58994677 24179988
52273255 -22363848 84167683 -22120952
79547713 19629123 83068324 71090854
-38058904 -14209481 85717798 49395982
11826945 74013907 16324352 84536343
-96303968 -69595998 -58670682 -53020414
-62811373 -22951840 43000565 87934409
-62594426 40799459 -7536276 95870667
17873213 -57270917 84350372 61671062
-23933976 -63503074 50980711 96732096
-66175082 -51721879 -29380183 74903168
-21987530 -10035923 41404229 26564400
-16696709 -34131805 93341549 92853326
-2585280 -55226234 74809743 52757703
-19972123 -95057193 4665916 -66531100
40212347 -1704910 53517465 74266216
-39256459 -57685318 7707715 -28078256
-80314355 -66163170 72638259 -38815663
-36417051 70071436 28067608 89115571
-50173550 -29369719 2823534 7156897
64172063 -3247316 77621131 5336950
-30873873 -53676192 -1455227 55175611
-79940362 -1964404 55175611 82892459
-60513578 95514030 40584027 96732096
-77262252 9545725 -15292199 49015766
-83759175 -39199894 -5133888 -14249116
-27570372 -72070704 -11538874 33664579
22243575 -88896040 35166669 67053187
-31652175 -46213975 -13731835 -15529207
-79061094 -62708984 10389337 29465387
9545725 -68712516 59258043 87812347
-79180094 -87563478 30689178 65335471
-99398739 -89493931 64661418 25035611
-89493931 -89913222 -52470507 60829411
-33636443 -80989572 1777135 -54888346
7716570 -46034877 88076256 -41050663
-31612732 -88568005 -3603109 60648428
-33864370 -95358128 27240677 61515909
-5607856 -21065365 88118256 40584027
-79180094 -29481650 87314581 87398658
68814480 -77277695 77472687 4000226
-68646774 -14170983 45352014 44349123
16324352 -99028196 82522710 -46095826
-98282180 -75555355 -56318187 -12141218
50194198 -94670710 95300417 59258043
-86590115 -7302264 90892262 12723484
38589158 50316837 94796297 72755006
-23556535 11521794 -17983556 56043116
41027789 15272183 55765961 61671062
27694870 -56849046 93314259 58052093
9856710 -41485195 57546613 15860670
-96196065 -84723701 24499102 88927258
20633521 -70829336 54874282 45062412
-70574180 24737864 74809743 39279105
-32008881 6618171 84066626 91227994
-28337773 63410561 46997518 71072495
-10403363 70242532 75882010 96896701
-63577293 -80848230 35171730 -63526497
85254480 -49818889 89581641 97164266
70417459 -15529207 73520279 82967747
-10280592 -94735020 53783766 33966503
27663992 -80314355 35166669 21589129
-99699179 -78934446 -27957715 27956436
9856710 -6731535 67915338 24567385
-16696709 -19632321 87812347 90892262
-74690167 -84915001 -22177124 95300417
-42170609 24512514 32357084 37197955
5312036 -13751342 81496235 43683714
-90294024 -64786639 10306210 -58969840
67740690 -69430126 86071440 51291695
-95358128 -61842200 -57685318 89028448
-97117937 -25120765 69619840 24512514
-55574907 -84346919 28510874 22148270
-29481650 -53362390 -23298404 -23072104
-42637804 -64230817 -38732505 2515544
-10217998 -70574180 49525857 69212124
38420956 -98881043 59178098 28067608
38813510 -84303535 43000565 34356023
11982254 -14473261 57889136 22560986
-53676192 -24536981 -1975496 25886276
-78676533 -42478683 -32219209 58994677
-88555991 30901237 88118256 93178457
-73648172 -13092564 44428475 72804121
-31995555 -52935254 52997558 25463367
-31146429 -43319294 30549628 -20124840
22148270 28721626 59237765 51639458
-29641883 69619840 70312976 97983820
1943582 -68712516 46391679 27386133
-22027177 -56849046 61356032 60839670
-45859636 -97212533 55927506 58974396
-36611581 -85049915 67055032 -19845733
-20124840 -97102252 4281220 97056544
-66926970 69619840 -3773486 73071269
1548516 79542957 22560986 90892262
24512514 -94464543 53426349 85100609
49525857 -80989572 51328660 -38632724
40545784 -98378998 86009353 3670536
27196054 -53193393 59991524 12400896
9902136 89581641 95015168 96896701
47320460 -74991346 82892459 28707950
-29831742 -34118143 40195151 -15034821
-57685318 -14756458 62528007 22971844
20927429 26418034 95347651 36049623
-66490967 7707715 -58705825 87537692
-83877832 -87206776 88825202 69468966
-73958962 -12854508 -54981470 66770883
-77579373 -63467182 86009353 87980330
-25708061 -68428765 59624328 -54146202
-19164731 -77135249 72707548 -30725856
64172063 -83973573 95676872 -19925153
36735750 -74802825 82967747 20633521
-29247392 19468577 46997518 24512514
-2342240 -31726233 32893586 74565088
-10781257 -21598397 77472687 35916090
-96575271 -63448040 84890094 4378783
24097848 -76966527 72638259 15272183
-67840342 -62828977 -10280592 45294238
-60605477 -8024890 52997558 95243215
-91311975 -17983556 48742865 43674671
-79940362 -31652175 57132246 68814480
-72990852 -52635909 32765687 -1569027
-87655791 -11227351 55959342 87439177
-98123505 -20124840 55413285 24494923
67053187 -11227351 79139581 73952070
-95057193 -78934446 93456559 72194807
-78113241 68804943 24737864 73071269
51473002 -78987879 63746091 27737157
-31006365 31721748 79883246 43674671
-55213575 -80466119 -16866253 37197955
-61151732 -52894881 83499908 62528007
-17983556 -91689653 73690386 40212347
6558722 -59806954 27386133 -11205750
-36499845 41910843 26676468 79581504
-63163443 -72527596 47256934 11365429
-32898228 -55226234 -29380183 80509249
-97727677 -44452989 15177337 20362207
-15715212 16312831 53211228 40545784
-15740016 -78689473 48145722 66935877
-53676192 -57113146 -33749852 15594219
-41618280 8109099 22903001 45146856
-80205325 11756183 -2396959 56708590
-56630707 -94172153 88825202 -12575051
-90250832 -97584573 72648072 6618171
-56277537 5752591 -55862165 25607750
52010060 -66670370 69212124 -34440045
-19972123 32561516 27694870 78891216
-5023321 7017030 64503456 33490951
-99028196 -39344725 97890964 39494172
22112631 -41665415 24350789 -10773350
24203968 -28337773 69444580 18978003
-19632321 21968540 50209865 95514030
-92658791 -78608113 23033967 33663582
4129407 -95159288 46648255 27956436
21888464 -1843758 70108334 28368409
26915489 -18796674 84066626 -5232638
13814393 -45163078 82966515 1548516
-43297913 -56630707 -31652175 -21585912
-75626279 -80723427 -13084115 -63509049
-87660069 47320460 53426349 84721941
42146690 62166837 55927506 65456777
-61335158 -80594219 -22120952 42952182
38250343 -3732862 39795401 51639458
-61651820 26744346 78042130 42936397
85545350 -74749080 93456559 -53193393
-82301694 91070231 95243215 99281226
-42287938 -93957895 4747679 60505855
-79009071 -33242891 87314581 63746091
-21766275 -11302540 9081096 -3247316
-72527596 13048335 70922686 51328660
-90516744 -53945992 42441209 13438306
-17934169 -22027177 -14249116 -14739141
-82891579 -63080918 -34118143 93371096
70813160 -49252986 98421209 43624476
47826371 -10412248 79139581 92658075
-25767012 -60401257 16614057 93314259
-78809605 -19653685 -57685318 79899850
-91311975 -96303968 65456777 -21597481
-38732505 -26425034 -26960214 1196070
-32622928 -66163170 76032257 13814393
-10403363 -2585280 79139581 84410040
-36499845 -55226234 82892459 50980711
62992165 -84817402 68192268 -6606011
-7536276 -57449603 54178363 4399586
-75555355 -40501322 -8107383 64882829
-9663219 -63503074 9833122 57090877
34562218 -98652408 36833654 -61842200
15965970 -78689473 21667690 77399468
-42333298 -96024266 40470980 92202976
55175611 -97309541 86920910 -16428436
-81675137 -77297114 87937442 -71769476
-79940362 14906748 -46213975 94883437
6812039 51473002 65335471 70098212
3670536 -36417051 21793432 62528007
-10742688 -20157580 -1449155 96896701
4399586 57437745 91227994 92304014
-83296720 -16428436 62752238 24584796
-46789375 -87655791 -2384861 62485248
-34118143 8109099 31508278 47634086
9673689 -95685114 31186853 -63080918
-36599135 -15529207 34562218 83499908
-32008881 -6252917 90480084 40489134
-92574561 -67840342 23336640 55399341
-36611581 -36182693 63629207 59178098
-41618280 -79855728 81858437 -66531100
