1000 -45820234 70091425
-78324222 -10417341 -29551682 62630555
78898469 -84742844 98074237 -12230606
89337924 -79680323 96944059 -18433888
-90962700 -90563238 -57627871 97556079
-83398649 19001879 -5855343 87487995
28038030 15953029 57404108 69989156
-23068217 -67362083 45007382 -66623504
-95637169 -40523690 6439639 23301245
-46130090 -92418784 17123811 80201992
-52074652 -52359997 87318191 -16139438
43247512 -64173037 51356018 40042735
-57826742 -18289325 87318191 41957634
52379405 48085868 90833593 67852503
-84742844 9718225 28016800 9926272
-66350620 -4509094 -41059391 52379405
-28269376 26621950 62630555 86426104
-95921168 28038030 48880652 86315565
87487995 33527147 92135742 48880652
-24830436 -87529110 47075178 85770673
68114832 15631484 92379653 29201441
-51050815 -29551682 96538623 98074237
-59157009 -8639354 -217445 14206327
3490909 -66623504 98493193 -50853205
-51050815 -52074652 86315565 -18289325
-58919743 -5855343 96538623 41895680
-12415683 -16139438 44270031 16084525
-47473593 70896420 86315565 79385743
62630555 -42467278 80123318 83915486
-68319209 -26840187 18451610 96981153
-52074652 -81094656 79385743 48085868
-34887653 -29551682 5314594 97556079
-10816078 33527147 65426837 98074237
-96824689 -92030346 -74501698 62173545
-66746308 11602162 -39166044 68114832
-68319209 3750404 37125406 95090750
37125406 5599359 55660152 28884264
23907700 69989156 41895680 70896420
-42578453 -81094656 57717322 -50853205
-95516809 -79680323 86679789 73549624
49120742 5649714 65597886 29795267
-23068217 -79680323 98767484 61578548
-26301396 -47047131 -16139438 45744812
47075178 -88190647 52248585 26621950
-4509094 85770673 45790445 96981153
56482379 45236989 98074237 56051659
6887692 28513068 78898469 96538623
-55565657 -96986749 26621950 62630555
28038030 21128946 67852503 61815500
6229595 29228134 86426104 55570681
-49427794 -64173037 48085868 -54616107
-47473593 -77273417 -16139438 -41059391
23907700 -83398649 77628842 -58919743
8836829 -9619980 65426837 92575856
45007382 6809080 67046389 29201441
5314594 -77708098 57404108 95071065
-90563238 -84742844 -28269376 -5053339
-95921168 -90962700 -54616107 95090750
-51050815 -47473593 12706155 -24830436
-4509094 28471821 24682211 47075178
-78486420 -81094656 95872548 -46591441
-66746308 -51775172 4943455 2740608
18451610 -68319209 62383210 62851373
-5855343 -70141292 80123318 29228134
-92030346 -84742844 8836829 -27527206
-50853205 -67362083 55660152 -5855343
-87529110 -54616107 -5053339 -36468962
-83641647 -52074652 -42467278 98074237
9926272 -88190647 45790445 -79292019
-46130090 62630555 78778625 65597886
-70866645 -95921168 68114832 4943455
-35248 11322698 15631484 85770673
15953029 -46591441 64616543 56482379
28471821 -16139438 78898469 7964526
-54616107 85770673 5649714 96944059
52740822 -10816078 86679789 43247512
-35248 31778817 61578548 33527147
-8395665 13499842 67156841 75434815
68114832 -47357132 80201992 83091581
-74501698 -92030346 3490909 73837897
-55565657 -12054709 26621950 57717322
-36468962 -10816078 91164329 66421630
-54865485 -95921168 73549624 58610342
-34179771 -54616107 79385743 97556079
-54616107 -99868298 45236989 67046389
11602162 -50853205 89337924 -217445
24682211 -86007301 93257219 84919688
-79680323 61815500 -58020563 73549624
-35248 -66415427 51356018 64616543
-1471387 -42467278 93257219 31778817
-28269376 -56742179 62630555 5649714
60613780 -65781235 62383210 4577070
-64173037 -34676986 80123318 -18433888
17185173 4388464 57717322 48085868
6229595 55436287 33527147 83091581
9979241 -92030346 29795267 73837897
67852503 -66075119 80123318 95872548
-78629970 -77599134 55436287 64616543
3750404 -78324222 68720194 -39819694
-41059391 14939510 47075178 52379405
-34887653 -55747429 15631484 -35248
-83398649 -88190647 -1471387 7964526
-26301396 -59157009 23301245 87487995
28038030 -55562001 67852503 -12230606
-18289325 -78486420 -13895868 41939273
-42578453 -66075119 52248585 83532020
-39166044 65426837 -13895868 69989156
28016800 -39819694 69989156 3927158
-64173037 61578548 71541006 64616543
-41059391 29201441 -29551682 68114832
-17077488 -18433888 24682211 21128946
-86007301 -67362083 62851373 20763210
-90563238 25098993 -8639354 61578548
-95921168 -34676986 -12054709 6229595
-96824689 -23068217 87487995 41714098
17123811 -88190647 41664767 -65781235
-66623504 -99868298 -33971530 44270031
-66600348 -12054709 -43118603 61578548
20763210 -77775158 43247512 6229595
-59157009 92379653 3774971 96944059
5599359 -92418784 92311720 91164329
-23068217 -41059391 52379405 -4509094
-78486420 -92030346 40042735 62630555
14206327 86315565 96208299 90833593
-74501698 -34887653 -55565657 57717322
-92030346 -39819694 -10417341 78898469
-47047131 -34676986 15953029 78778625
65597886 33465045 73549624 67852503
-58919743 -88190647 28038030 55660152
12706155 -74501698 32363925 -34887653
-9619980 -12054709 28513068 79385743
-78890728 -39819694 9979241 45236989
-88190647 -66623504 -74501698 28513068
-9619980 -36174671 84919688 2184380
67046389 -26840187 80123318 41664767
-52074652 28016800 -36468962 82415019
37125406 -66075119 61714286 78898469
-18289325 42400218 83915486 51356018
19001879 -54616107 47075178 78898469
-42578453 -16139438 83532020 -13895868
-90563238 -56742179 29201441 78898469
-68929244 33745691 -59625123 67156841
-57826742 -65781235 87999086 51069118
-49427794 -77775158 28016800 33527147
-217445 64616543 55570681 66421630
55570681 -83641647 60613780 24682211
-77775158 -91302206 80201992 -77775158
52740822 -26840187 69989156 32363925
-52359997 -46591441 83532020 61714286
-18289325 -5053339 91164329 48880652
-56742179 -79292019 44270031 -57627871
80201992 -96986749 95071065 -59157009
-81094656 -42467278 15953029 6741152
86426104 -217445 99992078 25098993
86315565 -26301396 93571547 37900462
41895680 -86007301 52248585 19885296
31624359 60613780 99992078 77628842
-78890728 51069118 -64173037 56051659
-46591441 13499842 -5855343 86679789
-88190647 -86007301 75434815 15953029
-82682955 -24830436 -217445 93571547
-33971530 52379405 60613780 73549624
-70141292 -36468962 -66350620 3774971
-59157009 -86007301 65597886 58610342
23301245 41714098 98767484 82415019
-68319209 -77599134 6887692 -5053339
-8639354 -88190647 57404108 40042735
-26840187 -86007301 15953029 69239210
-50853205 23907700 82415019 57717322
86426104 74607678 95872548 86679789
52248585 -78890728 67852503 3750404
-55565657 -47357132 48880652 93571547
-217445 -70141292 52740822 40042735
3750404 48085868 97556079 84919688
9718225 -83398649 79385743 99992078
-95637169 -65781235 -90563238 87487995
-64173037 -70141292 10847675 -57627871
91164329 -43118603 95090750 79385743
-55747429 15254052 -47047131 57404108
-96824689 -5855343 -92979371 73549624
62630555 -66350620 87318191 31778817
87999086 -29069812 96208299 60613780
7964526 -35248 96208299 14939510
-79292019 -28269376 -46130090 86426104
11602162 31778817 15254052 32012110
3490909 -68929244 83091581 73837897
3774971 58610342 45744812 67156841
-33971530 -96986749 -8639354 -29551682
-90563238 -95921168 89337924 33527147
19001879 -49427794 81170754 51356018
6809080 -9619980 33527147 24682211
-88715308 67852503 -26840187 96944059
1008574 -54616107 95071065 -9619980
20763210 -51775172 73549624 3927158
-77708098 12706155 69239210 32363925
71541006 -81094656 73549624 56482379
-18433888 -83641647 96208299 -79645445
9979241 -82682955 87487995 31778817
-95516809 -74907124 92575856 69989156
-54616107 -18289325 61578548 65426837
-95637169 -99868298 -28269376 15631484
-66415427 40042735 31624359 80201992
-77599134 2184380 12706155 3927158
-55562001 -6554767 14206327 73549624
3927158 67156841 62685712 83915486
-12415683 -83398649 21128946 6741152
-57826742 -74907124 41957634 83915486
-77273417 -96824689 61578548 8836829
19001879 -23068217 96208299 28016800
69239210 -66075119 92379653 33465045
-56742179 -91302206 6741152 -27527206
-92979371 -42467278 69239210 80201992
-18289325 -1471387 97556079 9926272
-88715308 -79680323 97556079 12706155
49120742 -57627871 87318191 26621950
2184380 -92418784 57717322 -54865485
9979241 -95516809 60613780 44270031
-5053339 -66415427 6809080 -52359997
-84742844 -52359997 81170754 29201441
12706155 19001879 45007382 92311720
57404108 -5053339 64616543 92575856
-70866645 -56742179 -47473593 95090750
-78629970 -58020563 -217445 62173545
-2362424 3927158 55436287 93257219
-70141292 15254052 69239210 31778817
-1471387 51356018 77628842 86426104
-34676986 61815500 13499842 73837897
47075178 -18433888 67046389 51356018
-74907124 -28269376 -43118603 -1471387
-55747429 -59157009 -35248 75434815
-68929244 -34676986 87318191 51356018
85770673 -96824689 86679789 81170754
-68319209 -88190647 91751549 -13895868
-41059391 -65781235 28038030 81170754
-92979371 -74907124 -23068217 41714098
55436287 -92418784 74607678 45744812
-55923802 -47473593 60613780 93257219
-65781235 -57627871 9926272 3750404
-47357132 -78324222 92135742 29228134
-99868298 -66623504 -77599134 3750404
-82682955 -78629970 8836829 87318191
-84742844 17123811 34785373 86426104
29201441 -5053339 29795267 6887692
62173545 -68929244 68114832 6439639
-82682955 -78324222 48085868 28884264
-78486420 57404108 10847675 87318191
11322698 -46591441 56051659 51069118
-28269376 -18289325 -16139438 4388464
-18289325 7964526 83091581 61815500
-74501698 -55747429 83091581 -41059391
-47357132 83091581 2740608 95872548
-8639354 -95921168 61714286 77628842
-78324222 -50853205 92575856 49120742
93257219 29795267 99992078 37900462
13499842 -88715308 98074237 19885296
-79292019 45790445 -56742179 62851373
14206327 28884264 33745691 70896420
34785373 55570681 55660152 91164329
13499842 -34179771 90833593 -12230606
8836829 37900462 71541006 61578548
24682211 -39819694 26621950 16084525
-59157009 6809080 9718225 95872548
-90962700 -40523690 -66415427 6229595
-65781235 -41059391 80123318 -27768934
-6554767 -92030346 11322698 96944059
-96824689 -70866645 10847675 6741152
-57627871 45790445 -28269376 86315565
-58919743 29228134 45007382 86426104
11322698 -16139438 96538623 28884264
-74501698 -40523690 31778817 73549624
-6554767 -92979371 67156841 56482379
-79292019 62173545 24698712 78778625
-66746308 -51775172 58610342 -17077488
9979241 3927158 83915486 90833593
-70866645 -42467278 -47047131 2184380
-12230606 57404108 91751549 89337924
23301245 -90962700 55570681 -52074652
-47357132 -29069812 83091581 52379405
-78629970 56482379 -57826742 60613780
73837897 45007382 98493193 69239210
-27527206 -88190647 92379653 92379653
-84742844 -92030346 -40523690 62173545
-74501698 67046389 91164329 77628842
-6554767 -79292019 8836829 -41059391
82415019 -55562001 95071065 23907700
-77273417 -47473593 32012110 -39819694
55660152 -88715308 68720194 -10417341
8836829 29201441 73837897 87999086
19885296 -83398649 95090750 -34179771
15953029 -42578453 78778625 98767484
-26840187 85770673 10847675 96981153
-23068217 -83641647 29407856 6229595
-52074652 24682211 99992078 61815500
14939510 -10816078 71541006 -5053339
-78486420 18451610 -16139438 92379653
-47047131 5649714 83915486 9979241
-66350620 3750404 15953029 96538623
-92418784 -51775172 55570681 6439639
-33971530 -55565657 64616543 83915486
-54616107 57717322 78778625 82415019
-9619980 -10816078 12706155 48880652
9979241 41714098 32363925 56482379
6229595 -47473593 45007382 68114832
-47047131 -52359997 2184380 -18433888
25098993 -64517122 56482379 95090750
45790445 -83641647 86315565 -51050815
28038030 37125406 80201992 55436287
-18289325 -28269376 69239210 9926272
-83398649 -18289325 73837897 92311720
62851373 -13895868 64616543 78898469
-42578453 -68929244 78778625 6887692
-47473593 5314594 4943455 58610342
-29551682 -79645445 82415019 67156841
-88190647 -1471387 -87529110 66421630
14939510 40042735 29407856 44270031
67156841 62685712 73837897 89337924
-99868298 -29551682 2740608 90387544
-79680323 -47047131 24698712 13499842
-66600348 -6554767 41895680 85770673
45236989 -95637169 87318191 69239210
-36174671 -42578453 9926272 95090750
-50853205 -79292019 21128946 -39819694
-66746308 23301245 -47047131 34785373
55570681 29201441 65597886 49120742
-34179771 -54865485 24682211 3750404
-8395665 -74501698 81861757 5314594
15254052 52740822 24698712 55436287
-82682955 6887692 45744812 58610342
83915486 28038030 90387544 64616543
-27527206 5314594 28016800 98493193
-33971530 -78629970 1008574 42400218
1008574 48880652 52740822 61714286
-78890728 55570681 65426837 64616543
-6554767 -86007301 29795267 -66415427
-16139438 9926272 87487995 29407856
-26301396 -12230606 11322698 57717322
-77273417 -77599134 -12415683 11602162
-68319209 33465045 13499842 60613780
-55923802 21128946 5314594 43247512
86679789 -9619980 95090750 24698712
-91302206 -79645445 68720194 98074237
44270031 -70141292 57717322 74607678
-27527206 -96824689 -35248 55660152
-36174671 -56742179 51356018 -18289325
-2362424 -90962700 55570681 45744812
-91302206 26621950 55570681 80123318
33745691 -81094656 92575856 67046389
-70866645 28471821 23907700 69239210
-5053339 -55747429 92311720 6439639
-74907124 -81094656 82415019 67156841
-88190647 17185173 28471821 45007382
-65781235 -79645445 -42578453 14939510
-88715308 -47047131 73837897 62383210
-10417341 -34179771 6741152 62851373
-86007301 -1471387 8836829 86315565
-78324222 28513068 -54616107 45007382
14206327 62383210 28016800 64616543
-83641647 3774971 -9619980 62685712
-2362424 -55747429 58610342 20763210
-92030346 -18433888 3490909 14206327
79385743 -16139438 90833593 33745691
-43118603 -78486420 -26301396 60613780
37900462 19885296 41664767 86426104
-29551682 14206327 57404108 73549624
-64517122 -92979371 56051659 -88715308
33527147 34785373 44270031 84919688
19885296 -66415427 24698712 95090750
-83398649 -8395665 4388464 4943455
-99868298 -66415427 -47047131 33527147
31624359 -82682955 80201992 -36468962
41939273 16084525 83532020 73624099
-92979371 14206327 -66746308 62173545
-55562001 17123811 28038030 93257219
-79680323 9979241 -29069812 93571547
-52074652 67046389 77628842 93257219
5649714 23907700 32363925 86315565
-47047131 31624359 91751549 60613780
-9619980 -96824689 2740608 -58919743
62630555 -10417341 80123318 6439639
-66350620 83091581 13499842 98074237
4388464 -55747429 83532020 -28269376
-66623504 -17077488 51069118 66421630
-77599134 -10417341 -29069812 15953029
-64517122 -10417341 98074237 98074237
-47047131 -79680323 86426104 -29551682
-92979371 -55565657 57717322 -40523690
-35248 62173545 81861757 96208299
-90962700 -66623504 12706155 -43118603
-49427794 64616543 33527147 67046389
-91302206 -59157009 65597886 -55565657
55660152 -83641647 70896420 -12415683
6439639 17123811 14939510 89337924
49589730 -78324222 62630555 96538623
9718225 25098993 29228134 43247512
3774971 -39166044 33527147 9926272
-95921168 -50853205 56482379 45236989
-92030346 -88190647 65426837 62985808
-10816078 -99868298 95872548 49120742
45790445 6809080 98767484 91751549
-29551682 -86007301 52740822 -78486420
-77708098 -39819694 56051659 86315565
5314594 -66350620 33465045 -39819694
-66623504 -82682955 79385743 -43118603
-49427794 -49427794 77628842 56482379
-46130090 68114832 -34676986 82415019
-1471387 -57627871 44270031 87999086
-77599134 -84742844 -55923802 6229595
12706155 -77708098 67852503 -36468962
-55562001 92379653 15953029 92575856
31624359 14939510 32012110 66421630
33527147 -64173037 78778625 12706155
-13895868 -79292019 29201441 85770673
-77273417 -78486420 -66600348 98767484
10847675 -47047131 33527147 78778625
48085868 -83641647 89337924 -58919743
60613780 52248585 95872548 62985808
47075178 95872548 73624099 99992078
83532020 19885296 84919688 96944059
-79645445 -8395665 9718225 84919688
-49427794 -34676986 49589730 96981153
-59625123 -12054709 78778625 1008574
52740822 -58020563 90387544 6741152
-64173037 -28269376 40042735 18451610
6809080 15953029 90387544 31624359
-16139438 -82682955 90387544 -68929244
13499842 -65781235 57717322 65597886
-50853205 -18433888 90387544 -12415683
18451610 62383210 83532020 73624099
96944059 -96986749 98767484 -29551682
-29069812 -92979371 19001879 61578548
-95921168 19001879 17123811 61714286
28884264 84919688 98493193 92379653
-52074652 -43118603 51069118 -27768934
-55747429 -55565657 65597886 48880652
9926272 -51775172 93257219 -34887653
-87529110 -29551682 87999086 97556079
41957634 -28269376 55660152 3490909
29201441 -57826742 65426837 14939510
-96986749 -70866645 31778817 65426837
-95637169 -50853205 75434815 93257219
-9619980 -92030346 26621950 70896420
1008574 -92418784 45790445 96208299
29407856 48085868 62630555 51356018
-23068217 -17077488 61578548 49120742
-12230606 17185173 89337924 37900462
-92030346 64616543 -55923802 80201992
6439639 2184380 93571547 55436287
-55562001 -96824689 17123811 4577070
14206327 21128946 87318191 91164329
-6554767 -90563238 67852503 -10417341
13499842 5649714 55570681 37900462
-58020563 -12415683 90833593 -6554767
-12415683 -66623504 91164329 -12415683
6741152 5314594 23907700 68720194
-95516809 -77599134 41664767 -50853205
-52359997 -12415683 86426104 29228134
-59625123 -49427794 73624099 67852503
33465045 -24830436 60613780 80201992
-50853205 -70141292 -4509094 93257219
-88190647 15254052 -34676986 15953029
-77775158 -58020563 18451610 96944059
-77273417 -54865485 -1471387 45744812
-12415683 -35248 61714286 28038030
-66075119 28016800 87487995 68114832
-55923802 -64173037 -26301396 25098993
-66600348 -77273417 71541006 62630555
25098993 3490909 37900462 93571547
-42467278 -36468962 29201441 79385743
-70866645 11602162 96981153 96208299
-46130090 -12230606 15631484 9979241
37125406 -40523690 65597886 -33971530
-66350620 -87529110 86679789 -51050815
57717322 -42467278 99992078 81861757
84919688 -26301396 99992078 3750404
-78890728 -9619980 62630555 85770673
-91302206 -77775158 48085868 -52359997
29201441 40042735 41664767 80201992
-65781235 -70141292 73837897 96208299
-66075119 -54865485 31624359 -12230606
3774971 -92418784 8836829 41957634
37125406 7964526 74607678 87999086
-96986749 -29551682 41895680 62173545
29795267 -10417341 41957634 77628842
6887692 -35248 52740822 68720194
-55923802 -77599134 87318191 28471821
-79292019 -68929244 -58919743 -66350620
-67362083 -26840187 28471821 67852503
10847675 -77273417 74607678 19885296
32363925 -95637169 93571547 -55565657
41957634 -96824689 98493193 69239210
11602162 -83641647 86426104 62985808
-96986749 51069118 71541006 78898469
-35248 -42467278 40042735 -39166044
-24830436 9979241 44270031 82415019
44270031 2184380 62685712 45744812
-64517122 -82682955 -58020563 41714098
-65781235 4388464 56482379 91164329
-66746308 -10816078 41664767 42400218
-77273417 -26840187 44270031 41957634
-12415683 -55747429 95071065 48880652
-12415683 -58020563 60613780 33465045
5649714 -83641647 13499842 62173545
33527147 -42467278 49589730 90833593
73549624 15631484 95071065 34785373
-55565657 14939510 55660152 37900462
-79645445 -90962700 -46130090 9979241
28016800 3750404 29201441 31624359
-77775158 -34179771 43247512 28016800
3927158 4388464 32012110 24682211
86426104 -10417341 98493193 28016800
-18433888 -43118603 20763210 91751549
-56742179 15254052 73549624 84919688
-83398649 -40523690 65426837 48085868
41714098 -66623504 95090750 41664767
-66415427 -66623504 -65781235 5599359
-17077488 19001879 25098993 68114832
-82682955 -95516809 3927158 -16139438
-74501698 -66415427 32363925 55660152
-88715308 -59625123 29201441 -217445
-78486420 3774971 41939273 32363925
-39166044 -77273417 78778625 28471821
-49427794 37125406 48085868 60613780
-36468962 -77273417 21128946 87318191
-18433888 -65781235 24682211 29228134
-29069812 3750404 26621950 62173545
-40523690 37125406 24682211 69239210
-52359997 -66075119 15254052 98767484
15953029 -36174671 45744812 83915486
-57826742 -59625123 -46591441 -8639354
6741152 51069118 77628842 52379405
84919688 -59157009 87487995 96944059
-29069812 -16139438 3774971 6887692
-51775172 -18289325 -47047131 87999086
73549624 -78890728 74607678 49589730
-29069812 -74501698 12706155 41714098
-39166044 -42467278 41714098 -8395665
55436287 -79645445 83915486 -46130090
-74907124 -66623504 43247512 -28269376
-78486420 -83398649 41939273 62630555
-35248 -55747429 52248585 52740822
73624099 67046389 86426104 99992078
-26840187 -79292019 99992078 1008574
-8395665 -59157009 10847675 81861757
64616543 69239210 92311720 73837897
-74501698 -56742179 86315565 4943455
67156841 -74501698 81861757 -1471387
4943455 21128946 41664767 28884264
-65781235 -24830436 48085868 28016800
-8639354 -79680323 31624359 -34676986
-96824689 -83398649 -12415683 41664767
33745691 -35248 34785373 69989156
23907700 14939510 82415019 17123811
37900462 -39819694 81170754 99992078
-78486420 33745691 24682211 70896420
80201992 -36174671 92575856 -34887653
-77599134 -49427794 -35248 7964526
90833593 -88715308 93571547 28016800
-54616107 -91302206 -27527206 -27768934
9718225 -95637169 29201441 -43118603
-90563238 21128946 26621950 28513068
-66075119 -54616107 -27768934 -18289325
-2362424 -10816078 42400218 81170754
-28269376 -70141292 -9619980 -46591441
-66623504 2740608 -64173037 89337924
-64173037 4577070 4943455 69239210
-5053339 -95516809 56482379 28513068
-29069812 -66623504 87487995 -39819694
-4509094 -29069812 23907700 93257219
82415019 3490909 93571547 37125406
-83641647 -84742844 74607678 87999086
-87529110 -66350620 -8639354 78898469
-49427794 17185173 4388464 62630555
41895680 -51050815 57717322 6229595
-84742844 12706155 -9619980 51069118
-96824689 6439639 28884264 20763210
41939273 -41059391 95071065 -10417341
55570681 -34676986 55660152 90833593
-59625123 -78629970 45007382 11322698
41714098 -47473593 43247512 28513068
55660152 -87529110 67156841 -47357132
-66415427 -24830436 31778817 -12230606
28471821 -52359997 80201992 82415019
8836829 -46591441 33745691 62685712
78778625 -54616107 99992078 73624099
-64173037 -65781235 80201992 73837897
-66350620 -66415427 92311720 -2362424
6887692 29795267 48085868 71541006
-49427794 -55923802 64616543 -6554767
-99868298 -66075119 6439639 29407856
-96986749 -65781235 -5053339 6809080
-18289325 -68319209 17123811 45007382
-40523690 -64173037 32363925 62383210
90387544 -52074652 91751549 1008574
-95921168 77628842 -91302206 98767484
-82682955 10847675 -79680323 98767484
-78890728 79385743 62985808 86426104
6809080 31778817 61578548 32363925
-12054709 77628842 32363925 95872548
-217445 -29069812 6887692 55436287
-66746308 28884264 62985808 41895680
-35248 -78629970 6741152 -66623504
4577070 -50853205 48085868 19885296
-70141292 -91302206 -64517122 83532020
-51775172 -42578453 -43118603 32363925
-42578453 10847675 7964526 81170754
-84742844 -36174671 45007382 67852503
-81094656 -55923802 58610342 5649714
-41059391 3774971 95071065 37900462
-86007301 -27768934 -35248 82415019
-88190647 -95921168 9979241 86426104
32363925 -78629970 62685712 49589730
-77775158 -10417341 3774971 21128946
3490909 49589730 91751549 99992078
71541006 -92030346 99992078 -42578453
-95637169 3750404 37125406 83915486
-36468962 -74907124 61714286 79385743
24682211 -8639354 45007382 37900462
6229595 4943455 52740822 29407856
-86007301 -51775172 33465045 15631484
3927158 -82682955 28016800 14206327
-87529110 -24830436 41895680 84919688
-77708098 -66415427 18451610 2740608
-59625123 6887692 6741152 55570681
-79645445 -77708098 55436287 -4509094
62685712 -47357132 85770673 61815500
71541006 -74501698 92135742 -59157009
16084525 -39166044 49589730 -8639354
45007382 -96824689 82415019 -77599134
-8395665 -77273417 18451610 73549624
32363925 14939510 95071065 86679789
-12054709 -65781235 15254052 52379405
33527147 40042735 81861757 86679789
-59157009 29201441 29407856 33745691
48085868 86679789 62173545 92379653
-59157009 -42467278 99992078 87999086
-82682955 -66075119 -26840187 87318191
-59157009 3927158 -24830436 86315565
-77599134 9926272 23301245 83532020
-88715308 28513068 9718225 58610342
-95637169 56482379 28513068 65597886
-96986749 48085868 80201992 87318191
5599359 1008574 17123811 75434815
-46130090 -70866645 3927158 86426104
-77708098 -78890728 19001879 -12230606
-36174671 -5053339 12706155 9926272
-99868298 21128946 -12230606 97556079
-83641647 -23068217 3927158 28471821
-74907124 2740608 51356018 41957634
5599359 18451610 98767484 29407856
-28269376 15631484 -18289325 74607678
-217445 -67362083 3927158 11602162
2740608 -96824689 62383210 68720194
-78324222 13499842 9926272 37125406
-46130090 18451610 12706155 85770673
-77708098 -51050815 21128946 84919688
80123318 -74501698 91751549 15631484
-59157009 1008574 -46130090 28471821
-55747429 -6554767 91164329 33465045
62383210 -83641647 95071065 -39166044
51069118 -34676986 83091581 5649714
-66623504 77628842 28884264 81861757
-77599134 17185173 -46130090 80123318
48085868 -83398649 62685712 29407856
-5855343 -55565657 2740608 90387544
-78890728 -58919743 56051659 -29069812
-66623504 -92030346 92575856 6741152
5599359 -74501698 87318191 -51050815
41895680 -35248 66421630 98767484
-55923802 -78890728 -43118603 93257219
15254052 57404108 61815500 67046389
-77273417 -24830436 67046389 62685712
5599359 64616543 93257219 78778625
9926272 -29069812 41664767 83532020
-18433888 -67362083 65597886 41664767
-92979371 -10816078 92311720 23301245
-12230606 -1471387 55660152 13499842
31624359 -95921168 31778817 -88190647
-95921168 -77599134 96981153 -2362424
-18289325 9718225 81861757 70896420
-92418784 -77599134 55660152 -55747429
41957634 -65781235 44270031 -52359997
83532020 31624359 96944059 49120742
-10417341 -77708098 15953029 -9619980
-10417341 -77708098 61714286 95090750
5314594 -79680323 92135742 10847675
-78629970 28038030 -26301396 96981153
-27768934 -92418784 90833593 29201441
-34887653 -77708098 3750404 79385743
-66623504 -39166044 28038030 -4509094
-66600348 29407856 77628842 49589730
-66746308 -68319209 41895680 -13895868
-34179771 -35248 52248585 67852503
82415019 -64517122 92379653 51069118
-66600348 -77708098 -39166044 43247512
-57627871 -55747429 -6554767 -5053339
41714098 -58020563 82415019 65426837
-90962700 -79292019 45790445 31778817
28884264 -90962700 45790445 68720194
-49427794 19885296 52248585 87487995
-54865485 -36174671 23907700 92575856
-36468962 -77708098 70896420 25098993
-67362083 29795267 92575856 61714286
-78629970 -47047131 6887692 10847675
80123318 34785373 82415019 92379653
32012110 -55747429 49589730 19885296
-77273417 -91302206 6439639 98074237
28471821 -59625123 95071065 93571547
-28269376 62630555 3750404 77628842
-77599134 -90962700 -8395665 -82682955
-68319209 -95516809 -46591441 -55562001
-70141292 -57826742 92135742 33465045
-56742179 23907700 24682211 80201992
-68929244 12706155 49589730 96208299
-78324222 -52074652 84919688 61714286
-10816078 41895680 11322698 69239210
-88715308 -12415683 4577070 92135742
-96824689 -79680323 97556079 49120742
-77273417 85770673 19001879 95090750
-95637169 58610342 2184380 61815500
41957634 -92418784 68720194 -50853205
-78629970 49589730 51069118 78778625
1008574 -95516809 6229595 -12230606
75434815 -29069812 83091581 -27768934
3490909 -96986749 28038030 -46591441
-88190647 73837897 84919688 74607678
-95516809 -23068217 6741152 29201441
-79680323 49589730 52740822 73837897
-83398649 -40523690 -55562001 -18289325
33527147 -74501698 98493193 90833593
-6554767 -78324222 78898469 29795267
-66746308 -12415683 -51775172 29228134
34785373 62685712 91751549 83915486
21128946 -78324222 41939273 4943455
-42467278 -92979371 19001879 -64173037
23907700 55570681 34785373 87487995
-49427794 12706155 -26840187 79385743
-91302206 21128946 32363925 85770673
-33971530 -1471387 83915486 33527147
5599359 13499842 61714286 80201992
6809080 -92979371 31624359 5599359
-58020563 -68319209 45790445 24698712
11322698 14939510 20763210 52740822
-47047131 -9619980 90387544 9718225
40042735 -65781235 80123318 2740608
17123811 -43118603 62851373 -39819694
5649714 -51775172 48085868 86426104
-26840187 -74907124 -5053339 97556079
57404108 4388464 60613780 95090750
-92030346 -68319209 -17077488 -52359997
89337924 -34676986 98767484 -24830436
-4509094 -96824689 87487995 37125406
-87529110 42400218 45790445 69989156
62630555 -18433888 97556079 64616543
-59625123 -78890728 -34676986 74607678
-57627871 -92418784 71541006 37900462
-92030346 87487995 -12054709 89337924
18451610 -66623504 33745691 6229595
21128946 -87529110 51069118 10847675
-77775158 43247512 -67362083 45007382
-43118603 55436287 51356018 90833593
-70866645 -58020563 -66415427 68114832
-68319209 -78629970 -16139438 -23068217
-67362083 60613780 -55747429 91164329
-70141292 -66415427 13499842 62851373
-28269376 -74501698 83091581 14939510
91164329 -87529110 95090750 68720194
-66415427 -54616107 4577070 41714098
-54865485 -55565657 -18289325 52248585
28038030 -52074652 74607678 -24830436
-88190647 -9619980 15953029 -8639354
-70141292 62383210 31778817 83091581
-52359997 -55565657 70896420 32012110
-8639354 -42578453 87487995 4943455
20763210 -55565657 58610342 4943455
-51775172 -46591441 61815500 -9619980
-64173037 3927158 -16139438 67046389
6741152 31778817 62851373 55436287
7964526 -39166044 40042735 48880652
9979241 -36174671 47075178 5649714
-78629970 -65781235 92135742 67156841
32363925 -34179771 61714286 41895680
8836829 -88190647 79385743 69239210
-78629970 -96986749 10847675 -77273417
29201441 55660152 69989156 79385743
-58020563 -47473593 -36174671 62630555
4388464 -95637169 69989156 98767484
-49427794 -90962700 97556079 -49427794
52379405 -6554767 81170754 92311720
-90563238 6741152 -78324222 62985808
-77708098 93571547 -43118603 96944059
-92418784 10847675 49120742 92135742
-66415427 -78324222 10847675 33745691
-66600348 -12230606 4388464 68114832
25098993 -58919743 96944059 34785373
-68319209 -68319209 86679789 -54865485
-66600348 -78890728 -47357132 52379405
25098993 2740608 77628842 98074237
10847675 -42578453 67156841 2740608
65426837 -78324222 84919688 55660152
-39819694 28038030 49589730 37125406
-67362083 5599359 -10816078 15254052
-83398649 -95637169 -10417341 -78486420
55570681 20763210 61578548 98493193
24682211 -10816078 90387544 33745691
-92979371 -95516809 6809080 -74501698
-77273417 -46591441 21128946 41957634
8836829 -88190647 89337924 43247512
47075178 -52074652 74607678 52740822
-92030346 -96986749 19001879 3774971
-52074652 -18433888 74607678 42400218
-55923802 -68929244 89337924 -66075119
4943455 6809080 48880652 83091581
32012110 37125406 95872548 44270031
-50853205 -92418784 6439639 57717322
25098993 -52074652 52740822 98493193
45007382 61714286 65426837 84919688
42400218 -27527206 92379653 45744812
-2362424 18451610 96981153 97556079
3927158 29795267 92311720 90387544
-64173037 -12054709 79385743 74607678
15631484 -59157009 41664767 58610342
-92979371 -58020563 15631484 2184380
-66600348 45790445 25098993 81170754
-88190647 -96824689 -23068217 17185173
29201441 -74501698 51356018 1008574
10847675 -68929244 62173545 19885296
10847675 51356018 95071065 92311720
-59157009 5314594 83915486 5649714
52248585 -4509094 95090750 26621950
-28269376 -90563238 -12054709 -9619980
-12230606 -79680323 6887692 -35248
-10417341 2740608 82415019 78898469
19885296 -29551682 80123318 16084525
-24830436 -95921168 28884264 -39166044
3490909 -95516809 29228134 -42578453
24682211 -92030346 32363925 58610342
14939510 33745691 93571547 90387544
-27768934 -58919743 23301245 -1471387
-84742844 -78629970 -47357132 32363925
-83641647 15631484 11322698 58610342
-27768934 6741152 13499842 92135742
-96824689 74607678 -92418784 83091581
24682211 -50853205 98074237 90833593
-64517122 -51775172 45007382 60613780
-79292019 -41059391 90387544 57717322
-79645445 12706155 16084525 84919688
-68319209 3774971 -5053339 99992078
4388464 -55565657 8836829 26621950
-5855343 45236989 4577070 90387544
-99868298 -78324222 -10417341 45744812
-68319209 -65781235 28884264 93571547
6809080 15254052 95090750 78778625
57717322 6887692 78778625 98074237
-74907124 14206327 75434815 65426837
-78486420 -29069812 15953029 91751549
-74501698 -66415427 5314594 52379405
-51050815 -96986749 23907700 6887692
1008574 7964526 61815500 98493193
-96986749 -96824689 75434815 79385743
-96824689 -95921168 -82682955 -54865485
-77708098 -78629970 17185173 52740822
8836829 -78890728 15953029 -27768934
6439639 86679789 13499842 93571547
-54616107 -95516809 3490909 62851373
-95637169 -217445 78778625 57717322
6741152 -96824689 6887692 11602162
32363925 37900462 80123318 48880652
-42578453 26621950 61578548 41714098
5649714 -34676986 73549624 91751549
-35248 -12230606 33465045 95090750
4577070 -36468962 28513068 83532020
-66600348 16084525 11322698 86679789
11322698 -83641647 14206327 55660152
-8639354 83915486 29407856 86315565
-55565657 -58919743 97556079 11602162
-39819694 -99868298 41957634 -13895868
48880652 -6554767 67852503 82415019
23907700 -95637169 86315565 86315565
-29551682 -34676986 29201441 69239210
24682211 -79292019 80123318 62630555
-8639354 -13895868 10847675 48085868
-58919743 26621950 5599359 41714098
-79680323 41895680 58610342 82415019
-77775158 11322698 3927158 23907700
20763210 33745691 74607678 42400218
-34179771 26621950 -27768934 28038030
52740822 52740822 85770673 87318191
-82682955 -27768934 3750404 87318191
-6554767 14206327 51069118 80201992
32012110 -96986749 34785373 -87529110
-79292019 -4509094 4388464 65426837
-66746308 -88190647 93257219 -9619980
66421630 28038030 92311720 42400218
-29551682 -78324222 68114832 -33971530
3490909 -64517122 7964526 98767484
49120742 -78324222 73837897 68114832
-70141292 44270031 -217445 66421630
-83398649 -82682955 83532020 -74501698
-64517122 -78890728 -16139438 -58919743
-55565657 -92979371 56482379 -35248
73624099 -58919743 86426104 92135742
-77273417 41957634 47075178 98493193
-95516809 -83398649 -12054709 -66350620
6887692 73549624 75434815 81861757
3774971 -90962700 83915486 -12054709
-47357132 4577070 45790445 86315565
-79645445 -8639354 -46591441 29795267
-64173037 24682211 -4509094 41957634
12706155 -77273417 83915486 41664767
73549624 11322698 86315565 91751549
73624099 -58020563 78898469 80123318
-66600348 -66415427 3774971 28016800
69239210 -58919743 81170754 57404108
-77599134 62173545 51356018 96944059
-64173037 -95516809 -12054709 -54616107
-77599134 -41059391 55660152 -6554767
-51775172 -8395665 80123318 3774971
80201992 -57826742 92379653 6741152
-66415427 -50853205 -5053339 73549624
-79645445 78778625 -55747429 83532020
9979241 29795267 45007382 43247512
16084525 -34676986 24698712 -5053339
-95516809 -84742844 45236989 95872548
48880652 -79292019 95071065 -41059391
-77708098 -54865485 86426104 3927158
-46591441 -13895868 41957634 6229595
28884264 -49427794 77628842 73837897
16084525 57404108 55436287 71541006
61578548 11322698 90833593 62630555
-8639354 -67362083 4943455 -55565657
-96986749 -99868298 -66415427 55660152
-8639354 -49427794 14206327 82415019
-70141292 28016800 13499842 33527147
-23068217 -18433888 17185173 41957634
-35248 -66415427 23301245 65597886
-66746308 -55747429 -66623504 98074237
-95921168 -78629970 -36468962 25098993
-83398649 9979241 -8395665 48085868
8836829 83532020 93257219 95090750
-95637169 33527147 -36468962 44270031
62630555 -82682955 98493193 -77775158
-66415427 -33971530 -47047131 -10816078
-26301396 -66415427 95872548 37900462
26621950 6741152 87999086 55436287
-83398649 -55562001 9979241 31778817
-74501698 33465045 49120742 56482379
37125406 -88715308 86426104 6229595
-8395665 -78890728 70896420 62685712
-82682955 -12415683 -59625123 75434815
-58919743 41714098 -29551682 83532020
4577070 66421630 15953029 69239210
7964526 -16139438 52740822 52248585
-10417341 14939510 -35248 61714286
5599359 3490909 80201992 9718225
96944059 61578548 98493193 67852503
-79680323 -95921168 28471821 -18433888
-66350620 -49427794 4388464 55660152
-82682955 31778817 6229595 90833593
-88715308 -57826742 71541006 45007382
31624359 -79680323 62630555 -59157009
12706155 -55562001 95071065 52379405
-27768934 -42467278 13499842 71541006
-74501698 48085868 14939510 52248585
-8395665 -10417341 8836829 84919688
-27527206 -55923802 48880652 57404108
17123811 19885296 61815500 32363925
5314594 -95516809 86315565 23301245
4577070 61815500 33745691 71541006
17123811 -66600348 84919688 96981153
-83641647 -29551682 -5855343 61714286
-18289325 -46591441 34785373 44270031
-40523690 33745691 15953029 90387544
-51775172 29407856 24682211 62685712
-79680323 -66746308 -55747429 6809080
45744812 -55565657 99992078 3750404
-55565657 52740822 52379405 58610342
-58020563 11322698 62685712 28513068
32012110 67046389 55660152 74607678
-78890728 10847675 -74907124 18451610
-66623504 -47473593 96981153 62851373
1008574 56482379 51356018 60613780
26621950 -52359997 45790445 47075178
-16139438 23907700 69239210 52740822
-39166044 -64173037 29407856 34785373
34785373 -78890728 49589730 6887692
-84742844 -13895868 20763210 42400218
-51050815 40042735 45790445 45007382
6229595 -68319209 67852503 83532020
-83641647 -82682955 44270031 41714098
14206327 -74907124 55570681 -58020563
-66075119 -46130090 9926272 56482379
-88190647 17123811 62383210 81170754
-64517122 -66075119 41895680 44270031
-77708098 -87529110 68720194 -9619980
-96986749 32012110 25098993 68114832
-95921168 -95637169 78778625 -86007301
33745691 4388464 62685712 96208299
-12230606 -47357132 92379653 -42578453
-58020563 -43118603 92379653 24698712
-82682955 -87529110 70896420 -78486420
61815500 -47047131 93571547 9926272
