1000 -197951807 22814722
-97761188 40404938 59899342 72346688
-55432361 -54203101 66374508 -16355461
-75892175 -36597808 16372427 60038409
350280 57402623 29827416 73588530
44618161 -48386742 72961631 57402623
-96476885 -60296192 10583329 91640461
-1641059 -50967542 72721853 45422403
-57369956 -44939375 58747947 56464586
-51881993 34267346 -8076735 81855206
-18557312 -15000119 22452677 24847657
-63825939 59789106 -62305802 82914819
-66266086 32988161 42753226 40404938
6088589 16006907 62075574 96061896
-51002986 59466666 -4526686 98544712
-80206378 -59433533 40929950 65675422
-75968350 -27221195 -19387479 66316443
23752976 -11965730 66870435 45422403
25128292 13729407 48102536 31113353
-75610958 -76135316 10583329 91973712
-44939375 -85461341 93575391 -72576188
-69966120 -27221195 -64125306 33945008
-64020595 -21775772 -55432361 -20599044
-18208666 6332949 44060934 84486650
-7686351 7892827 73408770 48258019
6327597 2527609 70795971 84486650
-83032302 -31801753 33927423 23752976
60702813 -65240678 96760803 60724142
-78075783 -59433533 47754210 62183130
21634358 -24615347 74368101 35316233
-55151648 -5351859 97157943 86096049
-15485467 -84389956 78863498 11093426
-19833807 10270568 45177506 77760308
-96817607 -15555652 65481957 6332949
-31649756 75239224 67149397 99122385
-73845980 -16799721 -13581809 3404034
-79561429 -28712852 -5423360 97157943
-75968350 46635142 -51839345 82596230
-97304062 -97761188 -5423360 -13984732
-25864649 -10458696 65212855 62183130
-79897700 -99434905 30564269 -76130860
70238659 -66138718 78863498 85205119
-16971514 -60862833 -5527408 66569987
-32284375 3722248 48819816 68605926
-87793630 72721853 -4944260 85205119
16174555 -83692833 34267346 60038409
-71919195 -82653841 -5423360 53967087
29819985 -5580818 37335417 15785204
-92078486 -55013380 -76539681 43064409
-16897731 -7325651 97208519 14297509
-71919195 1348565 83551888 91973712
-85064737 -74746796 90092812 33853422
2907307 -79586392 99710595 2343596
-97761188 82161105 -75610958 85205119
18058597 19101645 60178341 59466666
-16045274 10270568 66374508 65481957
-20599044 92009915 22452677 95738564
16585369 -64276538 65983515 18494006
-97712834 70929178 -24564861 80077193
-55013380 -55010325 85717041 -50575755
-10488981 34267346 59789106 59466666
-68342510 -91658042 -49811369 -79586392
39078190 -40568167 59826633 73659545
-68342510 40258079 -16799721 98382318
-4526686 40404938 70809582 88568100
26670300 -7686351 65026028 3054936
-51234571 9920532 44436496 22327201
-63825939 -79897700 66569987 26457488
-60114122 65481957 86328804 91397348
-98965568 -97761188 92700329 -76981890
14297509 -93193056 29474589 82914819
-41452927 -31344081 41199503 50829613
50829613 -39315436 77760308 -13984732
-75646965 44117065 14333087 63295343
-96798336 29474589 69688328 55376904
-44730298 -99434905 33267283 -37730398
-95663235 -47632592 -53036146 16372427
-44736312 -79350735 87524339 87524339
-50575755 23752976 -29622759 77752130
18058597 -65036009 61738137 -32503693
9485261 60292758 93192608 78863498
-72478019 -88162914 -2155678 71810041
2907307 -63098249 9537278 -339370
-96690472 -73845980 93575391 -5423360
-64125306 -31344081 75127962 -29968546
-94881354 40498094 -63098249 77428029
-56793990 -60096498 30633597 -57997087
-69966120 -88919133 -7435243 -16045274
30564269 29819985 59505288 93457180
-83714321 -59433533 -64276538 27046477
-49190547 14234454 90554648 71810041
7588894 -99257477 58747947 -76071232
10909863 -57369956 19428493 57725534
-89484573 -6698067 78863498 10748886
27599139 -85803962 33267283 -21246747
25580812 -26547349 82914819 99780689
10270568 -85064737 59899342 68482527
-36597808 -25467585 -32503693 70809582
-30743585 -15485467 54869169 74619557
-49594853 -97835351 38889179 -17971826
78863498 -3143637 82914819 65983515
-45782027 -29908577 -1148284 40947391
-16971514 -19864468 79382339 39549340
-26547349 17283145 18661153 19575357
-26502227 -8026077 -11965730 54869169
636365 -59433533 59789106 -5580818
-83692833 48819816 82161105 78428125
-72730816 2343596 77370274 74619557
-7262859 -30269624 -4944260 79563499
-89484573 64369813 -72478671 88402050
-81187498 -9193343 -10488981 -5527408
-95663235 -85803962 29827416 -56156566
-72576188 -38475350 -54442956 -26547349
-7278694 -5352826 89023929 59899342
-79586392 86328804 -23422526 90092812
-71232741 -73845980 -34548899 17283145
-56586489 19428493 -50575755 94140313
-34941309 47666224 57119984 74391630
-17754885 -19387479 -8076735 7687141
-76981890 -24434035 96061896 44618161
-36597808 -11965730 86282249 66823366
38889179 -75469272 69849095 74547309
-47057513 40537419 33404274 88915399
-13511782 -98965568 5943819 81179541
-75646965 -60862833 29812825 10909863
44473953 -38262800 60702813 29819985
-99434905 -86185349 63094337 -77115518
-83692833 -25802801 -44736312 85220597
-42671325 -31344081 382745 96760803
-28683693 92700329 40826431 95738564
44665487 45842248 60292758 65026028
-96690472 -62305802 -53945307 -25467585
-81846998 -25864649 88915399 40826431
-86714446 -10488981 -66266086 87524339
-4526686 -25467585 24847657 31811364
9220139 -62432776 62075574 -16870555
-7262859 -46034377 97157943 96760803
-72478019 10748886 21449442 76091529
-59433533 -81075346 77302081 54008422
13267701 -25870638 90706245 40258079
-91388272 -80304399 -18574734 72495520
82566574 -11342335 98160608 10583329
-30438341 -3143637 57119984 40537419
-13870666 -9061406 40657169 1838570
-60296192 -75968350 -55151648 -1988641
-39890939 -15226641 18661153 87524339
72721853 -96798336 93457180 -25003972
33267283 -32758559 33927423 54322463
-53006049 -63726461 -8573554 95738564
44436496 62457560 55758597 89574715
-47554692 -96262921 16702393 -7262859
-79244554 -10764394 40569607 72961631
-76135316 -83078413 98382318 50829613
-63098249 -16870555 -62532887 3054936
59505288 -11152275 95738564 -1346566
-94881354 -54442956 -68439346 -30754059
-37730398 -87793630 -36322559 -10025358
-23422526 -99434905 11613581 -97752506
-71919195 40569607 -29508846 91973712
-13330785 -55013380 81855206 94140313
10583329 -79561429 91313067 -53449577
-76130860 -99434905 46489329 35113712
-90302611 -18557312 33468032 -10458696
-72478671 -5527408 82596230 36391868
-70561911 -53138799 -38446939 60264269
45842248 -5678919 78967949 81223189
58900936 -92339150 62457560 -7196762
-43066589 -31960403 -35528852 27599139
-16045274 18494006 77302081 65481957
-7278694 54008422 31014970 66823366
-39247035 -47057513 91640461 50829613
-60862833 31811364 31014970 99780689
-22852719 -81075346 9220139 -43080964
-53945307 -50967542 -26547349 75652032
86041998 -84387769 94140313 69849095
-82366586 -43096601 -5678919 40355850
-26021316 25580812 39078190 96760803
43064409 -53036146 83551888 77760308
-31960403 -57369956 82596230 -53582221
-44736312 -19387479 20520826 11772427
-5580818 -78272788 77760308 56857528
-59433533 -16897731 40826431 77370274
-99257477 -96690472 44618161 -92958157
-63726461 -44278058 -39451085 33119349
55376904 -54427728 89574715 -9875227
15194848 -79586392 47666224 -25870638
-53945307 -46956533 72721853 40355850
-18208666 65983515 65675422 80337908
-17754885 11093426 55923275 13267701
-77115518 -31960403 19428493 83685565
29827416 -59422256 55376904 -32963122
74438223 -53299057 89023929 -7278694
-31344081 -44331561 44441521 -43066589
93457180 -76981890 97151978 -46034377
46727371 -11165485 89228471 59826633
-39315436 -53299057 25580812 38562796
27034073 6088589 86282249 99122385
56954856 -6517898 57725534 -4021511
-84886097 -66038464 -5527408 6334963
-40568167 7409964 65983515 85717041
32988161 26670300 89963086 45150060
-1346566 -27161309 42403704 32988161
32469933 -53043978 65212855 5018430
-44939375 -11165485 62183130 44156373
-66138718 -18554853 84486650 -13870666
-86185349 -98965568 -18490694 48258019
47762491 6642958 69172001 40355850
-41754720 -50575755 35006924 90554648
39549340 -97835351 74547309 -89487986
-37730398 -36597808 3054936 -29228120
22453372 -63825939 80127349 2343596
-63627277 -1988641 14234454 83711449
9537278 -6698067 80077193 58955159
45386118 -11152275 59789106 85205119
-57453596 -82569569 62729064 -63825939
-97038219 20359385 19384654 42753226
-10273023 6327597 81641542 37284587
15785204 40826431 46461918 65026028
-4944260 70929178 13267701 74438223
-27161309 -56793990 9485261 -38910112
-10458696 -49594853 17283145 33119349
-24564861 38730519 88568100 80127349
1348565 -48928453 56132256 -16971514
-20456852 -97835351 28083737 29819985
-69324958 -85803962 61738137 15194848
45422403 44441521 55758597 50538772
-95361080 75652032 -65036009 86096049
-70323268 -54427728 35316233 -25864649
14366754 17270845 38730519 90149667
-55013380 56857528 83685565 98160608
-46956533 -5352826 35262155 95032719
-38654357 2907307 40569607 95032719
-44730298 -92958157 36744476 74619557
-56793990 25580812 45177506 44436496
5018430 -52609722 26670300 40569607
-49081492 -24167012 26003457 -5527408
-45782027 -49081492 40258079 5018430
-95264368 -30269624 33267283 -13076174
-97835351 -96798336 -72576188 60724142
35316233 -6698067 69928802 29819985
-71685028 -91231398 -26021316 58747947
-98965568 -92078486 -79586392 3246806
-53005736 -17754885 62861430 82596230
9700874 -62532887 28765182 60038409
-7686351 -5883020 47754210 -849900
39078190 -48928453 72338751 94140313
-31994278 -32503693 40244702 -21722312
-53335520 -11965730 -42656307 48819816
-53299057 -19680192 -29508846 33853422
-29228120 -76130860 54322463 -49811369
6088589 -43515812 9947180 16702393
-8573554 -80206378 11772427 90706245
-53945307 -78400250 -31960403 89023929
26003457 -99434905 64509235 57725232
-11342335 4147065 69688328 24409461
-33517482 7409964 3054936 56839387
-7435243 -9061406 57119984 18873832
33927423 20976801 40929950 70795971
-75646965 -74746796 -39451085 38641913
42298479 39058141 98614959 97208519
-44278058 -1539979 72961631 42296519
-56793990 30272515 50675399 55376904
-80481939 68913802 64369813 70238659
-89487986 -75892175 -18192458 -45781298
11093426 -26547349 88915399 47666224
-77890859 -55010325 33404274 44436496
-55151648 -80827749 -7325651 -77890859
-31560407 10748886 33189655 46635142
-61023953 -56793990 16372427 40062275
-65036009 17270845 -47632592 97157943
-40568167 70809582 -16895320 72346688
36448126 24847657 65212855 54008422
-97470911 60702813 38889179 67627752
-6517898 -22852719 18058597 32623224
16372427 -57369956 48705813 34706229
-92339150 -71662256 89969137 11772427
-62432776 -31134687 33468032 38730519
-89666206 -7288146 31246526 13267701
-96690472 -8573554 -76981890 26457488
-16045274 15994300 33298162 96061896
-29908577 9202273 34267346 40826431
40929950 -63098249 79230521 33189655
-15226641 33189655 31032450 81855206
-31134687 -59433533 98728157 10314357
14694323 -71685028 40657169 19428493
86041998 -63726461 97151978 95738564
-71662256 -59422256 11093426 90092812
-39890939 -79586392 -6698067 10909863
10748886 -27192408 61551425 70238659
14234454 -91231398 68605926 -77115518
-82453540 -89777485 -59433533 32785635
12074826 64870425 48102536 87524339
80337908 -95663235 98614959 -53006049
66569987 -54485467 89228471 73548904
-39315436 -92339150 93575391 -31624044
-91231398 14694323 16702393 28715267
-66038464 -16897731 50829613 44618161
-47057513 39767078 50538772 51201746
65983515 -76145007 78990841 -7288146
29827416 -60514603 36996836 80509967
-95483542 -92078486 -61569100 -10488981
-89777485 -36465003 -61569100 39767078
-60514603 1348565 -44414638 48222835
57119984 -55151648 77752130 45386118
-61411678 -31994278 -26502227 66823366
-92078486 50675399 60178341 89023929
63094337 2527609 85717041 62729064
-44506342 -24167012 46489329 11789044
-53335520 -47605876 54869169 34267346
-31624044 -53006049 99250120 -49081492
-27221195 -21775772 -21722312 73548904
-75469272 -55013380 -47181468 9700874
78967949 33404274 79382339 57725232
-95483542 636365 16006907 90092812
-60514603 -32016288 -16331329 36744476
-67991202 -26547349 62183130 79230521
-47554692 76091529 57725232 82596230
-8573554 -21722312 71810041 68913802
-89487986 -40568167 68913802 57725534
10583329 -19285753 67149397 -13511782
48258019 61551425 83551888 87524339
1838570 54008422 60724142 70795971
-47463373 -29908577 38154655 48258019
-25003972 -56586489 29812825 -13581809
-43515812 -73845980 -36465003 -68439346
-30269624 -68439346 -5352826 -36929808
29975597 49999028 82566574 98160608
19101645 -27192408 71721820 73659545
-85461341 -92078486 -53005736 38113446
-1988641 -68625459 74644829 13729407
-79897700 -13984732 -16355461 -9799393
66067437 -31344081 98544712 -19387479
-26021316 24778166 30564269 29290636
-9875227 -85803962 25128292 48819816
-7686351 -95663235 -4944260 91560875
-89666206 -7196762 -89487986 -6698067
-41452927 -60114122 -11850666 -22936546
-53582221 6088589 18873832 81223189
-72478671 22116689 9920532 96061896
-61411678 -59422256 -13511782 89228471
-95663235 -75646965 -93193056 -70323268
-61411678 -48737135 98614959 -22759710
-22936546 -44132973 -15555652 1838570
-31994278 2527609 88568100 34267346
-75968350 4147065 -70250206 14234454
-11850666 -89487986 16561896 -82569569
-81167859 39848839 -50967542 45386118
-18557312 -86185349 -7288146 -36465003
-82653841 -22759710 -81846998 -21722312
-38654357 -91231398 42753226 -76728735
-89777485 -21766156 -45782027 -6698067
-93193056 -42656307 -31801753 9920532
-53449577 -44736312 81179541 -16799721
-95663235 -43515812 -75469272 46746568
-11342335 40929950 93575391 90706245
-63627277 -57369956 30594006 53967087
-89777485 -47181468 -26502227 25580812
4860868 -69324958 25776709 -48386742
62861430 -8213529 88568100 38562796
-32284375 -29228120 -12437186 38562796
-38446939 -75892175 -34548899 -44132973
-44341124 -85461341 35316233 -76728735
-59433533 -39247035 91560875 40947391
-7196762 -13870666 18661153 22452677
26433628 -44278058 40826431 30633597
-69238479 -38475350 72961631 69688328
27599139 -77890859 40404938 69688328
74619557 -5883020 93575391 28376248
-71919195 -93193056 -47554692 24489751
-18226163 -69966120 2527609 52449785
25128292 32781521 94140313 95968044
-66266086 -29622759 -53449577 16372427
-97304062 -72475436 62861430 40929950
58955159 -36597808 86243055 -22852719
-23422526 -4354230 36448126 33298162
-20599044 -96476885 14694323 -13870666
16585369 -6517898 24489751 39549340
-3143637 44156373 32785635 74619557
-73421218 29290636 -54191601 78942336
5943819 14694323 11093426 44665487
-99025502 -44736312 -33785697 6891271
-34941309 34977681 82914819 45150060
-7278694 -6698067 -4944260 39078190
-18554853 20359385 90092812 32819235
-81453654 -31565200 -60514603 80077193
-95663235 -36597808 -8076735 -16045274
-97712834 10270568 19287385 17270845
-49594853 -95663235 -2208124 -29228120
-31960403 -59390490 32785635 44156373
-15555652 -27161309 24847657 83711449
17270845 -88162914 91560875 35316233
36744476 5018430 82596230 68913802
-80827749 29827416 24847657 66374508
-5580818 74000251 40826431 75652032
-39247035 -7686351 -19285753 72961631
60702813 58955159 86243055 78053273
-89487986 36714693 -44730298 89632130
-5134942 -70561911 72495520 -51234571
-60514603 -84237468 69849095 -30743585
-44414638 -99257477 -21190173 -57453596
-39247035 6891271 29975597 60702813
-89666206 -75892175 -16870555 88568100
36391868 -77115518 74644829 31246526
-57369956 -80304399 78053273 -53299057
-3539170 -45782027 69688328 -1323946
76091529 -30946248 86328804 46727371
-22936546 -19833807 62861430 21581038
-2155678 -35528852 10583329 31014970
-38446939 54906688 9927978 73588530
-47057513 -20599044 66316443 -5401071
19216389 -62532887 38184563 38889179
77760308 -44414638 98160608 9485261
-6803252 -64276538 27046477 -60114122
-57453596 -53005736 44436496 72338751
-92958157 80515104 -12956502 97208519
-69966120 -68342510 94140313 31032450
6327597 3054936 9485261 14694323
80485525 -79561429 90149667 77752130
-31624044 -54191601 63295343 39549340
-49594853 14366754 73408770 19216389
6642958 -33517482 50829613 79563499
-15141680 31246526 45842248 86098714
-62532887 19428493 350280 37335417
-11342335 -89487986 33298162 -53036146
-15555652 44473953 56857528 50675399
-30946248 -19387479 18058597 96760803
15785204 -79586392 16174555 86243055
55376904 -24167012 60645482 -19864468
-73845980 21449442 -31565200 27046477
-25802801 -52609722 42962192 9220139
-36497327 -19285753 73659545 11613581
-82366586 9947180 -11165485 54906688
66316443 45177506 66374508 93789773
-49190547 22453372 57725232 42753226
-12437186 -37998164 46489329 89963086
-17754885 65983515 72025430 75239224
-39890939 -35369374 36448126 3054936
-9177111 40258079 29819985 48819816
7409964 30272515 39078190 40244702
28715267 -18490694 80485525 2527609
-76145007 -81453654 90706245 -54290995
67149397 -44414638 97151978 60264269
81048130 -90552593 96481325 44473953
9202273 -50575755 64509235 14456274
57402623 -91467274 68913802 -64125306
-64125306 -75892175 -54203101 -9875227
-95361080 -79897700 58747947 38889179
-25864649 18494006 31811364 33267283
-91658042 -94195598 -76728735 95920715
-99434905 -78400250 30592872 -10458696
11772427 -29968546 71810041 74547309
20976801 -78272788 28376248 -39451085
-849900 -99257477 19428493 31014970
-72730816 -90302611 1838570 -7288146
-57453596 42296519 -36322559 87097181
-77115518 -31994278 10748886 77762565
-67991202 29812825 -10488981 92811385
6334963 -89484573 81641542 -44730298
-44939375 -46956533 6891271 5018430
-81167859 7588894 -51002986 19384654
6327597 -82569569 26670300 3404034
-1641059 -92549964 46709927 -84237468
-33553319 36391868 88402050 57529716
-18208666 -54485467 78529116 28765182
-72478671 -83032302 -40568167 45177506
-91467274 -25870638 52444616 62183130
-69966120 -60114122 73408770 62200107
-40262908 -1346566 14234454 77428029
-36901597 -64276538 -10764394 -47181468
-40262908 -24615347 78942336 -7288146
-44278058 -24167012 49999028 4860868
-31560407 -78272788 52449785 35262155
-98965568 -53449577 -45781298 -10273023
-97079531 -20599044 -27161309 27046477
-66038464 -31560407 54008422 46746568
49999028 -97835351 50829613 33853422
-38262800 -96262921 19384654 -26547349
-62532887 -1641059 16585369 92009915
33189655 40569607 44436496 61551425
29975597 -32284375 33189655 77224141
-11965730 -33553319 86098714 13267701
-91043186 45150060 -51839345 75239224
25580812 57119984 72338751 97151978
13267701 -48928453 35113712 96760803
32781521 -66038464 50019985 98728157
-76728735 -17971826 -16897731 66569987
6891271 -89777485 50675399 -9479495
-86185349 -63098249 80509967 -31624044
-15226641 -60296192 45422403 69688328
32469933 -72475436 52938173 46727371
350280 -87793630 7588894 -70250206
-71662256 54869169 39549340 78428125
-91467274 73408770 54322463 93575391
12599050 -71919195 56132256 56857528
2343596 -11965730 91640461 -11165485
-96262921 -58762236 51201746 1348565
54869169 16561896 75652032 39848839
-34941309 -55432361 -11817448 -37730398
-91467274 -1257356 40826431 34267346
16702393 -61710185 91560875 88568100
-10273023 -82566437 3404034 -75610958
75239224 -71919195 78529116 -19680192
-38446939 -71662256 33920184 -66266086
-44278058 85275637 -9479495 91397348
60292758 -51002986 91313067 85220597
20359385 -83078413 22327201 78529116
73408770 -44730298 90149667 31246526
-77890859 -4354230 40062275 81223189
-97470911 -53945307 -31344081 -849900
19428493 -60296192 60469325 65212855
-30754059 -83714321 -4021511 28765182
-89484573 -5678919 93789773 79382339
58955159 27599139 83551888 40498094
-83692833 66569987 -55013380 82596230
-72576188 90732346 10314357 98382318
-5527408 -44331561 60264269 57831156
-517974 -25870638 70795971 91313067
-90849676 -15000119 69050048 93192608
-4944260 -88919133 83551888 60292758
40569607 -17754885 98703090 74619557
-53335520 -25870638 16702393 44665487
-97835351 -84237468 -5134942 65212855
-30438341 19384654 16702393 70809582
-97712834 38154655 45422403 86096049
56132256 -18490694 58747947 36996836
-32963122 -25467585 -8573554 70809582
55758597 -31801753 82914819 -10273023
-60862833 3246806 70795971 92700329
55923275 -31960403 90149667 -10273023
-74752956 -44736312 77302081 80127349
45842248 36391868 54869169 99780689
38184563 -31649756 63088813 28376248
-89666206 -11817448 38184563 14366754
39767078 -7262859 40657169 45386118
10583329 -63098249 34267346 56330642
-90552593 -91231398 -56423422 -28712852
-89487986 -70616430 40498094 45842248
5943819 -63098249 72961631 -7278694
-29228120 -31267800 14694323 90732346
-56423422 -82453540 -6698067 35262155
-65240678 -90552593 -30438341 -21190173
-79561429 -38262800 -20456852 90092812
-76539681 -44939375 54008422 95920715
-5351859 -76539681 98544712 85220597
56857528 38562796 75127962 78967949
-32963122 -53335520 7409964 66870435
-85803962 19563139 9220139 78053273
-85064737 -69966120 -32503693 6332949
-37890999 -8076735 -30743585 -6698067
-83692833 7892827 35316233 36391868
33404274 -94195598 39767078 -62305802
56132256 -16897731 59505288 7892827
-54427728 -91043186 33119349 -72478019
83685565 54322463 89023929 62183130
-57141862 -16897731 -44939375 27034073
40244702 -1346566 65481957 6332949
-64020595 -44331561 -16971514 33189655
-51002986 -76728735 74391630 78053273
38641913 -72478019 86041998 -41754720
-45093937 -39247035 -30438341 42298479
70929178 -71919195 77370274 -53006049
-80206378 -73421218 9485261 40947391
18494006 -60096498 26670300 -26502227
92811385 14694323 99250120 96481325
-10273023 -44132973 61738137 70809582
-91388272 73408770 70809582 98160608
15994300 5018430 40355850 26457488
-53138799 -54442956 -19387479 81223189
59789106 37619501 65212855 75127962
-79586392 -91388272 -78400250 82161105
-53036146 -79897700 45842248 33267283
25128292 -49811369 41396318 19101645
-7278694 21449442 40569607 80509967
-72730816 -92078486 74391630 31113353
59505288 -72730816 82566574 -31565200
-31267800 -43515812 -25802801 81641542
-31994278 -29220880 7140962 -7686351
33189655 -7262859 80515104 44618161
-84359616 -44586703 80337908 -32758559
-57141862 -40568167 -26502227 -37998164
-3539170 -90552593 44473953 -29220880
-56156566 -44278058 14333087 -18192458
9202273 4860868 90394610 86041998
6327597 -69966120 10270568 -16799721
-39315436 -96690472 64369813 26457488
64509235 -60296192 83551888 80077193
-18192458 -42656307 36714693 -31624044
-59390490 -98965568 -22936546 -80827749
-77115518 -63825939 68482527 49999028
30592872 -97079531 91397348 39549340
29975597 -34941309 67149397 89632130
-44586703 -19387479 32449767 73659545
-75469272 -31134687 -28683693 -11152275
57119984 -59809538 69688328 32469933
-30269624 38113446 99710595 66067437
-41754720 -3539170 56132256 52938173
-70323268 -37890999 40498094 66316443
16561896 -65750027 58955159 -17971826
-16971514 -47057513 -9193343 25128292
-97761188 -78075783 35316233 19216389
45842248 350280 67149397 89023929
-11342335 -91388272 78053273 -36465003
31113353 -81453654 40537419 19287385
-13511782 -60114122 72961631 80937387
11613581 -47181468 19101645 70795971
29812825 47754210 60702813 90092812
70795971 -46034377 90149667 19575357
-41754720 -59422256 47666224 44618161
-88162914 -40262908 -57369956 91640461
-75646965 27599139 71721820 38730519
-84696171 -97761188 -15555652 39058141
-1539979 40537419 59039594 65026028
7687141 -95361080 91640461 -84696171
-44939375 -75469272 -25802801 12074826
-66266086 -54203101 -25870638 73588530
-68342510 45150060 -40568167 60702813
2907307 -70250206 62729064 -2776963
-8573554 44665487 77224141 90732346
36744476 -26547349 48258019 33920184
-5527408 -53005736 33927423 -13511782
-44586703 -43080964 -12437186 -18208666
-47057513 16174555 60724142 59880813
-53138799 -66038464 70929178 -43096601
-95663235 -58762236 95920715 38889179
-76981890 -12040610 49630623 60469325
-63627277 11613581 -318546 87097181
-69966120 -16971514 56806631 -16045274
-57997087 38641913 -45616513 73588530
40498094 -75469272 83551888 -45616513
-36597808 -9061406 5109249 52444616
-44414638 -97470911 47666224 66316443
-32284375 -97076521 40355850 33468032
-19833807 60264269 26433628 89574715
-35369374 -70250206 10748886 21581038
-31801753 -29508846 21634358 60645482
-76539681 -81187498 85220597 -3143637
-48928453 40244702 -47463373 95738564
-11850666 -91231398 31246526 64870425
53967087 -51839345 57402623 30633597
-55013380 -65240678 19563139 -517974
-44730298 -66138718 99250120 58747947
-17971826 -94195598 95920715 -10273023
-16799721 -16355461 29812825 5943819
-5401071 -9177111 85717041 57529716
-3143637 -47554692 33920184 92859151
-51002986 63094337 -11165485 71721820
-21246747 12599050 -13076174 60469325
42962192 -32284375 56464586 89969137
-33107920 -27161309 61551425 14456274
10583329 -36901597 80077193 38184563
-65750027 24778166 -42671325 54906688
74438223 -18208666 79230521 61738137
15994300 -5423360 19384654 98703090
-35528852 -61710185 23752976 66583895
-15226641 -22759710 72025430 58955159
-79244554 -16331329 50330507 38730519
18873832 62183130 77224141 92009915
-51664194 -36929808 -9875227 47754210
-7325651 -29908577 11789044 32781521
3722248 -2208124 78990841 88915399
45177506 -79586392 82161105 2343596
-96476885 -76130860 -70561911 61738137
-61851665 -84359616 92859151 -68625459
-90849676 -38475350 19384654 -38262800
-43096601 26457488 16006907 31014970
-29968546 -84359616 39767078 -31625212
-31344081 -47181468 16561896 -31624044
-61023953 22905305 65026028 90149667
36448126 24778166 78990841 32781521
-16897731 -76981890 -9479495 57831156
11789044 39848839 83685565 90149667
-96262921 -27221195 -45782027 33945008
-23862317 -73421218 22453372 83551888
-24434035 -45782027 350280 48258019
-81187498 -50967542 40929950 -47463373
-32284375 20976801 12074826 66870435
-67037806 60301203 -10273023 99710595
16561896 -31267800 89574715 -1988641
59789106 -53005736 87097181 -31994278
10748886 -40262908 96760803 41719574
-61023953 -31267800 -33517482 95738564
-60514603 14234454 57831156 91397348
-15000119 -51881993 23752976 73548904
-84389956 -22936546 92336593 44060934
-75646965 -53138799 35316233 5943819
-77115518 -49081492 -18192458 51201746
47754210 -90552593 59505288 -53138799
-9061406 22327201 73408770 79382339
-31267800 45422403 60301203 56330642
-44331561 20101395 88405940 65983515
-16331329 -7288146 70929178 26003457
-65240678 74547309 -53945307 97208519
3404034 11772427 60469325 72338751
-76145007 -55013380 16006907 -31960403
-32016288 -4944260 11866170 19575357
-10458696 -94195598 95738564 -2776963
-36597808 -47181468 50538772 16006907
66374508 -27221195 82914819 50019985
9537278 -41452927 89632130 2527609
-76728735 -63726461 86243055 25128292
-63726461 -47632592 98160608 46727371
-65240678 -1346566 81641542 86098714
38889179 -11342335 59789106 78942336
7687141 11333980 34267346 55376904
48819816 -82569569 57119984 -60296192
46489329 3246806 57119984 19384654
-45230367 -96798336 86041998 -53006049
-15000119 -29908577 54906688 90149667
-93193056 -49811369 64870425 -39890939
-16355461 -86714446 9485261 49630623
-89777485 -1641059 -55010325 18058597
-56793990 -53582221 96061896 -25870638
-19864468 -65036009 40537419 62729064
-97076521 -30743585 -57453596 29819985
16702393 -38910112 78863498 -6803252
-59390490 33119349 99780689 60469325
-47057513 -72475436 -11152275 57119984
7588894 -79244554 89632130 -13076174
30594006 -45058582 33119349 6088589
-39890939 -48737135 4860868 -45616513
-95361080 60645482 56806631 96481325
-849900 -42671325 88596752 69849095
55923275 11772427 85717041 89023929
-72478019 -33107920 12599050 59466666
-81075346 -35369374 11789044 -4021511
25580812 60038409 40929950 90732346
44436496 -38262800 95738564 4147065
-9177111 -31649756 72961631 56806631
-57997087 -85064737 24847657 -36597808
64369813 -42671325 81223189 -13078622
-32016288 46203279 57725534 90706245
-53005736 26670300 43064409 66067437
-98965568 -19285753 40569607 -4526686
-83714321 28083737 -45230367 78967949
-76145007 -13870666 -1791979 33853422
39058141 59789106 99171035 80509967
-53299057 80509967 93192608 91560875
55758597 -91388272 58961798 -44132973
-1148284 -51881993 10314357 -29622759
29812825 -62305802 83551888 -31298375
9485261 -21246747 18058597 83711449
-44331561 28083737 -25467585 49630623
-99025502 -89487986 -82569569 72495520
-48386742 -44414638 -7288146 93575391
-7196762 -32963122 12386565 14234454
52449785 -96798336 54322463 -12437186
-49811369 14333087 -19864468 80937387
-53006049 -82366586 -10025358 -25802801
14694323 9920532 64369813 57119984
-3539170 -26021316 30592872 62071141
-97304062 -60862833 -20456852 -45093937
34706229 40826431 86328804 49999028
-68708744 -86887564 39848839 38113446
-9479495 -69523779 31032450 -43080964
-53582221 -31624044 -43515812 1152944
33927423 -81187498 86328804 66374508
-70616430 -36497327 90149667 74438223
26003457 -12382084 97157943 63295343
-91043186 -97835351 20520826 -44341124
-47605876 -39451085 14234454 99710595
-56156566 -44730298 34267346 64369813
-849900 -53582221 55923275 -1257356
-40568167 -60296192 80077193 -31994278
-58762236 -73421218 3404034 -31344081
-53449577 45150060 30633597 64870425
-90552593 -83714321 97208519 20101395
39549340 -31624044 78990841 98160608
-21722312 -18192458 64369813 31113353
-49811369 -82453540 78428125 79382339
-57369956 -57997087 12386565 59880813
-86887564 26003457 -5351859 98614959
-9479495 28083737 83685565 60264269
-29220880 -56423422 7588894 70238659
46489329 -21722312 62075574 26433628
-16895320 -25870638 49999028 35113712
-69966120 -69420043 68605926 -7802369
44436496 -20599044 64369813 38562796
-339370 -61227558 38113446 -17971826
22905305 -95361080 39848839 -75646965
55923275 33920184 68482527 98614959
-33553319 17270845 85717041 33267283
70238659 31113353 89632130 72346688
-59433533 6642958 77302081 77653636
-70616430 -44736312 74547309 27599139
10909863 -28683693 45177506 99780689
64509235 -68625459 93192608 42962192
-78075783 -13511782 39078190 350280
-76130860 -81846998 72338751 29272978
29474589 -25802801 36714693 46635142
-62887466 74000251 -54203101 99780689
44618161 -94195598 99250120 7687141
-67037806 22453372 -25467585 66823366
-45782027 -54485467 22327201 -31560407
-95264368 -48928453 -39890939 -13078622
-18226163 -57453596 29975597 84277717
-84696171 -44730298 -71919195 -32284375
33267283 -84886097 55758597 7687141
14456274 -92958157 37619501 -9799393
56464586 636365 65675422 16372427
-97712834 -97587175 73408770 -44278058
1838570 -1148284 92811385 61551425
-99025502 69224698 83551888 74000251
-61023953 -21775772 -39451085 24847657
-44278058 1348565 13267701 96760803
32819235 -57997087 89023929 -12382084
-10764394 -83692833 32449767 -53006049
-13076174 66870435 40355850 77752130
74644829 -92078486 97467390 -26547349
-97835351 -13078622 38641913 45150060
-75968350 -19387479 98382318 85275637
-30438341 -2776963 636365 88915399
-53138799 -27161309 -1988641 -18192458
-65240678 -28683693 -29968546 33945008
-86887564 -44730298 74000251 17283145
-28683693 -12437186 -1791979 54322463
-44586703 -72730816 91313067 -53582221
-99257477 -2208124 16006907 66316443
-57453596 40657169 -24615347 65675422
-91388272 -82569569 -90302611 26670300
48705813 -2208124 74391630 66067437
-33107920 42753226 33189655 93575391
-5580818 -10764394 77760308 92859151
40929950 9700874 58961798 50538772
-60514603 69050048 84277717 81641542
-51234571 -65036009 -6517898 11333980
25580812 -22936546 45177506 -7262859
-26502227 -1148284 59899342 51201746
-16971514 -51881993 -13078622 29819985
14333087 25580812 30564269 60702813
-13984732 -36497327 15994300 33119349
-97835351 -31298375 -39890939 82596230
-96476885 -25864649 -79561429 69928802
-31801753 -51881993 74619557 -11165485
4860868 66374508 6088589 75652032
39058141 14694323 77370274 39078190
-97079531 -97079531 -91388272 -81846998
-96690472 -45058582 -39315436 3722248
-10273023 -91043186 35262155 33298162
-90552593 -63098249 98382318 -49811369
17270845 42962192 32819235 96481325
22327201 29290636 81641542 89023929
-15000119 20976801 47754210 41396318
-88162914 -36901597 11866170 -24434035
-36597808 -11850666 33189655 26433628
-45230367 -32758559 -8213529 38562796
38730519 -44278058 66374508 -22759710
-36901597 -45616513 73659545 15194848
16174555 -91388272 39078190 24778166
-85461341 -30754059 -36597808 60469325
-12382084 -68625459 87097181 38154655
-87165274 3054936 95032719 91560875
-48928453 28376248 -44586703 67627752
-25864649 -79244554 40947391 -15555652
-25802801 -7435243 80515104 41396318
-89484573 -71662256 82914819 -47057513
-12040610 -72475436 48258019 69050048
-55151648 -63627277 -12437186 -43096601
-82566437 -50967542 97157943 17283145
36714693 -55151648 40404938 28083737
-56156566 56464586 40826431 91313067
82596230 -89777485 83551888 2527609
-15555652 10583329 -11850666 82596230
-69420043 -64897881 37619501 78990841
-83078413 44665487 -29220880 48819816
-61710185 -7278694 62861430 59789106
-11152275 71810041 77370274 96760803
15994300 29812825 81179541 58955159
-68708744 -64241518 -43096601 87524339
-10488981 -54442956 -1539979 -30269624
-22759710 -84237468 96061896 33267283
-92339150 -339370 -61710185 65675422
36391868 -82653841 56806631 80077193
-39247035 -81187498 52449785 -29228120
-7802369 40258079 80485525 68605926
-50967542 -15555652 21449442 -2155678
-75610958 -28683693 -45058582 69172001
-23422526 -90552593 40569607 -47605876
-53005736 -53036146 -18192458 56464586
-72478019 -47181468 -62305802 45150060
-38910112 32781521 50675399 58961798
-5134942 -318546 91397348 23752976
-92549964 -97470911 -5423360 71810041
-70323268 -85461341 26670300 -4021511
-31960403 -64276538 -20456852 -47554692
-97304062 -79350735 -1539979 -9061406
-53449577 -89777485 40826431 -8573554
-54442956 72495520 -19833807 95738564
65983515 36448126 81223189 40826431
27599139 -15555652 82914819 44618161
-53449577 -68342510 79230521 98703090
72721853 -33553319 74000251 -32758559
-55432361 -55013380 -29622759 -34548899
-60296192 -81167859 -54290995 -79897700
40062275 36714693 50330507 92859151
-46956533 -25467585 39848839 86096049
27781890 54008422 40404938 72721853
29812825 47762491 35006924 76091529
-73845980 -59422256 70929178 -30269624
-59422256 -18529740 -5423360 89969137
-10488981 3722248 98614959 29827416
-25802801 -63098249 45842248 77428029
20520826 -56793990 52938173 82596230
9947180 -54427728 86328804 40657169
-51234571 -48386742 -44414638 -43515812
-19387479 -98965568 50675399 95032719
34267346 -13330785 74619557 42298479
-57369956 -16870555 -16331329 48102536
-55013380 -79586392 -18554853 -18529740
-54485467 -11342335 89023929 45386118
-53335520 -95264368 95968044 -37998164
-76135316 -61411678 66374508 -44939375
-61851665 -41452927 -16799721 -13511782
10270568 19428493 81223189 65675422
-92549964 -22852719 -33517482 -22759710
-26502227 74547309 66316443 84277717
-53945307 -30743585 50675399 60264269
-19864468 -81846998 -13076174 60038409
-73845980 -97835351 30564269 31246526
-1346566 -39890939 50656144 18661153
-44736312 -44730298 74619557 30633597
-35369374 -54203101 12599050 34026397
-29228120 -99257477 30594006 16561896
-9875227 64509235 3404034 80337908
-40568167 -71685028 98160608 -40262908
-76130860 -57453596 3722248 -12956502
-55432361 -53006049 95032719 16585369
-13984732 14297509 66569987 74438223
46461918 -55013380 74547309 7140962
7892827 56857528 57402623 57725232
-65750027 -87165274 95920715 -25003972
-32963122 -39890939 59899342 3246806
-88162914 70929178 21581038 92700329
11772427 -6803252 45422403 62075574
21449442 -53138799 93575391 -12437186
-20599044 48102536 77752130 52449785
-13078622 -99434905 80485525 37619501
-78400250 -10273023 -44278058 36996836
-55010325 21581038 91313067 60645482
-43066589 -69420043 33119349 32449767
-79244554 21449442 -53582221 62075574
-29228120 77762565 38562796 84277717
-97752506 -60096498 -39315436 -4021511
44117065 -44586703 58961798 49999028
-5527408 -91231398 65675422 -44414638
-89484573 -30946248 90149667 24409461
-31565200 15194848 62075574 83685565
12386565 -75469272 51201746 72495520
2907307 -6517898 18661153 56954856
-66266086 -8213529 77428029 46489329
-36901597 29819985 86282249 48705813
-60114122 41199503 70929178 90394610
-53945307 -55013380 7687141 -9061406
9700874 -44730298 91313067 86282249
-36597808 350280 62075574 6891271
-76071232 -53006049 -51839345 2527609
-18226163 -44341124 47754210 -22936546
-54191601 -13511782 17283145 69224698
2527609 -72475436 76091529 36448126
9485261 -8573554 47762491 62075574
61551425 6334963 89969137 9485261
-39451085 -83692833 -35528852 -47463373
-18557312 42296519 52449785 62457560
-6517898 -33107920 97157943 24778166
5109249 29975597 66569987 69849095
-4354230 6332949 78428125 33189655
-32503693 -96798336 -28712852 47754210
-7278694 -56793990 44473953 -24564861
-82653841 -88919133 77653636 32819235
-83078413 -91043186 95738564 -62432776
-45058582 -47463373 -38446939 98703090
-7435243 53967087 77302081 72025430
-61411678 -32963122 -849900 74438223
-318546 -16897731 86098714 77762565
-38262800 -53449577 -32503693 -22936546
39058141 81179541 62729064 92009915
-98965568 -38262800 -79244554 99710595
62071141 -4944260 79230521 82914819
-30438341 -70323268 19287385 90149667
-77890859 -88162914 -16331329 -30438341
-9799393 -42671325 47666224 -36901597
-88162914 -38446939 -38475350 66569987
24778166 -60096498 40258079 87097181
24409461 32469933 68605926 59466666
16174555 -44730298 91640461 44117065
-97587175 -24615347 -62432776 7588894
-12956502 20520826 19384654 81641542
-51881993 55923275 26670300 65026028
-45058582 36448126 60724142 50656144
-80481939 -49190547 80127349 -15485467
-12382084 20359385 78990841 70809582
12074826 -40262908 40062275 89574715
-21246747 -84359616 92336593 90706245
-66138718 23752976 69849095 45422403
22327201 -42656307 92009915 59899342
4860868 -88162914 70929178 38184563
44473953 -61569100 78863498 25580812
-92339150 -9177111 53967087 99780689
-76728735 -82453540 -19680192 16702393
-51881993 -78075783 36391868 60702813
-48737135 40947391 52444616 50538772
59899342 60724142 94140313 72025430
