1000 30331382 195988775
-61920075 1965460 16154720 90049040
-91847552 18986643 24279845 50052094
-95640000 -97700985 -34046482 -79025281
-91200383 -97700985 -48778960 17050985
-88438505 4140392 -61199076 59762248
-77485537 -99629755 -10911604 -69434852
-59884262 -26924811 -10911604 -19697353
-61920075 -80278318 -40368229 -21886628
-97700985 -22432913 -95640000 1965460
-86537024 318313 25551216 83714931
9330928 -99629755 54621316 -48778960
-10911604 -53182815 13337206 -34409905
318313 50052094 34084948 61326722
9421431 -80726275 85693776 -19262141
63979231 -61199076 83714931 43777042
-77485537 -97700985 25587664 -80726275
-33477240 -34716980 -21088371 -28975160
-28975160 -88438505 -21886628 -62078283
43777042 -79025281 73234958 -28975160
-82768138 -53182815 54224319 25587664
-86537024 -69434852 52044846 59762248
-67730067 -50832360 -34046482 -26924811
-61199076 18986643 18986643 54621316
-82950002 11643316 -6141452 45247943
-88249421 -21088371 -77397720 59762248
-82387253 -77485537 9330928 11643316
-52448279 16154720 43777042 83714931
25551216 -3631895 61326722 76440287
-86537024 -97700985 4140392 -67730067
15917222 318313 85693776 61326722
-99132066 -52468103 95359292 6962905
-55372873 -52468103 -33477240 53865248
-94969780 -21886628 51577006 4140392
-82387253 -91892355 -74562674 -31245831
-95640000 43799558 -91892355 61326722
-65890474 -31811153 -19262141 45247943
13337206 -50832360 53865248 56346306
-19697353 -63306628 98333733 85693776
-99132066 -24289934 -91892355 54621316
16788338 -94969780 73234958 -63306628
-52468103 -22432913 31403857 62599790
-85101171 -82950002 -22026586 18986643
-29295976 -82950002 51577006 34084948
-34409905 -4148584 54621316 61326722
-88438505 -69434852 -31245831 -33477240
-63747226 -29295976 77095982 87199185
-97700985 15345418 -82387253 34084948
-11769908 -94969780 9421431 -57579805
-91847552 -19786099 -24115485 -3631895
4140392 -81741452 98333733 -23839559
-82950002 -34046482 -59884262 -7480643
-52448279 -75419280 -48778960 38840269
-75419280 -19697353 -34046482 9330928
-87649670 -90130186 -77485537 90049040
-91200383 -55372873 50052094 -34716980
-24289934 -77397720 13337206 -52468103
-62078283 -97700985 -7480643 95359292
-11769908 -63747226 45549745 -57579805
13337206 4140392 45549745 6962905
-23839559 9421431 -6141452 13337206
-99629755 -95640000 -82768138 -49720980
43777042 -58814443 47326732 54224319
-24289934 -19697353 -9451834 49976348
19749475 -67730067 98333733 49976348
-77397720 -63747226 90049040 59762248
-10911604 -75419280 83714931 -3631895
19749475 -82768138 49976348 6962905
-77485537 -79025281 -4148584 -19697353
-23839559 -86537024 43799558 -7480643
-77485537 -62078283 -42698243 76440287
-61199076 -99132066 -11769908 -28975160
-94969780 47326732 -31811153 87199185
-91847552 -6141452 -34409905 54224319
-94969780 -94969780 -82525060 -30383415
-34716980 -75419280 -31245831 -49720980
47326732 -21886628 53865248 83714931
-85101171 -63747226 -34716980 47326732
-91892355 -91847552 98333733 54621316
-11769908 -80726275 49976348 25551216
62599790 -82768138 85693776 -48778960
54224319 -22026586 98333733 43799558
-69434852 -24115485 50052094 31403857
-31245831 19749475 43777042 43777042
-87750231 -31811153 -57579805 45247943
-34716980 -57579805 -34409905 63979231
-77397720 -59884262 -53182815 11885788
49976348 -86537024 59762248 -42698243
-95640000 -77485537 -4148584 -63747226
-61199076 -62078283 31403857 -49720980
-94969780 1965460 49976348 59762248
24279845 -86537024 85693776 -34716980
-87750231 -88249421 -62078283 15917222
-87649670 -22432913 -82950002 18986643
-81741452 -55372873 -67730067 50052094
-69434852 -53182815 -4148584 45549745
-74562674 -77397720 38840269 318313
-91200383 -87750231 15345418 77095982
-19786099 -87649670 -11769908 76440287
13337206 -7480643 50052094 49976348
-85101171 -52448279 14224241 -22026586
-87649670 -62078283 -65890474 -24289934
-50832360 9421431 77095982 80328675
-74562674 -82950002 1965460 6962905
-82768138 -88990134 47326732 -50832360
19749475 -49720980 49976348 38840269
-77397720 -52448279 -19262141 31403857
-87750231 -30383415 -69434852 -24289934
-26924811 -3631895 -3631895 73234958
-24289934 -82768138 318313 38840269
-57579805 -91200383 -31245831 -21886628
-82387253 -99132066 95359292 11885788
-88438505 -21088371 25587664 13337206
-10911604 15917222 6962905 50052094
-97700985 -48778960 -22432913 16788338
-55372873 -87649670 95359292 -34409905
-21886628 -80726275 61326722 -7480643
-6141452 -82525060 -3631895 77095982
-82525060 -75419280 95359292 -57579805
-87750231 -82768138 -62078283 -6141452
-19262141 -7480643 15345418 11885788
-34716980 -80726275 -19697353 54621316
-31811153 1965460 -19697353 15917222
-52468103 -82950002 -34716980 45247943
-90130186 -77485537 77095982 59762248
-28975160 -81741452 17050985 -34716980
-3631895 -61920075 25587664 13337206
43799558 15917222 47326732 43777042
318313 -88249421 16788338 -50832360
-80278318 -80726275 -29295976 38840269
-95640000 -58814443 -19262141 16154720
-30383415 -61920075 50052094 62599790
-69434852 -87750231 -29295976 -62078283
-87649670 -81741452 -22026586 -30383415
-50832360 -55372873 -34716980 -34046482
-22432913 -88990134 61326722 11643316
-24289934 -95640000 31403857 -49720980
-91200383 -31811153 -40368229 43777042
-52561018 34084948 83714931 56346306
-77485537 43777042 -23839559 59762248
-63306628 31403857 16154720 90049040
-80726275 -3631895 95359292 17050985
-7480643 -9451834 90049040 6962905
-86537024 -88249421 318313 26025669
-87649670 25551216 -19786099 45247943
4140392 61326722 25587664 62599790
-31811153 -62078283 -22432913 34084948
-31811153 -80278318 318313 -22026586
45247943 -4148584 53865248 9421431
-90130186 51577006 -86537024 80328675
-61199076 73234958 -57579805 95359292
-6141452 -82387253 52044846 -65890474
9330928 -6141452 87199185 9330928
-61920075 -99132066 -42698243 -69434852
14224241 -88249421 53865248 15917222
-77485537 -61199076 38840269 19749475
14224241 -82525060 24279845 -10911604
-74562674 -26924811 -26924811 17050985
-59884262 -62078283 83714931 -52448279
-85101171 -85101171 19749475 -59884262
-67730067 -99132066 34084948 13337206
-55372873 -69434852 -34716980 -34716980
-91200383 -80278318 38840269 -59884262
-21886628 65757755 49976348 95359292
45549745 -57579805 84503205 43777042
34084948 -74562674 83714931 26025669
11643316 -82525060 59762248 -34716980
-22432913 83714931 47326732 85693776
-22432913 16788338 -19786099 47326732
-90130186 -9451834 -33477240 95359292
-42698243 -34046482 59762248 52044846
-34716980 -19697353 38840269 63979231
-87649670 -87649670 14224241 43799558
-94969780 -80278318 17050985 -24115485
-88990134 -50832360 43799558 31403857
-74562674 -26924811 -31245831 31403857
-59884262 -67730067 -24115485 -34409905
-80726275 -90130186 95359292 15345418
-79025281 -30383415 90049040 -22026586
-80726275 -21886628 -19262141 -19786099
-82525060 -97700985 54224319 77095982
-69434852 -91892355 -65890474 -61199076
77095982 -53182815 90049040 77095982
-77485537 -19262141 -19262141 87199185
-52561018 -53182815 38840269 -26924811
34084948 318313 52044846 62599790
-19786099 -82768138 -19262141 -11769908
-95640000 -99629755 -28975160 45549745
-82525060 -3631895 11643316 95359292
-75419280 -26924811 24279845 14224241
54621316 -24289934 56346306 -22026586
-88249421 -85101171 -19786099 56346306
-22026586 -53182815 77095982 -31245831
-21088371 -91847552 59762248 83714931
-50832360 -63747226 -31245831 9330928
-80726275 -77397720 -29295976 -6141452
-97700985 -88990134 6962905 87199185
-80278318 15917222 98333733 90049040
45549745 -87649670 61326722 -86537024
-82768138 -91847552 -62078283 -65890474
-34716980 -94969780 -30383415 -82768138
-80726275 -21886628 -48778960 16154720
-34716980 -63306628 15345418 6962905
-42698243 -62078283 11643316 -48778960
-19262141 -59884262 63979231 16154720
14224241 -34409905 53865248 11885788
-49720980 -95640000 52044846 62599790
-49720980 -82768138 -21088371 11643316
-88249421 -87649670 6962905 -62078283
-55372873 -9451834 56346306 45549745
-99132066 -99132066 38840269 -53182815
-42698243 318313 65757755 49976348
-75419280 -59884262 14224241 84503205
53865248 -34409905 62599790 -22432913
-87750231 -88990134 73234958 -49720980
-69434852 -91200383 -22026586 -59884262
-26924811 43799558 45247943 54224319
-49720980 -62078283 -9451834 -24115485
-80278318 -42698243 -61920075 38840269
-91892355 -63306628 -4148584 4140392
-87750231 -69434852 -40368229 -11769908
-82950002 -19262141 56346306 65757755
-77485537 -19262141 -28975160 9421431
-61199076 -52561018 45247943 1965460
-69434852 16154720 -52561018 18986643
-87750231 -81741452 61326722 -57579805
15345418 -77397720 50052094 -58814443
-24115485 -99132066 76440287 84503205
-22026586 -52468103 17050985 4140392
38840269 -9451834 73234958 25587664
-88438505 -88990134 318313 -52468103
17050985 -55372873 54224319 9421431
-80278318 -88249421 77095982 -80726275
-59884262 -97700985 61326722 -48778960
43777042 -82387253 51577006 77095982
-42698243 -34409905 -4148584 25551216
-57579805 -23839559 -26924811 15917222
-81741452 -30383415 25587664 -6141452
-40368229 -95640000 59762248 84503205
-95640000 -4148584 43799558 14224241
-99132066 -50832360 -22026586 54224319
-42698243 -94969780 -3631895 4140392
65757755 -99629755 90049040 -65890474
-82768138 318313 85693776 45549745
-91892355 -40368229 -55372873 4140392
-59884262 -99132066 13337206 -21886628
-63747226 -99629755 43799558 -52561018
-67730067 19749475 53865248 43777042
-87750231 -88249421 -21088371 1965460
-87750231 -26924811 25587664 14224241
-7480643 -49720980 6962905 76440287
-59884262 -80278318 24279845 38840269
19749475 -49720980 62599790 52044846
17050985 -82387253 25587664 83714931
1965460 49976348 25587664 54224319
-34409905 -65890474 17050985 62599790
-79025281 -80726275 -75419280 -77397720
-58814443 -94969780 43777042 -65890474
11643316 -31811153 47326732 -3631895
-99629755 -91847552 -75419280 -22432913
11885788 -99629755 52044846 26025669
-86537024 -82387253 65757755 1965460
-59884262 -22026586 -23839559 -19786099
47326732 -50832360 85693776 1965460
18986643 -91892355 98333733 17050985
-31245831 -75419280 -21088371 80328675
15917222 -67730067 62599790 -6141452
-7480643 -63306628 31403857 -53182815
-19786099 -22432913 87199185 38840269
-22432913 9421431 38840269 76440287
-58814443 -88990134 -23839559 -48778960
-50832360 1965460 17050985 31403857
-58814443 -99629755 -11769908 -82950002
-57579805 -79025281 83714931 -9451834
14224241 -28975160 38840269 90049040
15917222 -82950002 80328675 -42698243
-31811153 -81741452 -23839559 14224241
-94969780 -50832360 13337206 54224319
-91847552 -62078283 -63747226 18986643
-52561018 43777042 59762248 73234958
-29295976 -4148584 19749475 98333733
9330928 -59884262 76440287 76440287
-67730067 -52468103 9421431 76440287
4140392 -99132066 16154720 -52448279
-86537024 -58814443 -11769908 16788338
-82768138 -79025281 98333733 45247943
15345418 -80726275 54224319 9330928
-22432913 47326732 31403857 50052094
-87750231 -6141452 19749475 14224241
-59884262 -31245831 25551216 45247943
-90130186 -82950002 13337206 -24289934
-79025281 -99132066 -6141452 -75419280
-99132066 9421431 13337206 84503205
-77397720 -62078283 4140392 1965460
-61199076 -3631895 -21886628 80328675
-87649670 -55372873 9330928 -10911604
-87649670 -10911604 50052094 56346306
-80278318 45549745 -34409905 53865248
-55372873 -11769908 -22432913 14224241
318313 1965460 95359292 76440287
-11769908 -74562674 9421431 73234958
-63306628 17050985 -24115485 47326732
-81741452 -55372873 15917222 51577006
-31811153 -90130186 -22026586 4140392
-11769908 -97700985 25587664 65757755
-79025281 -91200383 45247943 -85101171
-63306628 -82768138 17050985 14224241
16154720 -58814443 31403857 19749475
31403857 -33477240 34084948 56346306
-77485537 -94969780 52044846 85693776
-77485537 -81741452 -11769908 76440287
-99629755 -19262141 -63306628 25551216
4140392 -88438505 84503205 -24289934
-80726275 -81741452 4140392 -29295976
-82387253 -31245831 15345418 4140392
-19697353 -81741452 -4148584 13337206
-59884262 -87750231 24279845 -19786099
-88249421 -19262141 -26924811 54621316
-52468103 -82768138 15917222 -19697353
-26924811 45247943 54621316 84503205
318313 -79025281 18986643 -69434852
-61920075 -88249421 63979231 -11769908
-65890474 9330928 -57579805 43799558
-91892355 -86537024 13337206 -23839559
-91847552 -63306628 56346306 318313
-85101171 -87649670 -34046482 16788338
-75419280 -59884262 31403857 -52468103
-74562674 -65890474 -26924811 52044846
-79025281 -80278318 -22432913 16154720
-31811153 9330928 -3631895 73234958
-33477240 -80726275 31403857 15345418
-91892355 -57579805 -21886628 -49720980
-88990134 -52561018 318313 24279845
16788338 -74562674 26025669 -10911604
-88990134 -91200383 -82950002 65757755
-58814443 -7480643 -49720980 43777042
-34046482 -26924811 4140392 -24115485
-67730067 -40368229 16154720 15345418
-7480643 -63747226 77095982 -42698243
-69434852 -91200383 -33477240 -34409905
-53182815 -91892355 -28975160 -34046482
-91892355 -28975160 59762248 25551216
-75419280 9421431 51577006 43799558
-74562674 -3631895 34084948 1965460
-88438505 -85101171 -26924811 -40368229
-77485537 6962905 -29295976 11885788
-59884262 -91200383 62599790 -28975160
-91892355 -21886628 56346306 54621316
34084948 19749475 83714931 26025669
-6141452 -86537024 56346306 11643316
-80726275 -52561018 25587664 51577006
-82525060 -77485537 15917222 25551216
-99629755 85693776 83714931 95359292
-53182815 -59884262 15345418 -30383415
-88990134 -4148584 -87649670 47326732
-80726275 -77397720 -75419280 -59884262
-61920075 -62078283 45549745 98333733
-81741452 -9451834 -21088371 52044846
-34046482 -52448279 -22432913 6962905
16788338 -82950002 65757755 -33477240
-62078283 -24289934 62599790 24279845
-82525060 -75419280 -33477240 59762248
-49720980 54621316 25551216 63979231
-30383415 -86537024 50052094 -22026586
-10911604 -82768138 65757755 -52561018
-3631895 38840269 62599790 90049040
-99132066 65757755 -53182815 83714931
-30383415 -40368229 15345418 43777042
11643316 -67730067 54224319 -40368229
-58814443 -82768138 11885788 -79025281
47326732 -7480643 83714931 95359292
-52468103 -88990134 47326732 54621316
-94969780 318313 -80726275 11885788
-94969780 -58814443 -21088371 54224319
-87649670 -7480643 -34716980 25551216
-85101171 -33477240 83714931 -19262141
-88438505 -91200383 -40368229 98333733
-90130186 56346306 -42698243 76440287
-75419280 16154720 25551216 16788338
-77397720 15917222 -55372873 73234958
-33477240 -86537024 -24115485 77095982
-67730067 -88990134 -50832360 -59884262
-23839559 15917222 73234958 49976348
-63306628 63979231 -52468103 87199185
-87750231 -99132066 -33477240 -34409905
-82525060 -88438505 19749475 25587664
-29295976 -99629755 45247943 -50832360
-31245831 -50832360 54621316 -29295976
9330928 11885788 53865248 53865248
-79025281 -74562674 25587664 -23839559
-88990134 -10911604 45549745 90049040
-91847552 -31811153 19749475 -22432913
-82387253 -94969780 56346306 77095982
-81741452 -61199076 54224319 84503205
-94969780 13337206 47326732 63979231
45549745 -58814443 90049040 -24115485
-74562674 -75419280 65757755 50052094
-77485537 -6141452 11643316 14224241
-79025281 -21886628 47326732 54621316
-82950002 -87750231 -58814443 83714931
-24115485 -48778960 17050985 -24115485
-55372873 53865248 76440287 63979231
-50832360 -77485537 25551216 -34409905
-99629755 14224241 -31811153 62599790
-90130186 -28975160 87199185 56346306
4140392 15917222 56346306 31403857
-52468103 -61199076 -7480643 61326722
-85101171 -74562674 -81741452 -48778960
45247943 -87649670 98333733 90049040
-61199076 -75419280 87199185 -74562674
-23839559 -82387253 59762248 -77397720
-34409905 49976348 -29295976 73234958
-99132066 15917222 83714931 90049040
31403857 -28975160 83714931 43777042
11885788 -95640000 14224241 -67730067
-82525060 -61199076 11643316 -19697353
-61920075 -28975160 15345418 17050985
-88438505 -85101171 -34716980 -82950002
-77485537 -10911604 -4148584 13337206
56346306 -91892355 61326722 34084948
-22432913 -88438505 -7480643 -59884262
-77485537 14224241 47326732 52044846
11885788 -80278318 16154720 -61920075
-82387253 -97700985 84503205 56346306
-22432913 -91847552 4140392 54224319
15345418 -34046482 84503205 26025669
-34716980 -21886628 4140392 62599790
-33477240 -99629755 59762248 -88438505
-21088371 -34716980 76440287 50052094
-99132066 -94969780 -91892355 54224319
-87750231 -31811153 50052094 -22432913
-52448279 -85101171 26025669 -74562674
-9451834 -99132066 -3631895 9421431
-23839559 -63306628 -4148584 -62078283
-91200383 -91847552 25551216 6962905
-34409905 -82525060 -34046482 31403857
-91847552 -61920075 98333733 -34716980
-82950002 -34409905 49976348 -34046482
16788338 -82387253 95359292 -67730067
-82950002 -65890474 -19697353 16788338
-79025281 -52561018 -63306628 9330928
-69434852 -91200383 4140392 -26924811
-31811153 -24289934 65757755 59762248
-81741452 -48778960 -3631895 19749475
-63747226 -99132066 34084948 85693776
-94969780 -86537024 -6141452 11885788
-52561018 -63306628 53865248 54224319
-67730067 -52448279 -55372873 -48778960
-90130186 -34409905 -61920075 14224241
-91847552 24279845 6962905 45247943
-3631895 -21886628 85693776 -19262141
-10911604 -21886628 95359292 11885788
83714931 1965460 95359292 52044846
-88249421 -63306628 38840269 25587664
-34409905 -82768138 -9451834 -62078283
-87649670 -88438505 -69434852 25551216
-3631895 -75419280 73234958 54224319
16788338 -29295976 49976348 14224241
-61920075 -34046482 -3631895 24279845
-52561018 16154720 -3631895 54621316
-48778960 -65890474 11885788 -21886628
-63306628 -85101171 -24115485 -67730067
-88249421 -81741452 -82768138 -58814443
-53182815 -52468103 -34046482 -21886628
-95640000 -99629755 -21088371 -34716980
-94969780 -91892355 -48778960 83714931
-82950002 -31245831 31403857 54224319
-34409905 -75419280 -10911604 73234958
-82768138 -91200383 -22026586 19749475
-88249421 -53182815 51577006 47326732
-82525060 -87750231 -80278318 -34716980
-63747226 -88438505 4140392 25551216
9421431 -52561018 77095982 -22432913
-97700985 -87649670 -90130186 -50832360
-86537024 -87750231 77095982 -24115485
-22026586 -95640000 -3631895 11885788
-67730067 -91200383 -7480643 43799558
-80726275 -88990134 25587664 -82525060
19749475 -79025281 73234958 1965460
51577006 -87649670 90049040 15345418
-91200383 1965460 9330928 47326732
6962905 -65890474 16154720 -24289934
-82525060 52044846 -19697353 73234958
-88438505 -95640000 -53182815 73234958
-86537024 -26924811 -62078283 -3631895
6962905 -57579805 56346306 15345418
-62078283 -81741452 77095982 11885788
-53182815 53865248 -19262141 84503205
16788338 -55372873 65757755 -7480643
-34716980 -99132066 56346306 -31811153
-52448279 -61199076 -9451834 61326722
6962905 -58814443 16788338 -52561018
-80726275 -22432913 -31245831 95359292
-61199076 -22026586 -23839559 83714931
-79025281 -58814443 -48778960 -19697353
-61920075 -42698243 43777042 15917222
18986643 43799558 31403857 52044846
-61199076 -81741452 45247943 62599790
-21886628 -55372873 84503205 -34046482
-87649670 -77397720 -61199076 43777042
-77397720 -91892355 11643316 -21088371
-61920075 17050985 -28975160 45549745
-91847552 87199185 -40368229 98333733
-49720980 -21088371 -9451834 47326732
-22432913 -91892355 43799558 54621316
4140392 -26924811 59762248 51577006
-65890474 31403857 4140392 87199185
-53182815 -82387253 -29295976 56346306
-99132066 -85101171 -21886628 318313
-19262141 -24115485 77095982 50052094
-82950002 -82387253 11885788 -33477240
-80726275 -82525060 43777042 -4148584
-34409905 11885788 62599790 25587664
-49720980 -75419280 -6141452 38840269
54224319 -77485537 59762248 84503205
-58814443 -58814443 62599790 25587664
-24115485 -26924811 73234958 13337206
15345418 -49720980 25551216 -28975160
-52561018 -99132066 11885788 87199185
14224241 26025669 31403857 43799558
-82768138 -21088371 -61920075 50052094
-81741452 -82768138 52044846 -52561018
-75419280 -40368229 -62078283 9421431
-22432913 -61199076 25551216 47326732
-95640000 -97700985 318313 -40368229
-86537024 -55372873 52044846 -19697353
-99132066 -88249421 -87649670 -82950002
-22432913 -63306628 14224241 84503205
-90130186 -80726275 19749475 -61920075
-85101171 -3631895 11885788 49976348
-91200383 -91847552 -10911604 85693776
-88438505 -19697353 11885788 -19262141
-82525060 -77397720 98333733 -21088371
-52468103 -80278318 51577006 -61199076
-88990134 -74562674 -61199076 -31245831
-82950002 -82525060 -77485537 -34716980
-28975160 -75419280 87199185 -24115485
-94969780 -99132066 53865248 -21886628
-63306628 -63747226 51577006 51577006
-31245831 -99132066 -22026586 -50832360
-77397720 -82768138 -52448279 -22026586
-82387253 -81741452 -65890474 -53182815
-19786099 -88438505 38840269 15345418
15345418 -90130186 95359292 17050985
318313 -24289934 51577006 -3631895
16788338 -28975160 52044846 45247943
-29295976 -31245831 76440287 -21886628
-28975160 -99629755 90049040 49976348
-90130186 -55372873 61326722 59762248
-63306628 52044846 15345418 63979231
-82525060 -65890474 51577006 95359292
-63747226 -61199076 318313 -7480643
-91200383 52044846 73234958 77095982
-82525060 -50832360 -52468103 18986643
-91847552 -34716980 -49720980 14224241
-6141452 -80726275 83714931 13337206
-52561018 -33477240 -28975160 45549745
61326722 -11769908 65757755 84503205
-88438505 16154720 95359292 45549745
-34046482 -4148584 -4148584 26025669
-75419280 -99132066 45247943 -77397720
59762248 -9451834 61326722 90049040
61326722 -82950002 83714931 -9451834
-62078283 63979231 -52448279 98333733
-4148584 -53182815 45247943 -4148584
-23839559 -4148584 16154720 80328675
-77397720 -57579805 83714931 -19262141
-65890474 -81741452 -7480643 -63747226
-69434852 -81741452 -52561018 -58814443
-82950002 -34716980 -81741452 84503205
-99132066 -42698243 87199185 90049040
-95640000 -85101171 -87649670 25587664
-40368229 -88249421 26025669 -80278318
-30383415 -91847552 -22432913 26025669
-63747226 -52468103 43777042 47326732
76440287 -52468103 87199185 -22026586
-91847552 -58814443 25551216 87199185
4140392 -40368229 85693776 56346306
-91892355 -79025281 -52561018 16788338
-48778960 -88438505 63979231 98333733
-95640000 -63306628 318313 9421431
-65890474 -90130186 83714931 17050985
-80726275 -22026586 45247943 84503205
-75419280 63979231 -69434852 90049040
-90130186 318313 9330928 43777042
-19697353 -6141452 45549745 87199185
-99132066 17050985 9330928 90049040
-31811153 -19697353 84503205 63979231
-19697353 -63306628 61326722 45549745
-88990134 -75419280 -79025281 54224319
43799558 15917222 73234958 16154720
-52448279 -57579805 77095982 54224319
-59884262 -97700985 11885788 -24115485
-63306628 -86537024 43777042 25587664
-88990134 63979231 49976348 83714931
-49720980 -65890474 -28975160 -19697353
-61199076 24279845 -22026586 47326732
-7480643 -58814443 25587664 65757755
-61199076 4140392 16154720 50052094
-23839559 4140392 17050985 16788338
-80726275 43777042 45247943 59762248
-82525060 -82768138 85693776 -31245831
-19697353 -74562674 90049040 98333733
-31245831 -63306628 45549745 95359292
-82950002 14224241 -24115485 43799558
-86537024 -19786099 4140392 76440287
-82950002 -82387253 62599790 -23839559
-88990134 -90130186 -22432913 17050985
-88438505 -7480643 50052094 18986643
-88438505 -87649670 59762248 -6141452
-9451834 -88249421 26025669 43777042
-87649670 54621316 -79025281 76440287
-30383415 53865248 9421431 73234958
-97700985 -99629755 -85101171 -95640000
-87750231 43777042 98333733 84503205
-75419280 -90130186 -55372873 11643316
-77485537 -34409905 49976348 85693776
-40368229 -21886628 9330928 54224319
-94969780 53865248 -82525060 59762248
-94969780 -63306628 84503205 16788338
65757755 -80726275 90049040 -77397720
-61199076 -28975160 56346306 17050985
-61199076 -82387253 51577006 -69434852
-99132066 -87750231 56346306 -26924811
-29295976 17050985 26025669 24279845
-74562674 -63306628 83714931 77095982
-23839559 -88990134 9330928 38840269
-80278318 73234958 318313 87199185
53865248 -62078283 77095982 -61920075
13337206 -34046482 53865248 16788338
16154720 16788338 52044846 43777042
52044846 -28975160 62599790 45549745
-50832360 -97700985 -24289934 -77397720
-90130186 -86537024 -42698243 -59884262
-42698243 31403857 38840269 49976348
-86537024 -53182815 31403857 -6141452
-95640000 -95640000 98333733 -49720980
-11769908 -10911604 80328675 65757755
-95640000 -57579805 98333733 17050985
-61920075 -50832360 9330928 13337206
-91200383 62599790 -26924811 80328675
-23839559 -63747226 9421431 6962905
-22432913 -29295976 61326722 15345418
-67730067 26025669 -50832360 62599790
-79025281 -28975160 50052094 -6141452
-29295976 -85101171 25587664 45247943
-40368229 -52448279 -22026586 -34409905
-99629755 -82950002 11643316 -82387253
-65890474 -42698243 14224241 -33477240
16154720 15917222 54224319 51577006
-86537024 -87750231 -77485537 -82768138
-55372873 -69434852 63979231 11643316
-33477240 -6141452 53865248 14224241
-79025281 -69434852 -23839559 -58814443
87199185 -19697353 90049040 -10911604
-77485537 -24289934 9421431 -11769908
-88438505 -74562674 -87649670 25587664
-99629755 -75419280 -30383415 -28975160
19749475 -69434852 90049040 56346306
9330928 -88438505 16788338 -26924811
-75419280 -34046482 -10911604 25551216
18986643 -97700985 85693776 98333733
-52468103 -82387253 -19786099 24279845
53865248 -24289934 83714931 73234958
-75419280 -22432913 15917222 63979231
-77397720 -21088371 -50832360 45549745
-91200383 -9451834 -88438505 95359292
-30383415 -91892355 85693776 26025669
-30383415 -55372873 -7480643 -34716980
-52468103 -31245831 45247943 43799558
-74562674 -52561018 45549745 54224319
-88249421 -30383415 -87750231 17050985
34084948 -34046482 90049040 6962905
16788338 -86537024 52044846 -61199076
-30383415 -86537024 83714931 -53182815
-74562674 -85101171 -34716980 -52468103
-82525060 -62078283 65757755 -21886628
-34046482 9421431 52044846 95359292
-26924811 -95640000 -21088371 -82387253
-22026586 -94969780 11643316 -87649670
-23839559 -74562674 -19262141 13337206
-87750231 15345418 -34716980 47326732
-88990134 -88249421 76440287 -49720980
-22026586 -61920075 11885788 11885788
-88249421 -99629755 -63747226 -67730067
-61920075 -29295976 -21088371 4140392
-67730067 -53182815 -58814443 54621316
-65890474 -31811153 -3631895 -21088371
-40368229 -75419280 -34409905 -52561018
-97700985 61326722 -79025281 80328675
-10911604 -74562674 54621316 80328675
-81741452 -80726275 15345418 -63306628
11643316 -30383415 16154720 85693776
13337206 -77397720 25587664 63979231
-21088371 -28975160 26025669 -19262141
-61199076 -80726275 -42698243 56346306
-87750231 1965460 90049040 9330928
-22432913 26025669 65757755 47326732
15345418 43777042 73234958 95359292
-85101171 -94969780 -9451834 -74562674
-80726275 -61920075 47326732 -31245831
-65890474 49976348 -22026586 95359292
-87750231 -49720980 18986643 43799558
-19262141 -19786099 31403857 84503205
-34716980 -24115485 49976348 4140392
-91892355 -34409905 -52561018 -26924811
-85101171 -19697353 -19786099 24279845
-6141452 25587664 24279845 62599790
-26924811 -53182815 13337206 87199185
-65890474 -31811153 49976348 24279845
52044846 -28975160 95359292 65757755
-50832360 -63306628 51577006 90049040
-77397720 -24115485 -59884262 56346306
50052094 -31811153 65757755 18986643
-34716980 -77485537 -19786099 -65890474
-81741452 -95640000 -77397720 -22026586
-24115485 -87649670 26025669 16154720
-22432913 -30383415 59762248 77095982
318313 -82525060 98333733 -63306628
1965460 54621316 73234958 84503205
-52468103 -85101171 -19697353 -77485537
-28975160 -77485537 51577006 11885788
-50832360 -91847552 -34716980 54621316
-65890474 -49720980 -62078283 -34046482
-91847552 -82768138 -82387253 43777042
-58814443 47326732 -53182815 83714931
-82387253 -63747226 -63306628 11643316
-24115485 -63306628 16788338 16154720
-3631895 -11769908 77095982 -6141452
-24289934 -88249421 84503205 -63306628
-19786099 43799558 19749475 63979231
-77397720 -65890474 -49720980 77095982
-55372873 -88990134 -3631895 -28975160
-74562674 -67730067 -52468103 -22026586
-79025281 -31811153 -19697353 63979231
-87750231 -9451834 26025669 9330928
11885788 -80726275 85693776 45549745
-79025281 -95640000 83714931 -9451834
-88249421 -90130186 95359292 -9451834
-97700985 25551216 25587664 51577006
-67730067 53865248 -29295976 61326722
9330928 -94969780 11643316 -31811153
-82387253 -52468103 -30383415 77095982
-40368229 43799558 -31811153 87199185
-63747226 -79025281 318313 85693776
-50832360 -3631895 9421431 14224241
-82950002 -33477240 76440287 45549745
-85101171 16788338 -79025281 87199185
-63747226 -75419280 61326722 47326732
9421431 -61199076 15917222 -53182815
-79025281 -11769908 73234958 43777042
-99132066 -19262141 52044846 63979231
-79025281 -23839559 -62078283 11643316
-67730067 -91847552 11885788 31403857
-10911604 -28975160 98333733 24279845
-3631895 31403857 6962905 53865248
-49720980 -69434852 54224319 11885788
-19786099 -90130186 54224319 -4148584
-90130186 -82525060 62599790 -74562674
-53182815 -19786099 -31245831 -10911604
9421431 -88990134 16154720 -82387253
-33477240 54621316 15345418 98333733
-48778960 -22026586 83714931 15917222
-21088371 -24115485 17050985 43799558
43799558 34084948 84503205 54621316
-63306628 -30383415 -61920075 -4148584
-24289934 -42698243 53865248 52044846
-82768138 -28975160 -34046482 -4148584
-30383415 -99629755 11643316 -99132066
-69434852 -31245831 -52468103 -19697353
318313 -57579805 76440287 -11769908
-49720980 61326722 -42698243 98333733
-26924811 -82387253 -24289934 4140392
-82768138 -77485537 -31245831 84503205
-75419280 -34046482 -61920075 -10911604
-31811153 -67730067 -21088371 -22026586
-40368229 -82768138 83714931 11643316
-62078283 -58814443 -29295976 -31811153
-88249421 -87649670 -19262141 -42698243
-87649670 -88990134 -52448279 -61199076
-10911604 -57579805 1965460 15345418
14224241 -58814443 18986643 56346306
11643316 -34409905 76440287 -10911604
-77485537 -19262141 -9451834 16788338
-7480643 -19786099 84503205 52044846
-90130186 -59884262 -80278318 47326732
-42698243 -95640000 25587664 -4148584
-97700985 -50832360 -28975160 98333733
-91200383 -3631895 -49720980 83714931
-91892355 -77485537 34084948 54224319
-29295976 11885788 16788338 25551216
-82768138 -82950002 -31811153 318313
15917222 -82525060 76440287 45247943
-88249421 -19697353 -74562674 25587664
-87750231 -82768138 85693776 56346306
-40368229 -55372873 -21088371 18986643
-61920075 -88249421 -52468103 -82768138
62599790 -31245831 65757755 53865248
-99629755 -48778960 16788338 62599790
-90130186 -99629755 -22432913 77095982
-4148584 -34046482 45549745 -23839559
-24115485 -75419280 14224241 95359292
-22432913 -42698243 16788338 -29295976
16788338 -29295976 85693776 95359292
-52448279 -91892355 -31245831 11643316
-79025281 45549745 54621316 77095982
65757755 -99629755 84503205 98333733
-88990134 1965460 -7480643 43799558
-69434852 6962905 -31245831 62599790
-61199076 -86537024 84503205 -82387253
-4148584 -94969780 9421431 54621316
9330928 -9451834 38840269 83714931
-88990134 -23839559 83714931 -11769908
-23839559 -88249421 87199185 -29295976
-90130186 -75419280 85693776 -24115485
-65890474 -87649670 24279845 -80726275
-49720980 -63306628 -48778960 54224319
-77397720 -77397720 63979231 45549745
-53182815 318313 -22432913 54621316
-69434852 -85101171 -33477240 -49720980
-31811153 -95640000 -28975160 54224319
-52448279 -75419280 45549745 -69434852
-79025281 -61199076 -22026586 -23839559
-57579805 -99132066 -10911604 -31811153
-49720980 -91892355 84503205 -19786099
-34716980 -79025281 90049040 53865248
-74562674 43777042 -57579805 63979231
-82768138 25587664 59762248 95359292
-58814443 -80726275 25551216 -31811153
-42698243 -49720980 -7480643 45549745
-91200383 -58814443 9421431 -9451834
17050985 -79025281 65757755 50052094
-48778960 -21886628 56346306 11885788
15345418 -99132066 43777042 31403857
-58814443 -74562674 -34716980 45549745
34084948 -91847552 65757755 -82525060
-80278318 -50832360 -42698243 62599790
-97700985 -34409905 11643316 49976348
-59884262 25551216 54224319 59762248
-33477240 -33477240 85693776 31403857
24279845 18986643 52044846 83714931
-42698243 -77485537 -6141452 -61199076
73234958 -42698243 87199185 318313
25551216 -95640000 61326722 18986643
-52448279 -80278318 -31245831 -52561018
-61199076 -50832360 25551216 80328675
-49720980 -61199076 56346306 -34716980
-21886628 13337206 45549745 45247943
1965460 -75419280 9330928 -49720980
-61199076 -63306628 17050985 45247943
-21088371 -52561018 16154720 9330928
-53182815 -62078283 98333733 18986643
-88249421 -63306628 54621316 -7480643
-82387253 47326732 50052094 73234958
-94969780 54224319 -58814443 90049040
-40368229 -85101171 -21886628 -67730067
-52448279 -57579805 95359292 25587664
-57579805 -97700985 -19786099 -21088371
-99132066 -40368229 -88249421 83714931
-49720980 -28975160 34084948 45247943
-58814443 -61920075 59762248 -22432913
31403857 -40368229 45549745 84503205
-63747226 45247943 87199185 62599790
-22026586 -23839559 -21088371 16154720
-87750231 -91200383 19749475 76440287
-67730067 -22026586 84503205 45549745
-86537024 18986643 -82768138 83714931
4140392 4140392 45247943 76440287
-65890474 -63747226 -4148584 6962905
-55372873 -19262141 38840269 54224319
-87649670 -80726275 15345418 73234958
-82768138 -97700985 47326732 -58814443
-88249421 -86537024 -52448279 85693776
-82950002 -55372873 -19262141 4140392
-67730067 -23839559 47326732 65757755
-85101171 -80726275 -57579805 13337206
-55372873 -85101171 -3631895 -6141452
-22432913 11885788 -6141452 16154720
-82525060 9330928 14224241 77095982
-52468103 50052094 43777042 73234958
6962905 -62078283 65757755 -4148584
-52448279 -50832360 14224241 -11769908
-63747226 -11769908 31403857 61326722
-82525060 -49720980 -50832360 9330928
-61199076 -19262141 45549745 38840269
-65890474 1965460 43799558 38840269
-63306628 -22432913 -57579805 9421431
11885788 -11769908 19749475 43799558
-33477240 -21088371 45549745 43799558
-91847552 -99629755 -61920075 -80278318
19749475 -53182815 51577006 62599790
-52448279 -59884262 53865248 -22432913
-63747226 -91200383 38840269 19749475
-19697353 -59884262 18986643 50052094
62599790 -67730067 83714931 59762248
-24289934 -88990134 43777042 45549745
-58814443 -63306628 18986643 49976348
-67730067 -11769908 -61199076 50052094
-53182815 -62078283 73234958 19749475
-52468103 38840269 24279845 90049040
-75419280 -9451834 318313 318313
-95640000 -67730067 -86537024 -28975160
-79025281 54224319 84503205 76440287
-67730067 -81741452 56346306 -49720980
45549745 -69434852 61326722 24279845
-90130186 -24115485 -65890474 4140392
-19262141 -33477240 38840269 31403857
26025669 -10911604 76440287 16788338
-77397720 -81741452 54224319 84503205
-82525060 -69434852 -21886628 16788338
-24289934 -7480643 -7480643 54224319
-86537024 -65890474 -63306628 9421431
-82387253 -63747226 13337206 11643316
-10911604 -95640000 50052094 16154720
-99629755 -22026586 50052094 52044846
-91847552 -52448279 63979231 -34046482
-55372873 -52448279 -52448279 9330928
-99132066 -52448279 4140392 1965460
-77397720 34084948 -34716980 84503205
-88249421 -86537024 50052094 61326722
15917222 -65890474 90049040 -34046482
-85101171 9330928 -74562674 15345418
-99132066 -62078283 -90130186 11885788
-21088371 -77397720 62599790 45549745
31403857 -82768138 77095982 19749475
-48778960 47326732 -4148584 54224319
80328675 -87649670 84503205 84503205
59762248 -95640000 62599790 85693776
-53182815 49976348 16154720 65757755
-99629755 -40368229 -86537024 15917222
-52448279 9421431 -23839559 95359292
-22026586 -69434852 -19786099 11885788
-52468103 -95640000 80328675 15345418
-23839559 -90130186 90049040 -87649670
-87649670 -21886628 -42698243 77095982
-95640000 -82525060 62599790 -79025281
-95640000 -10911604 -19786099 19749475
-97700985 -69434852 -49720980 43799558
-52561018 -61199076 25587664 98333733
-67730067 -40368229 -57579805 9421431
-62078283 -62078283 50052094 95359292
-48778960 -82950002 -31811153 6962905
-82768138 -21886628 -10911604 -3631895
-88249421 14224241 84503205 98333733
-88990134 -24115485 25587664 76440287
51577006 -95640000 52044846 -69434852
45549745 38840269 65757755 56346306
-29295976 -79025281 11885788 19749475
-82768138 -33477240 -77485537 318313
-57579805 -63306628 45549745 -19262141
-63306628 -48778960 -29295976 76440287
-82525060 -19262141 24279845 43777042
-63747226 -50832360 95359292 50052094
-21886628 -82950002 85693776 -50832360
-85101171 -48778960 -52448279 4140392
34084948 -82387253 59762248 9330928
-21886628 65757755 90049040 87199185
-21088371 15917222 73234958 73234958
16154720 -99132066 31403857 -67730067
-55372873 -94969780 1965460 1965460
-26924811 4140392 18986643 61326722
11885788 -88438505 85693776 -21088371
-33477240 -91847552 80328675 -59884262
-50832360 11643316 -33477240 45549745
-97700985 -90130186 15345418 -74562674
-61199076 -42698243 16154720 4140392
-9451834 -69434852 -6141452 -19262141
-86537024 -34716980 -63747226 95359292
11885788 -91892355 80328675 -34046482
-57579805 -82768138 -22432913 49976348
-61920075 -42698243 43777042 43777042
-91200383 -80278318 -34409905 13337206
-33477240 -3631895 14224241 50052094
17050985 -3631895 85693776 43799558
-80278318 -9451834 95359292 80328675
-65890474 -30383415 -11769908 4140392
-31811153 -88249421 6962905 -28975160
-61199076 -91847552 49976348 84503205
16154720 -75419280 62599790 -33477240
-87750231 -82768138 51577006 26025669
17050985 -77485537 19749475 13337206
-24289934 34084948 -4148584 87199185
54621316 4140392 76440287 16788338
-49720980 18986643 85693776 56346306
-53182815 -48778960 -10911604 95359292
54621316 -85101171 95359292 9330928
-91847552 -91847552 -81741452 9421431
-40368229 -88990134 25551216 9330928
-69434852 9421431 -24289934 14224241
-58814443 -61920075 -19786099 -58814443
-19697353 -52561018 11643316 85693776
-81741452 16154720 16154720 18986643
-62078283 11643316 43799558 51577006
-61199076 -48778960 13337206 -9451834
-87750231 -57579805 -33477240 84503205
-52448279 -58814443 -23839559 15345418
17050985 -58814443 73234958 -21088371
-34046482 26025669 50052094 77095982
-61199076 43777042 90049040 43799558
-91200383 -87750231 -10911604 26025669
-42698243 14224241 16788338 84503205
