1000 -168873470 -163808643
59531489 8209875 76992374 58509912
-17460076 -24037827 46931020 58665405
-37989403 18287142 90219511 44740882
-587167 -86619711 27129141 -2735043
-75523989 -10884756 -24510962 77608968
-20562206 -54437470 40183976 79460839
-579259 -53916982 13157449 21145717
-13371693 -55699442 89527161 85769792
-53681966 -92618856 63547651 17229021
-80438059 -70672672 -67694914 -49016321
15358980 -41509987 97281817 -32582823
-82282315 -92266532 -80367169 41205453
-13790374 4038666 45863649 15358980
61390219 40096679 69417258 89839845
35906184 61954888 99263948 85384046
-42652952 -37886119 29054155 1264924
297993 46369716 72772695 69989538
5956916 -5203665 28040323 66054939
-94801236 -23473168 -21143918 12957576
-24694165 -92028244 -21143918 28252696
29054155 -93883519 39087775 10747309
-66757936 -95548963 75253759 9831674
9037752 -63731421 77445748 75182911
28252696 -89490832 37767005 -74784351
-111472 -52612115 21842494 -20620506
-91670837 66772878 66713747 89527161
-13790374 -13751059 -1435913 42759347
28919165 -47659656 46683842 5594779
-27377256 -35297382 -2749284 -4058592
-31729286 19161591 949295 69858567
69469926 -69135591 96630252 16959935
-90403153 -91246763 10747309 55819777
33760690 -41275191 72772695 16420736
12246370 -82887380 21145717 78995517
-31340785 -13664661 11630316 -3282863
-83140549 -52079643 35890973 72576309
-68889102 17247329 40623362 53669176
14308381 -55695048 71163088 -13371693
73623256 -58746728 90219511 62246065
-56506672 -55695048 94385013 36383005
-22831251 24447528 -5342154 83755876
-68980642 27886630 75253759 38890932
-15072095 28040323 74622201 71163088
-49016321 -58890476 3523126 61390219
-47659656 28526854 70673185 76150728
-49285758 -6484918 -6716984 35890973
297993 -64105577 86395311 1264924
12084657 -84359031 58665405 -75411186
-68889102 -22043804 73193516 41202811
42305647 -69394060 50397755 -24960427
62789831 -23673048 78995517 -13104596
-86551857 -10710842 -3480769 33947636
10737285 -99961537 58222956 15812494
-50592917 -20796688 -19536256 58509912
-46921263 -62534721 49233876 10069297
-54437470 -21143918 -579259 86395311
-74212390 53669176 -6716984 97700142
-8049501 42778177 61288575 76992374
-42877829 -74212390 -41151094 38013772
-32215518 -7637538 58222956 87333823
-47263026 949295 -16076473 77997559
-44156109 -62852376 63547651 -34389772
-64309294 -46921263 -52612115 61953627
-20217566 -41338161 77997559 16420736
-69135591 -53470464 -7637538 33760690
-6716984 -36904888 62246065 -3158282
-50592917 -77027485 -43309853 -24510962
28919165 -90787332 47315553 59531489
-98371397 11630316 10833677 49483683
-62918784 -61329878 -32567904 -16578237
-41509987 -73459266 8160086 -16578237
-37205771 -8049501 70236423 37989580
18287142 -24694165 24054424 91246831
-32582823 -76521489 49483683 -10710842
-91246763 -67704186 62926774 -3158282
-64105577 45310650 42020014 89527161
46369716 -47659656 65295231 -30089020
-43232513 -60794682 10747309 28951396
-32289909 -56506672 -3480769 -9516828
3720914 -43988216 81013513 19161591
9037752 -73071270 64480880 93463328
-2650853 -32880928 89527161 8160086
-87516012 -62339279 -34389772 -51816692
-22831251 -91246763 11040723 -40361834
81905262 -68515259 84003554 33760690
-47263026 -34231987 21145717 -25547882
-85613430 15098072 -55653062 46853549
-49285758 -69817976 64480880 55179049
30014348 41205453 93568913 76992374
-42652952 -61114435 1969770 86097804
-36700612 -15072095 40263311 4038666
-59312161 -38014770 17186186 67465292
-49285758 -64708565 18287142 33968029
45448152 -39893593 84003554 72227274
-80187404 -69933816 74622201 77997559
-74694436 16394764 53509050 21057297
-90403153 -16862763 -65311622 14879579
-840411 -52056435 96630252 94385013
-60183744 10608028 -37886119 40242215
-13790374 -53916982 97700142 10531661
-63731421 -89509189 -16578237 -24694165
-68889102 -71144420 86395311 -42126333
-58890476 -29224233 26866637 12079127
-66764588 -91956725 -24694165 45863649
-78443246 -90698835 -5299526 -31950346
-67723189 -62919424 73824248 54512920
-27577288 17229021 26086524 30014348
-70027724 -77766986 -66780698 16420736
-88716214 -43988216 62789831 10531661
-74463650 -32859781 -44017070 71603700
63547651 3720914 86395311 16959935
93463328 -95885241 98134780 -1087243
-66764588 -89509189 36383005 -3480769
52308777 -87721111 58509912 40096679
-70711623 36334612 46369716 89839845
-32859781 -85559336 20708787 -84920481
-97288792 -13813727 -15072095 48218129
-42126333 -86551857 -25547882 -13751059
-90188443 -42612508 -12076469 91328802
-16076473 -80367169 -3158282 -66757936
39335445 -80438059 82852879 35996300
-99961537 -68889102 35191921 97952947
-50273652 -35635449 48218129 86894671
-48414204 25701035 73193516 54580277
-82887380 -24510962 -55653062 71618870
-5264761 65295231 77304508 69417258
-90188443 -5342154 -49151015 28951396
-54970283 -56605625 -3884359 66866505
-25547882 -47659656 5956916 -15443593
-26008889 -90403153 75253759 -37989403
41593087 -29505757 43916163 69873389
20053910 -94683613 28526854 -79873320
75516097 31817858 81868931 49233876
67313347 -28114874 97281817 -15072095
77997559 -90733438 90219511 36508348
-80223522 -4058592 70488879 27241207
-69340392 -78528568 55227958 91572279
-12076469 -52056435 34100510 -7599828
-64309294 -26108039 39383593 -551571
-79873320 -5299526 -9655610 79460839
-69394060 -37686986 -45071551 -587167
-42612508 -41509987 93568913 84748897
75798057 -3480769 85578322 -1435913
-71144420 -9168553 -24037827 59531489
10833677 -36904888 45105741 41248687
8683425 3523020 37989580 6949006
-87516012 -1087243 -63706265 50808524
-52056435 18287142 51620636 69989538
69520460 -78401109 85578322 -33693643
-84359031 80235471 2538698 91328802
-67694914 -81789902 30019963 -9471137
-62534721 -15826426 124474 -12076469
-80223522 4038666 19925891 84748897
-77027485 -82282315 93909535 85384046
-95885241 -39893593 74912163 72227274
-27509928 -74642688 19161591 -17906758
-80367169 24778616 28951396 91901478
-32166981 -2749284 -1435913 93349898
-83003809 -37989403 26866637 58509912
-89490832 -29505757 76150728 62143480
-20574729 9932156 83529548 66955533
-49285758 -62889939 -42652952 41205453
-64261806 -61329878 -43988216 9831674
67244286 -10884756 94768888 50808524
-60776115 -12250410 81905262 41202811
-16328030 -94490137 29054155 -23761424
-44156109 -29505757 36383005 -25177852
-66816530 -19047569 -54713481 -15443593
-90229058 22196665 96630252 55227958
-75286975 -18548096 71163088 71311596
-31340785 -9156227 81905262 40930731
6617485 -55695048 96462332 67050472
62246065 -66780698 62422097 -12076469
-50592917 -27377256 94768888 43282369
58462215 45105741 59118752 89839845
58665405 -63731421 99642408 -63100218
-88716214 -32049101 88306885 24590491
-70489789 -551571 84003554 40263311
-23673048 29054155 -16578237 61954888
-65508903 -89693361 52255101 -19536256
-25547882 62422097 94905090 88248822
62789831 -92611524 77608968 24778616
74912163 -5317931 86092343 38526726
-67704186 -59920349 -62339279 -28535878
22285186 -42652952 29247710 13017426
28951396 35715166 52255101 66054939
43090356 -78443246 61333526 -57249422
-74212390 -59312161 49233876 24054424
35906184 64114893 96630252 66866505
-42652952 -71353073 29054155 -22320672
-55695048 50397755 72907118 69485292
-62889939 -80438059 -13655680 -66764588
-56506672 -4231895 58509912 2285658
-60183744 -96310925 -4652055 -28535878
-5317931 69469926 27285796 70236423
-29224233 -97424833 56925264 86584024
-95440597 -57297934 -63706265 -55699442
-94490137 -9655610 -80438059 61953627
14879579 -9516828 91572279 -7637538
-55699442 -13371693 -40361834 47749574
-45867679 40183976 -34389772 81013513
-22320672 -69340392 22285186 32907410
-87721111 -2239053 72772695 94385013
-30089020 -91670837 67465292 24447528
5594779 464876 93463328 10531661
-8049501 -68980642 97281817 -19047569
-13844451 -9168553 28951396 81698143
40623362 -21143918 57636961 4038666
-62534721 60394655 72907118 94762704
-62889939 -86551857 -13259582 -7611470
-75523989 -61170962 -66816530 -27577288
83755876 -78401109 91246831 93349898
-78443246 71902923 93349898 88248822
69989538 -63100218 75516097 -47659656
-25177852 -46096560 -5299526 97301484
297993 24833141 3523126 86097804
-92663062 -36700612 91572279 -5203665
54841327 -98371397 63764389 45310650
-74463650 -73909333 -50273652 -38238086
-71353073 -4652055 -9471137 24311882
-47916831 -4058592 72227274 99642408
-41338161 -78443246 89839845 -20796688
-69135591 -79873320 -68889102 -38014770
-80438059 -38014770 45448152 86068496
-92755155 49408680 -25177852 65877005
28526854 -3158282 53509050 87309959
-49420167 45105741 68067609 97952947
25678882 -73071270 41161822 -587167
-53681966 -63706265 5956916 30019963
-99961537 -69135591 98134780 -9471137
-15585092 -57297934 57176318 20708787
-60776115 -32049101 51801743 2443812
-7210004 72227274 94905090 90219511
-55653062 -26108039 46853549 55704711
-83856096 -840411 -71669007 35715166
39087775 -78528568 64114893 -45102261
-78283802 1264924 -36904888 55819777
-53470464 -89490832 464876 54580277
-75523989 -60794682 55029508 40183976
-26736688 -92755155 47033953 -73909333
-10063159 61288575 75182911 70488879
-93271540 -72986145 24590491 33966519
52527144 -82282315 97700142 61953627
-41106415 -83003809 86068496 -47659656
-32859781 35715166 26159380 60145790
-85058566 59531489 -68980642 75253759
52527144 -31729286 98479953 73623256
-63731421 -74463650 24054424 -60183744
-50592917 -87110356 24833141 -23761424
-85613430 -2650853 58462215 52248521
-53916982 -21263277 80718086 33966519
-24037827 10737285 91328802 54841327
-99961537 -51408454 24054424 46931020
-94422434 53669176 -84682704 76150728
-90403153 -73071270 9932156 -62889939
-74212390 -71669007 64114893 -28114874
-68889102 -55695048 92358276 8160086
-69028555 9956867 94165585 10833677
-74463650 -71353073 -4058592 1264924
-71353073 -45347349 -66816530 -20217566
27886630 -49151015 46660125 -35297382
-17460076 -69933816 98893663 24054424
-32166981 -7611470 72264986 42020014
-83003809 -92618856 -43309853 -69817976
-46921263 -38238086 51620636 1476423
14426960 -2573370 31867677 23992944
-49420167 -68499935 96462332 -551571
-20574729 -30089020 -3282863 -9471137
-34389772 54882499 70488879 61953627
1969770 1242700 62789831 44740882
73193516 -32166981 86097804 -686548
-62918784 -37989403 69858567 12553609
-49007720 5952002 86584024 24778616
-34231987 -98012579 10036769 37767005
-62535888 -28535878 94385013 26866637
-48822526 -97424833 27129141 8209875
-83679915 -11453190 45176804 35890973
-92755155 -70195858 -44156109 -686548
-89490832 43257378 39762864 62246065
-89693361 -87721111 46683842 -22831251
-3884359 -71454836 78265653 -21263277
-77661473 -34231987 61390219 36334612
-98012579 -32049101 -4058592 -16578237
-37886119 86097804 14879579 99263948
-4652055 -92755155 43074027 -70489789
-62852376 -95466656 -13635759 -37886119
-93558491 -96250266 -10884756 50397755
-75932557 27129141 -7940261 78995517
-93883519 -40361834 61333526 12084657
-93883519 12553609 41268371 33968029
-92028244 -77661473 43074027 -16123928
-53551945 -20796688 95184759 29146593
22315684 -77027485 81698143 17229021
-65508903 -67694914 181331 -45071551
-95466656 -63706265 54882499 72227274
-71669007 -3282863 98893663 40930731
-19536256 -23845472 12079127 41268371
-74642688 47315553 58509912 98134780
-67723189 -69394060 -26108039 28919165
78995517 -32804870 91328802 -13635759
52255101 -4965297 55623673 86584024
63966698 13631832 92147046 96517315
24778616 9956867 66713747 45310650
-22320672 13631832 -4965297 93463328
-37886119 -48414204 78265653 84835999
51734152 39335445 96517315 66866505
-69817976 -78443246 -56644725 22285186
-40361834 -82429821 85384046 4038666
40930731 -97202105 64967940 -74212390
-20574729 -64309294 23992944 53742619
-25860179 2732351 61954888 76150728
35191921 -51471858 42778177 -22831251
14879579 -77114890 39335445 53786363
-42612508 57176318 62926774 69858567
-23473168 -64105577 43074027 -56506672
1476423 -62918784 19161591 416014
53509050 -45867679 69417258 24590491
-63100218 -68515259 77997559 -22043804
-91670837 -69394060 -68517317 39383593
52248521 464876 94905090 77997559
-38629056 -31950346 84435988 40183976
-75411186 71902923 16394764 94385013
-57297934 -90787332 -3282863 75102702
-22831251 -70489789 77304508 57636961
-64105577 -90733438 -32215518 -34389772
-85559336 -92093515 94385013 72576309
-19047569 -78283802 63547651 42759347
-57297934 10036769 65877005 68067609
-87110356 -24960427 1969770 45448152
-28114874 80235471 97700142 93568913
-52079643 -4591517 75516097 30014348
-70489789 -1087243 97281817 41161822
-7173280 -46921263 67931894 11848096
-32049101 -55695048 10036769 69520460
3523020 -94683613 66866505 92285911
-95020540 51801743 -3282863 93909535
-36084150 -76521489 29347811 1476423
9831674 -66764588 10069297 93463328
-63100218 45310650 -37686986 94385013
-52612115 -98012579 84435988 35996300
-69028555 -31950346 56925264 89839845
35715166 -98371397 72264986 -15443593
-1734007 -60776115 86894671 45176804
-85559336 -84682704 54580277 -17460076
-89395828 27241207 -11453190 67313347
40242215 -74972267 77304508 94905090
-95020540 46853549 -36904888 87667449
-61329878 -63100218 81702406 -2650853
-32859781 -29505757 35590536 17229021
-40361834 14848491 -22320672 77608968
37767005 -60794682 81702406 74912163
-36700612 46853549 -16578237 66713747
67573369 -49016321 89839845 58222956
-2769367 -34231987 93847709 33966519
-89490832 30019963 -32582823 93909535
-5299526 -41509987 70673185 91572279
-91024819 55179049 -70711623 65877005
-92210291 -92028244 -68980642 74912163
-77661473 1242700 181331 81702406
-6484918 -54437470 93909535 -53551945
-89693361 -49016321 86627031 53669176
-71454836 -32166981 65295231 1671212
-41338161 -97288792 71618870 11769169
-2573370 -42126333 30014348 83755876
14879579 63547651 42778177 91901478
-83679915 -82269698 73193516 -47916831
-50273652 -74463650 91572279 -23845472
-6432455 -83236016 23992944 -65508903
-69817976 -62918784 -34127914 57636961
-29505757 42305647 9956867 85578322
-28114874 -71353073 55179049 -41151094
27285796 -91670837 52308777 16959935
-87446559 31817858 -44156109 76992374
12957576 -60768646 70488879 76062306
-95618369 58462215 86515006 64480880
-26008889 -43988216 -5299526 17247329
1242700 14308381 15098072 69485292
-80857790 1264924 -69340392 62422097
-85559336 -37989403 15812494 99263948
40930731 24311882 80413434 46660125
-87110356 -52126651 53742619 24311882
-80223522 -68499935 19161591 -44017070
-23670931 -85058566 33665763 -72986145
-19047569 -91024819 85578322 -21143918
-90733438 -45347349 -78443246 -9655610
41187697 -69817976 45448152 41674888
-52056435 -58890476 92285911 -13371693
-88736062 -81789902 61390219 41202811
-70672672 -92755155 -41275191 -85559336
41205453 -20620506 53786363 59531489
-42126333 29247710 77304508 89839845
15358980 10036769 57203109 16959935
-75932557 -44017070 -32804870 81698143
54580277 -44156109 80718086 58222956
-90188443 11040723 -64708565 16420736
-95885241 -4652055 20053910 91572279
-16578237 -23473168 84748897 45310650
-97424833 -55653062 -49016321 86894671
-78283802 -69933816 -52126651 -41151094
75182911 -13371693 77997559 82852879
-78528568 -64261806 -10884756 62789831
-6484918 -86551857 -5317931 41161822
-31729286 -47659656 86515006 42759347
-9471137 16420736 92358276 58665405
-42877829 -43309853 40183976 72576309
-67694914 -41151094 81013513 -31340785
24054424 -47263026 86584024 46034329
55452430 -52079643 66955533 12246370
-95885241 -67828659 -52056435 80399602
-53916982 75102702 42305647 84435988
-11453190 -1435913 -9567052 79769813
-72986145 -68980642 67573369 85384046
-69135591 -84682704 60145790 -70711623
-5203665 92147046 45176804 96630252
-94801236 -85613430 12553609 54512920
-12076469 -92618856 -2769367 91901478
-70027724 14879579 -34504952 25994601
-20620506 -89509189 14879579 45448152
-98012579 -84359031 75798057 20053910
36508348 -23670931 97281817 40623362
41161822 -29700752 87667449 29054155
-66816530 -96250266 66389213 41205453
-87110356 -70489789 33760690 26310847
-34504952 41268371 80235471 51801743
-13104596 -36904888 81905262 50808524
-83236016 -50592917 26159380 -46731472
-54713481 -93883519 69989538 10747309
-25860179 -75523989 41202811 -45071551
-85613430 9932156 46853549 81698143
40930731 -89693361 43257378 45105741
6949006 -38014770 25701035 58665405
-23670931 -37886119 -579259 23992944
-61170962 -62852376 35996300 89527161
-77766986 -82282315 -66816530 -19536256
-5342154 35996300 20751048 73623256
-53916982 -52612115 -43647253 95184759
-63706265 -71669007 -29224233 94385013
60394655 -49420167 92147046 -44156109
13631832 -97202105 71163088 69989538
-83140549 -92266532 -66757936 -54713481
-84682704 67931894 -12250410 68067609
40242215 -47659656 69989538 -39459174
43257378 -67723189 94905090 26159380
-95548963 -98071641 -47659656 -32215518
-47263026 10608028 86584024 50397755
21842494 3720914 59531489 75516097
-45102261 -15443593 86068496 57203109
-11194944 -92266532 72772695 -551571
-95548963 -64309294 -83003809 -7173280
51734152 6949006 57203109 32907410
-90188443 -97288792 29347811 61333526
14879579 -23670931 67313347 -23306692
-83003809 -35635449 75253759 -15585092
-83140549 -9168553 -23670931 55179049
-98371397 16420736 41674888 98006119
-78528568 38890932 -60776115 64480880
1969770 12246370 55179049 56228021
-34504952 -77114890 73623256 52248521
-29224233 -26108039 28247743 40623362
-95020540 -13844451 -13371693 83755876
-46731472 -67694914 50738966 -13635759
-13664661 -20562206 95184759 33760690
80718086 -2573370 91355192 49233876
-31340785 -69135591 9831674 80235471
297993 -37205771 81013513 56925264
-74463650 -21263277 71355287 21145717
-13664661 -6432455 13017426 297993
-21263277 -67828659 12957576 -59312161
-44156109 -37686986 31817858 63966698
-75932557 -69340392 -33095517 -32880928
-49007720 -1435913 54841327 71355287
-87516012 33968029 -45102261 95348480
-95618369 -98071641 79769813 -64105577
-79873320 27285796 -77114890 81013513
-75899523 -56644725 -51471858 55227958
-89001791 -78312347 -68980642 33966519
12084657 -94683613 68086679 20751048
-82429821 -69028555 28502861 -5299526
-4058592 -70027724 97700142 3720914
-84920481 -40361834 86953348 10069297
8030651 -92611524 92358276 90219511
-4591517 -59920349 84003554 52527144
-80223522 29347811 -58890476 90284312
10531661 -43232513 93568913 70236423
-26736688 -29728308 26866637 95196696
-67828659 -70027724 -37378031 -23306692
-92611524 -59920349 71902923 58222956
-64105577 1476423 93349898 5956916
-20562206 -87446559 -5317931 81698143
27886630 -99961537 54882499 -39036344
-32804870 56925264 -16578237 90284312
60886133 -83003809 64867569 -2769367
26491015 -78401109 50738966 56925264
-75899523 28502861 28951396 69873389
69417258 -10063159 89527161 35191921
-52056435 41593087 78995517 74912163
2077170 -6716984 54512920 17247329
39335445 -26736688 69417258 1242700
-64105577 24054424 -22120865 35715166
-9516828 -6432455 2443812 67050472
-1087243 24311882 86068496 69520460
25994601 40183976 62422097 62422097
-23673048 -38629056 46369716 49483683
-97288792 -57297934 -62339279 -49007720
37989580 -5317931 92358276 74622201
35715166 -82269698 53742619 3523126
-78312347 -67704186 2443812 -43109859
-62919424 -92618856 15812494 94768888
-21143918 -96250266 63966698 -68515259
10531661 -74642688 17229021 39087775
-49420167 -8049501 17247329 9037752
-68517317 -96250266 -29505757 -92210291
-24037827 -1734007 17186186 67313347
-52056435 11040723 41268371 71603700
-92618856 14848491 -92093515 52255101
-67704186 15969060 -16123928 40096679
-73459266 416014 84003554 20751048
39087775 76992374 51801743 78995517
49233876 41205453 85578322 71618870
-66780698 -58890476 21057297 64480880
-49285758 -93955854 -7196955 81702406
22285186 -39036344 43916163 91328802
-53470464 -92210291 27886630 -76521489
-87516012 -99082668 84748897 64978460
23992944 -69340392 73824248 -66816530
-22320672 -67723189 91999521 -53470464
4038666 -90733438 83755876 28040323
1969770 59531489 35906184 63966698
-82429821 21057297 55819777 57176318
-5299526 -70672672 2443812 -33693643
-97202105 -41509987 -4058592 41187697
55029508 -74784351 61390219 48218129
87667449 43282369 92358276 95184759
-39960484 -17460076 -36084150 46931020
35191921 14426960 60886133 69858567
-32166981 15812494 70362994 47033953
-84359031 -91024819 2077170 -72986145
-60794682 -70489789 297993 62556852
-32289909 -95610068 46683842 29247710
17186186 -87721111 74912163 72264986
13157449 -54713481 26866637 15358980
-44156109 -62919424 -6253467 54512920
-66816530 -98071641 -48414204 18287142
-78443246 11769169 -19536256 94165585
-5299526 -30089020 464876 -7611470
-92266532 10531661 -78401109 12553609
-94490137 55623673 -81789902 84748897
-66816530 -4058592 52527144 27129141
-11453190 41248687 37767005 87309959
-15314372 -78443246 99263948 -52079643
-66780698 -80187404 67573369 47315553
-36700612 -92028244 86627031 61333526
-3480769 -74642688 11848096 31867677
-16578237 -7173280 65877005 53509050
-84682704 -50273652 67050472 40930731
-74642688 -67704186 41268371 88248822
-30089020 -38238086 14308381 15358980
-41509987 -87721111 -37378031 17229021
45310650 -76521489 51801743 -73909333
-75411186 -24510962 -51816692 79460839
10608028 -37686986 74622201 2285658
-82887380 -74463650 69469926 97952947
-96250266 -66780698 -15443593 70236423
-20217566 -29505757 41248687 -18548096
-95610068 -82887380 15098072 97301484
10737285 -9516828 75798057 57203109
-37989403 47749574 45863649 81868931
-61329878 -90403153 416014 -24694165
-43109859 -111472 75182911 48218129
-74694436 -54713481 -9948837 -24037827
-37686986 -87516012 28247743 -24510962
50042071 464876 69858567 949295
-61114435 -78443246 70673185 61954888
-63100218 -62918784 11848096 13017426
10608028 8160086 52308777 85578322
22285186 -68980642 96517315 92285911
-78528568 -69135591 -57297934 71902923
-16862763 -95885241 38013772 47033953
-99961537 -64105577 93463328 -41151094
-42126333 -51471858 35590536 66713747
15358980 9831674 98479953 77997559
-88736062 -80187404 -34231987 26086524
-86619711 -95440597 15098072 95348480
13017426 -65508903 48218129 36508348
-74642688 -840411 16394764 19925891
-95885241 -78443246 24590491 29054155
24833141 10069297 70236423 60394655
-76521489 91246831 52255101 97281817
-75899523 -82269698 13017426 -67694914
83529548 -54713481 85578322 -25177852
-13664661 -93572684 46034329 77997559
-64004526 -87721111 71311596 -35297382
-7599828 -98371397 50397755 53786363
-69394060 -43232513 55623673 -13844451
54841327 37767005 67573369 41268371
-29224233 -64309294 -22043804 -41338161
12553609 73623256 57203109 76150728
-80438059 -97424833 -41106415 92285911
-67828659 -91024819 -13371693 8683425
2285658 -68353059 24054424 464876
-42652952 26866637 -23761424 93349898
-70195858 -71353073 -39893593 15098072
-85559336 -95057354 -63100218 71902923
-84920481 69417258 28951396 91572279
-31340785 -64309294 83529548 -38629056
26159380 -4652055 43282369 1969770
-36700612 -41106415 84835999 -5342154
-35635449 -71454836 67313347 66054939
-1734007 -87110356 53786363 -16328030
-93883519 -66780698 -111472 70362994
-3480769 46683842 64480880 71603700
-29505757 -55699442 71618870 41223567
-75523989 13157449 51734152 80235471
-4652055 5594779 72907118 75516097
-86619711 -38238086 -61329878 -11601682
-45347349 -69340392 -13104596 -35635449
-49007720 -5203665 -20620506 949295
10747309 -32567904 80399602 38526726
-97288792 -63706265 48218129 -29505757
-5342154 -56506672 10747309 26310847
-52126651 42759347 64867569 75182911
-73071270 33966519 -3158282 52308777
-49016321 -79873320 74622201 49233876
-83003809 10069297 -5203665 13027319
58462215 -34389772 63966698 64114893
-90698835 -51408454 91355192 92147046
-65311622 67050472 70236423 84748897
-94490137 46853549 -44156109 90284312
-54437470 -51408454 49233876 56925264
-47659656 -9567052 40096679 50738966
-6253467 -9471137 23992944 85769792
-36084150 -81789902 53669176 38013772
-41106415 -62535888 -13844451 68086679
-551571 -92755155 66955533 86515006
-32880928 62143480 -3884359 92285911
-16123928 -94801236 -13104596 -78312347
12246370 -64778556 55179049 -33095517
-96310925 -13751059 28502861 39335445
-31950346 -43109859 86894671 2732351
-68515259 -98371397 -24037827 64480880
-34389772 -7637538 40930731 41202811
9037752 -33693643 55704711 78995517
1969770 -80857790 97301484 -13751059
-96310925 -53912371 -23306692 37989580
-71353073 -82282315 71902923 -68515259
6617485 -70672672 86068496 93909535
-89490832 55704711 -65508903 71603700
-3884359 45863649 20053910 59531489
-94683613 -94801236 27129141 23097219
20053910 -37989403 24447528 71311596
-7210004 13017426 -6484918 22196665
-91024819 -551571 -71669007 1671212
11769169 -60776115 21842494 34100510
11848096 3523020 53669176 22285186
-62889939 -17906758 -15585092 17186186
51620636 -62918784 94762704 63547651
-88736062 12084657 55029508 77445748
-77766986 -95885241 69469926 1242700
-47263026 38526726 -19047569 58509912
-9168553 -66757936 54512920 35906184
-13790374 -94801236 41202811 -70672672
-27377256 -15314372 46931020 19956650
-41338161 -2769367 86515006 33966519
67244286 -5342154 85384046 68086679
-92210291 -94422434 86953348 66713747
-87446559 -7637538 -45190469 10747309
-82429821 -45102261 -62535888 32907410
13157449 -22043804 37989580 2732351
59457848 -98071641 70488879 63764389
-42652952 3720914 11040723 8209875
-94490137 -90188443 -25177852 -17460076
-94422434 -34231987 25701035 51620636
-37205771 -69340392 71618870 67573369
18287142 -59312161 86068496 31867677
-86619711 -15314372 -84359031 -4591517
-9902319 -2573370 96517315 -579259
-95020540 -95885241 -89255574 -41106415
-64778556 -45071551 59118752 15812494
-37378031 -58890476 -35297382 46034329
-49420167 -73909333 -4965297 -15585092
75516097 35890973 86627031 47749574
20053910 12553609 75102702 54914595
-32804870 28247743 67313347 86395311
-53681966 -21263277 67465292 91999521
-22043804 13631832 65295231 25701035
-34504952 70488879 28951396 86092343
-91024819 -87721111 -26108039 18976874
-45102261 -80223522 98479953 74912163
52248521 -75286975 75516097 -42652952
-71144420 28252696 89527161 47033953
43074027 23097219 54841327 71355287
-7611470 -48414204 76062306 11848096
-92618856 -61871543 -15072095 -686548
58665405 12957576 86092343 88248822
-64261806 -46731472 84435988 62810881
-91956725 -51471858 -579259 86584024
84435988 54882499 88306885 97301484
52308777 -82282315 93909535 31867677
-32582823 35906184 91999521 77304508
46034329 -99082668 93349898 -32166981
-85058566 -99082668 4038666 -15314372
-53912371 -63100218 -16076473 -61871543
-2650853 13631832 60145790 72907118
-52612115 -23761424 13631832 2732351
-92028244 -95466656 98479953 -59920349
-67704186 12084657 31817858 61333526
-4058592 70362994 -3480769 75798057
-38014770 44740882 58222956 90306405
-95618369 -56644725 23097219 5594779
-91956725 -38014770 -23306692 32907410
-25547882 -78312347 54580277 81698143
-11194944 49408680 62810881 95348480
-91670837 5594779 84835999 86068496
-46096560 28290434 -38014770 70488879
13631832 -43232513 25701035 8030651
-68499935 -91956725 92147046 20708787
-79287681 -97202105 86515006 40183976
36334612 -97424833 45310650 2538698
-62919424 -75523989 6949006 47749574
-66816530 -2573370 31365657 63966698
-78443246 47315553 -18210930 50042071
-89255574 9956867 -22320672 20053910
-95466656 -42612508 24447528 48218129
-84682704 -87110356 43090356 -17906758
10833677 -46731472 15812494 6617485
14308381 -48414204 35890973 -44017070
14879579 -75523989 70488879 -4965297
40183976 -7173280 62143480 94905090
15098072 9037752 89527161 12957576
-71144420 -23473168 -1435913 96929975
12957576 8030651 15969060 22285186
-73909333 -42126333 -61170962 72576309
-89693361 67465292 3720914 70673185
5952002 2732351 80718086 69485292
63728071 -68517317 74912163 -12250410
-94683613 -7173280 -13844451 70362994
-5299526 -30089020 57636961 73193516
-31729286 29347811 38526726 41223567
-7210004 -25547882 72576309 50397755
-75286975 -59312161 58665405 57203109
-68889102 -20217566 -13259582 43074027
-62534721 -33095517 64867569 -13790374
-88736062 26866637 41187697 71311596
-35297382 43090356 35996300 77608968
-84682704 -34504952 -32166981 91999521
8683425 -91246763 24054424 -39459174
12957576 -16076473 19956650 81702406
9956867 -31141031 92147046 62789831
-20562206 -95618369 52255101 57636961
36334612 18287142 66866505 95348480
-90733438 -74642688 10069297 -28114874
24054424 41268371 44740882 81905262
24833141 -94422434 30014348 35996300
-87721111 1671212 -237327 85578322
-53681966 -82887380 97700142 30014348
-70489789 -49285758 43916163 -25547882
3720914 -58746728 19956650 -20796688
-77661473 2077170 -52126651 95348480
-32567904 -68515259 -22320672 19161591
-76937640 -77114890 -15826426 -19047569
42778177 -9902319 65295231 94905090
-38629056 28247743 24778616 46369716
-94490137 -44156109 14426960 -20574729
10608028 -41275191 62556852 66955533
-68889102 -64004526 86092343 77608968
-49016321 -46096560 -21263277 86097804
-66757936 -85058566 98479953 -2239053
-83236016 29146593 -75932557 80235471
-19047569 2538698 47749574 96517315
-95618369 -67828659 -53470464 54882499
-95020540 -96250266 81905262 33665763
-77661473 -89509189 27285796 -24037827
-63731421 -78401109 67050472 90284312
-53681966 -39036344 9956867 50808524
-87516012 20708787 -22120865 98006119
-53470464 -5264761 -19047569 52308777
-57249422 69485292 93847709 91901478
-13790374 -2769367 66713747 36508348
-48822526 -94683613 77304508 17186186
-32582823 43257378 86515006 93568913
-88716214 -42652952 91355192 -24037827
-9948837 -85613430 71902923 93909535
-83679915 -86619711 -2573370 71163088
-69933816 -13635759 37989580 89527161
6617485 -35635449 24054424 65295231
-30089020 -27577288 62143480 9932156
-95020540 28919165 -50592917 86584024
-47916831 -56605625 54882499 10747309
-73909333 14308381 10737285 62143480
-54713481 -70027724 94762704 74912163
-3884359 -69933816 28040323 48218129
-37886119 -38014770 35890973 84435988
-68515259 -88205677 76062306 19956650
-39893593 -56605625 35590536 29347811
-62852376 -89395828 -1435913 29054155
-21143918 31365657 -6253467 89839845
-3282863 33947636 95184759 52248521
-41106415 -64708565 41674888 12957576
30019963 10833677 73824248 29347811
-9902319 -83856096 31867677 -53551945
10833677 -32166981 92285911 12957576
40183976 -60183744 42020014 95184759
-1087243 -92663062 79769813 -6432455
41593087 5594779 84435988 99263948
3523020 -62852376 4038666 -32215518
-74212390 -4652055 21842494 31867677
-94422434 -87861424 69469926 -74694436
-53916982 55179049 -9168553 91901478
-52612115 23992944 92358276 59457848
-62534721 -68499935 8160086 41593087
-70027724 -82282315 -47916831 24590491
-53551945 -61170962 69520460 30019963
21842494 -43309853 38013772 82852879
-84920481 -2749284 -24037827 93463328
-62535888 32907410 -42652952 67244286
-75286975 45310650 88248822 55029508
-54970283 -57249422 31365657 79460839
-94490137 -26008889 86953348 -9156227
-63706265 -43232513 22196665 17247329
-46921263 -32215518 -15826426 28290434
17247329 -68980642 21057297 -47916831
8683425 -90698835 86584024 -49016321
-87446559 -83140549 35996300 -33095517
-54437470 41248687 10737285 75182911
-69135591 36508348 51620636 48218129
-32859781 -79287681 27129141 -5342154
-94422434 -32606351 -93883519 64978460
-97424833 5956916 -2650853 74912163
-7940261 24778616 46369716 52308777
8030651 -53912371 62246065 71355287
5956916 -52079643 64978460 -41275191
416014 -10063159 23097219 -9948837
-13664661 -51408454 82852879 63764389
-47916831 -66816530 39087775 49483683
-65311622 -22320672 -54970283 46034329
14848491 -85559336 78265653 -9655610
-53916982 -61170962 16420736 24311882
-41275191 -71144420 10608028 14879579
64867569 -95020540 90284312 80413434
-98012579 -21143918 10833677 29146593
34100510 -2735043 64967940 96630252
-64105577 5594779 94905090 85578322
-92210291 -58746728 -15314372 63728071
-32804870 -86619711 81868931 92285911
-4965297 2538698 63764389 61390219
-89490832 -15443593 71902923 -13790374
-87721111 -32166981 -32606351 74622201
-1435913 -24960427 75516097 62789831
-76521489 26491015 -587167 98479953
-90229058 84835999 57176318 86097804
-13751059 -4591517 81698143 72907118
-39459174 -64778556 66713747 61288575
-32859781 -62535888 98134780 2077170
-93558491 -11194944 -61871543 81702406
-79287681 -15314372 47315553 -13790374
-69340392 -99082668 63966698 -39960484
-92663062 -83856096 91246831 42305647
-90787332 -77027485 -83236016 19925891
-95440597 -92618856 -9948837 -24694165
40183976 -78283802 71311596 28951396
-3884359 -93271540 49483683 -45347349
50808524 -56605625 73193516 16394764
-82429821 91328802 54580277 94165585
-92210291 -83236016 94165585 -41275191
-51816692 36508348 62789831 85769792
-72986145 42759347 57176318 76150728
-80857790 -37989403 -62918784 87309959
-66780698 67931894 50808524 98479953
11040723 -43109859 66955533 -37886119
-64309294 36334612 41268371 70236423
13027319 -13104596 14848491 74912163
-93572684 49408680 -53681966 65295231
-39960484 81013513 -2735043 86894671
-88716214 -65311622 -24694165 33966519
-98371397 -77661473 2077170 10036769
-62918784 2285658 68067609 40263311
-23670931 -22320672 -2749284 24590491
-88205677 -69933816 69858567 2538698
42020014 -82887380 63966698 98479953
-78283802 -71353073 -51471858 3523020
-69340392 -32215518 92285911 61288575
15969060 -38014770 92147046 -24510962
-64778556 -78528568 81905262 81702406
8209875 -87446559 34100510 -13790374
-20574729 -39893593 -20562206 91999521
-79287681 -2769367 -59312161 63016077
44740882 -86551857 52255101 72576309
-76937640 -80187404 -68515259 54841327
-67694914 -13844451 15812494 45863649
-95610068 -67704186 86092343 -11601682
-17460076 -13259582 39383593 86097804
10531661 -62852376 42020014 75182911
-74784351 22285186 69520460 28252696
54512920 -34504952 81905262 96630252
-34389772 2077170 38890932 17186186
-33693643 -5317931 -686548 -2650853
-9948837 -57249422 91901478 21057297
40096679 -37886119 84748897 41268371
-6716984 -51408454 75253759 55029508
8160086 -93955854 76992374 22196665
-52612115 -87110356 11769169 -77114890
-9168553 14308381 13027319 91901478
-3158282 -95618369 29247710 -31950346
-24510962 -24037827 73824248 61390219
-12076469 -27509928 46034329 5952002
-90698835 -9902319 83755876 40183976
63728071 -22120865 70673185 33966519
-92618856 -12250410 29146593 41202811
-76521489 -31141031 93463328 -5342154
28247743 31817858 30019963 78995517
-53521469 -28535878 78265653 55029508
-77114890 -27377256 93349898 57203109
-53521469 -82887380 61333526 91999521
-81789902 -53681966 62422097 43074027
10747309 9831674 80413434 28040323
-23673048 -45071551 55179049 33968029
10833677 -33095517 23992944 53669176
-64004526 -55699442 35996300 28526854
-72986145 -89693361 12084657 -10063159
-57249422 -56644725 49483683 -42126333
-78312347 -25177852 -71144420 3720914
-83236016 -43109859 80718086 -23845472
-3158282 31817858 11630316 50397755
1671212 -53916982 38013772 1969770
-67704186 -45347349 -22320672 11769169
-99961537 -1734007 -6253467 -237327
-79287681 -37378031 41248687 86627031
-42877829 -22831251 -4591517 97301484
-89693361 -25860179 50042071 -4231895
-92755155 8160086 96929975 55452430
-90229058 -95057354 -26008889 -63731421
-70672672 75253759 31867677 92147046
-74642688 -68515259 77445748 -61329878
-89255574 -68353059 -21263277 16394764
-78312347 -85058566 97952947 35715166
-56506672 -59920349 -9168553 -22831251
-42877829 -31950346 -26008889 -13664661
-61170962 22315684 12246370 75253759
-63706265 -50273652 -41509987 42778177
124474 -77661473 98134780 -46096560
21145717 -94683613 51801743 92285911
-62339279 -5203665 97301484 13157449
-85559336 28290434 -7599828 81868931
-9168553 -9156227 8030651 74622201
-97202105 -91024819 68067609 -64105577
-86619711 -78401109 -68515259 24054424
-78283802 -80187404 95184759 -70711623
-84920481 -53551945 41161822 -13844451
12246370 -5264761 43916163 65877005
-90188443 -48822526 54512920 67931894
-41151094 -52612115 86068496 72907118
-9516828 18287142 40096679 46853549
-41509987 -38014770 52527144 15812494
-86619711 -97288792 -39459174 -25547882
-75411186 8160086 -53521469 11848096
-36700612 -32859781 -7611470 -24960427
-11601682 81868931 63728071 94762704
-46921263 -84920481 29054155 -37886119
-2735043 -66780698 89527161 -32166981
-98012579 -80857790 -21143918 -55699442
45448152 -81789902 59118752 -67828659
-20620506 42778177 93349898 71603700
-80367169 -5342154 -70027724 55227958
-85613430 -37205771 26866637 91999521
-6253467 -72986145 86395311 -32289909
-68517317 -85613430 35590536 43074027
55704711 14426960 77304508 24833141
-71454836 35191921 28290434 60886133
-38629056 -11194944 60145790 35890973
-39893593 -7196955 39762864 77997559
-11453190 -29505757 -7173280 24590491
73623256 54914595 80413434 97700142
-36904888 -82282315 87333823 26491015
11769169 -42126333 69417258 -15826426
-91246763 -87861424 50397755 46931020
-85613430 -82282315 -70489789 53669176
-60183744 -98371397 -31729286 37767005
-31729286 1264924 35191921 20708787
13631832 -111472 67573369 64867569
-23670931 -36700612 26159380 17229021
71618870 -85559336 91572279 -19536256
-7637538 -4591517 52527144 97301484
-86551857 41187697 54512920 93909535
-71454836 -15585092 -41509987 54580277
-45071551 -9948837 -29224233 1671212
22285186 -63731421 83755876 -36084150
-70489789 -55695048 98006119 57203109
-49151015 -68515259 -43988216 -36084150
-91670837 -77661473 -77027485 -71144420
-43109859 -90403153 5952002 -1435913
3523126 949295 42020014 57176318
-75523989 36334612 51801743 89839845
-30089020 -71669007 65877005 -62534721
-26736688 -36700612 -26108039 181331
-18210930 -63100218 40263311 -7637538
-48822526 -10884756 -20796688 41202811
-43109859 -91246763 -39459174 -11194944
24054424 12084657 56925264 27129141
-94683613 40263311 -38238086 49483683
-57249422 -13813727 63016077 -7611470
