33 0 594
82 0 4756
31 26 0
0 56 4200
0 3 12
25 15 0
99 0 8811
32 0 320
0 50 3000
0 14 210
41 13 0
56 8 0
50 0 1650
30 15 0
91 68 0
0 9 189
0 41 1968
51 12 0
0 13 507
0 1 82
75 0 375
38 0 1178
17 0 153
0 46 2714
63 0 1008
0 30 1440
32 18 0
23 19 0
0 32 1088
51 50 0
0 10 380
65 61 0
98 0 1862
8 1 0
27 4 0
0 4 48
83 0 4565
6 3 0
0 19 380
4 2 0
52 0 1144
0 18 1134
28 0 84
29 0 725
40 12 0
40 0 600
0 6 114
53 24 0
37 20 0
90 0 6210
51 16 0
0 37 1591
34 27 0
26 0 52
0 50 4100
6 0 24
50 0 2100
0 5 45
96 0 2880
0 48 4368
0 53 5035
0 41 2870
41 0 246
90 35 0
93 8 0
60 43 0
0 33 1386
0 41 3567
46 0 1886
0 8 296
0 16 432
0 72 6696
29 1 0
0 18 1062
0 11 682
75 15 0
74 54 0
91 0 7462
68 23 0
34 28 0
45 0 1215
0 1 7
0 50 4050
86 0 774
5 4 0
17 1 0
85 15 0
89 78 0
0 2 12
0 43 3870
0 6 354
64 0 4032
36 0 612
40 0 880
42 0 1260
61 0 1281
0 25 2150
27 0 351
0 23 713
33 0 330
0 1 32
47 0 1175
23 15 0
17 4 0
0 1 64
93 0 186
41 12 0
30 0 630
32 0 544
79 6 0
64 0 2752
91 0 5642
84 0 5712
0 9 108
84 1 0
69 0 4209
0 48 4080
0 6 192
65 0 2665
0 74 7252
21 0 399
0 1 27
31 30 0
8 6 0
93 0 7719
0 21 1323
0 44 3608
49 19 0
78 0 1404
0 6 102
58 22 0
9 5 0
5 0 20
17 0 68
0 18 792
22 14 0
30 21 0
7 6 0
0 23 644
0 10 860
27 0 432
27 0 675
37 0 481
90 0 7920
61 0 3294
69 0 276
0 43 2881
0 34 2414
42 0 882
70 49 0
29 0 551
11 4 0
34 20 0
4 0 4
91 76 0
19 0 19
0 31 3007
14 0 70
0 6 246
21 4 0
0 16 1216
53 0 689
0 30 2940
16 2 0
23 17 0
0 35 1435
0 22 2024
0 17 629
68 0 4012
13 8 0
18 7 0
47 0 1363
0 6 108
45 0 1485
0 2 10
40 0 480
0 31 1147
20 14 0
0 15 510
0 11 770
0 58 5162
0 50 3200
54 46 0
18 0 90
72 0 4104
9 0 18
0 50 4200
0 78 7566
0 8 344
0 4 224
0 6 78
59 0 2124
7 0 21
33 4 0
58 18 0
66 59 0
9 0 36
46 0 506
77 0 1232
23 7 0
4 3 0
58 0 116
74 24 0
86 15 0
56 0 392
18 8 0
79 0 1659
12 10 0
29 0 261
0 50 4800
67 0 4087
74 0 1628
27 0 513
29 18 0
37 2 0
0 14 854
4 0 12
31 14 0
35 4 0
0 29 1363
74 0 4958
18 0 126
40 0 1280
8 0 48
14 10 0
96 10 0
0 12 540
60 17 0
18 13 0
0 17 459
75 0 3975
76 13 0
76 46 0
15 0 75
26 0 624
38 0 760
70 0 980
0 7 588
0 17 527
79 40 0
82 0 4182
29 0 609
25 10 0
0 45 2475
9 4 0
20 18 0
0 23 1127
0 2 8
77 61 0
88 0 3784
41 0 492
0 7 266
0 76 7296
0 5 70
98 0 5586
26 25 0
30 21 0
53 21 0
82 0 1968
0 69 4830
0 26 2496
0 9 594
0 7 217
8 0 56
28 0 140
48 4 0
68 0 884
43 0 1591
57 0 3135
0 25 1125
0 18 558
0 15 960
94 0 6016
10 0 50
59 39 0
19 16 0
0 7 224
78 63 0
8 2 0
0 5 205
31 0 403
0 64 4224
66 13 0
67 26 0
0 14 714
86 0 4988
80 68 0
0 17 1343
0 8 112
0 50 2750
0 24 1632
93 41 0
31 0 31
81 0 4941
70 12 0
61 34 0
0 15 1140
18 0 54
10 4 0
23 0 299
27 0 243
0 4 180
68 29 0
86 0 7224
98 0 7350
0 62 3906
0 52 3068
0 6 108
84 22 0
64 13 0
63 20 0
66 0 4290
9 2 0
0 3 93
43 0 774
26 10 0
88 21 0
77 0 4466
99 0 99
0 3 39
51 0 663
0 18 1386
48 2 0
52 49 0
0 40 2280
42 0 504
87 36 0
0 1 25
73 58 0
42 5 0
0 82 6806
59 57 0
75 0 2325
85 0 4675
0 34 2618
62 0 3596
0 35 2695
59 19 0
48 7 0
11 0 77
0 52 4160
12 0 36
0 74 5846
29 9 0
78 0 1014
75 62 0
0 78 7098
0 22 1518
19 0 247
68 0 2312
0 58 4060
15 0 210
97 0 8148
0 1 44
0 11 594
0 3 15
6 0 12
0 2 106
0 59 4071
0 5 65
4 2 0
83 0 6640
0 74 6808
50 43 0
84 0 3360
28 0 364
79 0 5135
8 0 48
4 0 8
58 8 0
0 4 44
0 20 560
0 6 372
50 0 850
96 11 0
0 47 2491
0 7 329
0 2 8
0 3 39
64 0 2944
0 3 15
5 3 0
86 39 0
43 0 129
0 1 11
89 0 6141
22 20 0
43 0 1677
0 3 45
89 44 0
78 0 6006
58 36 0
39 17 0
98 1 0
0 69 6279
0 45 4365
41 0 1148
47 0 141
0 27 999
0 26 806
31 21 0
48 0 528
5 4 0
0 9 765
84 42 0
68 43 0
0 3 24
51 0 1989
0 20 680
0 4 92
41 36 0
0 5 235
9 0 36
70 0 490
60 54 0
21 8 0
95 69 0
0 34 2618
51 43 0
15 0 165
0 22 1034
43 29 0
95 0 8930
73 56 0
96 0 8064
19 0 95
0 5 80
0 48 4176
26 0 364
16 0 16
17 10 0
71 16 0
76 7 0
69 0 1656
0 6 90
44 0 572
25 0 200
38 4 0
0 28 2772
61 0 793
0 64 5312
0 15 555
26 4 0
88 0 880
78 0 2652
59 31 0
56 0 952
0 2 8
0 7 126
83 0 4482
9 0 63
80 62 0
98 0 7742
89 49 0
7 1 0
0 6 360
18 3 0
73 0 4380
58 0 1334
82 49 0
0 82 7380
20 11 0
4 0 8
13 0 65
0 29 2262
0 25 1475
77 4 0
0 3 15
96 85 0
0 29 1073
63 47 0
7 6 0
95 47 0
0 33 1452
92 0 92
0 51 4590
0 21 1743
0 2 22
95 14 0
80 0 5840
61 0 3477
99 15 0
58 37 0
38 0 760
0 11 209
57 38 0
0 7 203
26 11 0
59 29 0
78 0 1404
74 0 1924
73 0 1241
65 54 0
95 0 5890
59 8 0
59 50 0
88 0 352
74 62 0
0 49 2450
58 0 638
0 27 972
44 30 0
0 53 3392
0 69 5658
11 0 11
0 6 126
43 21 0
40 0 1480
20 0 120
63 0 1827
45 0 1395
49 0 490
0 2 48
86 0 6966
97 0 8148
53 0 2491
0 22 594
34 0 102
7 0 21
56 0 1624
14 13 0
67 46 0
69 45 0
77 0 5236
37 18 0
64 10 0
0 20 800
19 0 209
63 0 882
71 0 639
50 33 0
23 0 414
16 0 128
19 16 0
0 34 2244
24 0 336
38 25 0
71 46 0
0 65 4875
90 38 0
78 14 0
82 74 0
10 0 50
94 68 0
72 0 5040
0 43 3655
8 0 56
0 42 3654
23 3 0
87 0 2349
0 12 204
0 83 7802
18 3 0
55 0 440
0 8 104
64 26 0
40 4 0
0 18 648
28 12 0
0 26 2106
91 0 6552
25 23 0
53 30 0
0 5 115
60 0 2220
0 20 420
15 7 0
75 65 0
50 0 550
65 0 2015
0 63 4158
0 57 3591
0 7 175
0 80 7040
53 0 265
0 24 600
0 27 2106
60 32 0
0 18 378
51 0 255
8 1 0
52 0 1404
4 0 4
94 0 7708
61 0 122
0 5 75
45 19 0
78 0 4992
78 36 0
0 11 231
29 7 0
27 0 162
78 0 1482
0 2 84
17 0 221
67 0 1407
29 22 0
0 56 3528
16 0 128
0 60 3840
8 0 40
0 4 32
0 20 1000
67 48 0
37 26 0
5 1 0
89 45 0
0 23 2254
0 47 3290
92 0 3588
81 40 0
65 62 0
84 36 0
83 39 0
0 27 1485
0 92 8924
60 0 2460
50 0 150
45 39 0
43 4 0
30 0 480
0 3 78
0 25 1250
20 0 80
44 0 1364
42 0 1512
63 17 0
35 0 525
61 37 0
0 8 664
63 16 0
0 10 200
68 0 2448
76 5 0
5 4 0
92 0 5152
88 0 5544
0 1 11
37 11 0
39 16 0
0 8 280
60 0 780
89 76 0
0 56 3808
11 0 77
76 68 0
54 0 1512
67 46 0
0 20 720
0 21 861
0 11 627
0 35 1400
56 0 1736
61 12 0
13 0 26
73 67 0
96 0 1632
24 15 0
4 2 0
0 18 756
38 1 0
93 73 0
0 19 1520
73 0 1533
0 47 2585
90 0 3150
23 0 414
8 4 0
71 0 3053
33 0 132
6 0 30
73 0 4453
0 48 3984
29 0 551
34 6 0
0 5 75
74 0 2886
0 6 42
92 53 0
0 5 85
29 17 0
32 0 32
73 0 3431
60 0 3180
72 0 1728
88 7 0
0 1 5
0 1 4
50 0 650
15 0 120
52 26 0
0 26 2340
64 0 2432
0 30 960
0 2 28
73 0 4088
0 1 18
0 21 651
53 29 0
0 7 140
95 92 0
11 1 0
29 0 29
72 35 0
22 1 0
0 4 20
0 8 336
44 3 0
88 0 2464
0 1 9
99 38 0
47 36 0
26 0 104
56 38 0
74 39 0
0 45 2925
0 46 2806
0 1 43
52 0 624
84 45 0
0 47 2397
0 32 2432
0 19 1273
0 11 242
0 1 15
0 82 7462
0 36 2952
36 27 0
0 6 66
33 4 0
56 37 0
0 8 392
38 0 1026
16 0 208
67 4 0
0 31 1023
98 0 3920
16 11 0
12 11 0
0 4 72
11 0 44
0 27 1242
0 4 124
97 0 1067
0 16 800
0 41 3116
0 2 126
21 15 0
48 0 1680
16 13 0
15 0 180
37 0 814
25 0 425
0 3 63
61 0 305
70 0 2310
55 52 0
26 14 0
0 20 1200
74 8 0
0 7 77
65 46 0
0 55 3465
90 49 0
96 41 0
0 4 88
0 4 120
98 12 0
0 1 39
55 35 0
0 3 27
84 6 0
0 21 1092
86 21 0
28 7 0
0 15 300
75 0 750
22 19 0
0 13 273
0 56 3976
99 34 0
4 3 0
75 36 0
0 6 78
60 0 420
80 0 1360
67 0 4154
96 53 0
31 0 310
27 0 621
7 0 7
51 0 561
92 0 2116
50 36 0
36 0 1188
7 0 42
25 0 550
0 9 135
0 22 836
0 12 816
31 10 0
56 0 1512
74 0 3922
87 31 0
71 0 2130
54 52 0
28 0 756
0 52 3172
10 9 0
42 35 0
44 1 0
62 4 0
0 61 4575
24 8 0
24 16 0
69 15 0
94 0 8272
32 8 0
59 0 708
0 19 741
24 0 120
0 2 22
17 11 0
29 26 0
0 55 4180
60 0 1920
57 55 0
7 0 21
69 0 1932
90 0 2070
0 65 6110
46 1 0
89 0 4005
18 0 162
14 0 154
96 28 0
0 2 60
36 0 468
82 25 0
0 8 112
16 12 0
91 0 8190
4 2 0
0 25 1525
32 3 0
56 0 1568
95 0 8740
42 26 0
0 31 992
18 0 306
24 0 360
74 0 2516
46 24 0
28 6 0
41 0 533
0 12 984
91 0 8099
36 0 684
0 7 238
82 0 738
93 8 0
0 10 170
0 30 1680
0 32 1344
0 35 2310
0 29 2262
50 0 1600
4 2 0
0 14 266
19 0 228
0 11 154
83 0 1909
43 17 0
24 10 0
28 0 168
0 31 2759
0 3 27
41 0 574
16 0 32
0 24 1056
76 44 0
0 10 110
48 0 2256
0 42 3738
56 0 2408
34 0 680
71 59 0
0 27 837
18 0 216
0 19 1292
91 75 0
75 4 0
0 30 2880
40 0 40
0 19 817
83 0 3984
0 5 220
0 31 2077
88 33 0
46 38 0
70 0 490
0 19 646
81 0 1620
0 8 88
0 47 3290
86 60 0
0 14 658
0 14 518
79 22 0
0 26 2132
0 19 1767
98 1 0
9 8 0
0 23 621
29 0 116
60 0 900
72 0 144
25 17 0
46 0 736
78 0 5850
48 0 1632
0 60 5100
43 0 1505
35 22 0
96 0 7200
99 44 0
51 0 1836
73 14 0
95 83 0
0 11 462
0 58 4408
63 59 0
81 36 0
44 43 0
53 44 0
61 44 0
0 15 1215
0 4 40
0 45 2295
84 0 2016
77 0 5698
21 19 0
4 1 0
27 18 0
74 64 0
64 0 2880
38 10 0
58 0 1392
0 1 4
0 20 1520
59 0 1475
80 18 0
0 54 3888
23 21 0
71 0 4473
58 0 2436
94 26 0
56 54 0
0 2 48
0 34 2652
0 21 483
66 55 0
0 8 120
0 24 696
38 11 0
4 3 0
12 0 96
0 17 1343
0 2 164
0 3 12
0 29 1885
87 0 7395
36 0 324
76 0 5548
51 26 0
35 0 1120
72 9 0
10 2 0
4 3 0
0 22 1672
47 6 0
0 3 18
92 0 2116
41 0 205
58 36 0
0 68 5916
53 52 0
89 87 0
96 0 4320
89 1 0
0 50 4800
52 43 0
99 0 7920
0 13 195
38 0 570
0 42 2730
45 12 0
54 39 0
26 0 156
100 0 9900
0 0 0
