360 90 90
5.0 1.0 0.0 6.0 -5.0 1.0
934 744 263
349.236 -375.022 169.95 -960.839 576.217 -120.518
844 706 109
24.8191 724.033 180.422 -104.145 -7.55507 69.001
848 973 869
725.988 231.199 331.242 725.78 -42.2445 823.002
552 428 191
309.132 -720.334 -606.767 -945.88 1179.61 249.076
485 364 302
298.811 -823.527 -811.777 -276.302 -42.9632 807.306
345 135 426
-568.127 316.705 283.205 -587.843 594.773 167.401
105 761 750
511.126 -266.443 750.004 405.061 16.6148 877.814
510 120 406
569.853 458.688 -310.062 619.338 467.482 461.704
185 94 246
-285.037 125.257 -83.0191 -302.866 -274.589 -119.283
784 739 802
171.207 427.464 8.88922 397.993 -153.235 492.397
12 428 43
-462.638 -795.295 590.156 -802.693 23.1765 1075.36
659 572 332
920.915 -1078.97 20.0094 -1289.27 971.345 -61.3351
932 19 488
44.7469 -258.292 13.7446 33.41 135.35 311.05
751 914 563
226.727 -47.3015 -154.92 -224.763 282.962 -14.778
558 679 727
429.755 -592.384 928.526 86.0388 627.76 219.082
86 94 189
488.258 -729.249 456.265 -241.356 753.352 344.288
888 669 104
-729.43 -246.353 -456.473 157.906 963.563 927.748
371 788 303
-867.066 -139.993 533.483 87.2298 921.396 491.288
586 861 48
381.895 -914.983 -174.823 1044.01 -407.594 359.101
416 56 683
-315.587 880.634 -755.241 316.837 727.92 384.078
90 107 320
-451.168 -440.028 -738.15 196.709 144.134 -576.499
811 674 56
-280.204 738.39 382.542 512.464 93.3327 813.305
874 354 475
-591.407 266.283 -299.214 -1385.5 587.714 1368.87
738 680 136
-349.063 -168.522 112.26 468.24 -412.212 16.3366
788 374 627
444.74 -217.598 -201.614 274.887 118.063 377.754
184 718 656
-151.992 76.809 162.501 -41.2127 168.265 87.6738
729 3 162
-25.8058 757.026 268.705 -808.574 269.472 -384.907
481 605 387
143.338 50.9876 -316.907 253.745 411.076 389.638
454 733 837
233.321 -129.17 -541.497 380.558 -192.098 255.143
468 117 547
-398.639 -1007.37 426.233 -396.254 628.292 224.859
354 529 155
149.074 -110.916 -448.391 -785.495 106.335 628.927
811 720 926
135.197 101.71 419.256 -39.8657 45.0126 239.157
818 653 925
-107.136 500.61 1139.4 -256.55 140.914 209.569
143 598 89
-1261.14 184.783 195.306 -255.648 918.774 1371.73
341 399 897
-293.308 -733.052 -136.402 785.104 761.546 368.895
810 331 361
-258.306 743.78 -155.268 -719.767 377.047 408.837
131 635 544
532.719 804.168 954.886 12.2517 511.857 700.814
295 694 166
-39.1871 1560.03 -1670.2 -371.671 523.369 -137.105
944 230 216
-473.376 -291.483 336.059 -476.166 185.458 407.763
272 517 565
971.704 667.046 -294.124 -651.685 47.0745 1083.15
93 124 202
-98.3648 -314.706 316.18 64.7069 85.4197 317.142
392 274 576
1605.83 -208.353 -1220.14 -331 813.018 -158.627
359 578 485
234.112 747.894 193.463 -587.304 394.148 441.067
360 431 324
844.657 312.257 -28.4825 906.088 507.02 720.873
50 793 589
-193.415 -256.488 -196.563 11.5333 -70.0713 335.247
729 507 392
778.556 615.498 -661.963 -740.805 990.587 -82.2631
976 580 120
169.031 262.397 888.699 297.013 -377.327 755.201
233 431 415
428.657 -112.493 -307.848 621.584 -513.868 41.2497
217 904 994
5.03906 777.767 -752.114 -214.131 534.497 -519.486
378 683 555
37.1129 -1060.79 533.382 -474.437 -263.595 896.718
853 934 661
-149.099 1087.86 330.862 550.32 816.734 748.732
648 228 436
128.436 204.094 -73.2221 165.948 181.908 126.13
672 873 606
698.146 345.589 15.8041 1128.02 162.341 946.455
47 833 469
-730.752 51.6364 221.951 813.773 -46.1093 690.486
704 464 923
-460.059 -151.296 -489.631 -794.994 24.35 1306.02
513 93 233
-417.827 -146.165 -7.4666 -444.801 -161.979 191.054
518 424 403
-380.658 -670.491 -939.603 330.581 -134.975 669.472
776 405 165
-677.505 72.3191 733.302 -395.239 176.779 975.059
225 227 605
-400.877 103.477 -479.574 99.1766 283.691 388.432
576 689 898
-570.312 586.461 -660.67 -351.927 470.816 574.785
229 403 677
-600.08 162.972 -230.299 -69.1022 243.87 588.059
283 75 762
756.468 436.75 -1018.26 -136.601 419.113 952.35
939 321 758
342.644 232.487 -256.535 673.586 580.007 305.203
65 571 480
500.452 203.523 -251.859 -61.9708 -124.039 33.2036
143 597 209
45.2623 -98.3895 59.7261 -169.065 198.406 -72.7813
718 358 219
-975.307 -649.978 -171.588 -576.469 839.84 263.342
712 975 822
-353.166 -18.3953 878.759 -112.386 248.519 486.936
532 955 140
892.707 416.803 607.162 -351.563 232.816 694.152
535 652 423
-619.027 825.038 -721.878 790.65 -28.4833 1102.53
716 850 841
-447.924 169.351 -150.783 537.657 589.388 1263.61
867 547 801
-70.8963 -1071.67 221.851 -726.428 670.524 -486.47
900 186 272
571.304 -1528.2 261.05 -1192.63 463.368 1726.42
578 188 96
-879.089 -613.49 308.657 638.17 -483.442 415.299
554 889 584
-905.401 -15.0289 755.453 551.1 348.157 532.09
98 570 271
-228.034 -336.523 64.4903 -28.3387 182.301 -18.8787
101 943 354
893.258 979.42 -522.078 673.791 1231.38 816.918
545 670 343
132.88 1452.61 -1343.89 -166.562 54.6876 792.01
779 351 704
778.14 -611.162 775.077 990.828 558.557 -106.904
976 297 149
742.626 -1164.71 1211.8 55.3359 -161.041 345.689
467 37 646
390.59 21.1689 -687.347 -111.641 703.794 631.219
324 880 183
301.713 399.651 -273.952 135.27 789.338 398.647
98 754 809
453.498 160.861 350.751 -489.665 255.876 515.304
681 71 280
-62.0223 -528.26 -193.425 -476.445 489.251 320.548
327 44 876
-216.843 718.722 -653.183 203.827 557.261 452.084
812 767 824
649.322 622.179 764.657 452.884 694.409 374.16
923 237 834
773.26 -755.892 426.251 -425.937 -382.378 284.404
438 818 214
-502.089 -15.297 535.464 75.3164 -303.812 -352.697
56 206 630
948.027 773.065 261.259 58.2437 747.353 -242.916
646 392 91
-437.016 -329.109 1125.28 23.7588 31.5556 1315.59
175 784 717
-292.945 -274.895 322.009 252.838 125.816 378.809
250 896 883
641.364 697.432 -221.06 -929.377 39.9899 955.987
740 65 803
503.537 496.939 -532.86 -218.607 278.801 -515.689
977 153 834
128.271 -117.492 -230.059 392.93 548.516 -165.53
998 467 823
630.854 -734.171 -442.951 898.761 452.871 620.362
50 420 127
539.809 650.517 -639.199 -81.9735 432.445 145.441
39 907 314
-812.396 -125.726 284.592 -815.4 270.898 -729.382
764 518 18
-613.834 84.1955 531.077 1188.13 216.386 1348.72
226 695 425
408.565 691.975 -778.568 435.917 -366.787 407.46
565 896 542
-762.487 504.94 -99.5879 -834.279 819.258 -382.302
307 654 641
441.064 -13.5738 148.546 43.6975 155.747 69.1039
0 0 0
