73
554140086746
483299535224
168377433543
972217100151
335508448488
165399028170
867779690484
895860240864
338908384632
341734438069
149319964676
930798706593
582995302106
472991173871
683369227466
783562139249
490909966642
277114811230
193086996951
211336120920
682468777578
269710166378
571026001650
929610193790
500022871051
955920228464
464010926041
938406692721
78465397216
938397602307
685943223230
405251329163
788099686365
177418123468
312723907151
130454412884
983279339436
57073610333
561253543436
623579716747
67253518131
212417356768
907723528182
344117850736
788695571166
405350204842
844785436578
273334179544
732923491806
663773582903
107536938441
542590894663
282810568674
634915676244
318200360739
942401602566
478706162619
865990130305
180920941022
973117940851
209424937954
628894282457
934986729938
438406780228
516577560116
256979482651
837856349933
296372988711
7860785622
219330267981
913036127574
562475629875
909625771056
