39
770436815178
937603115148
116749243489
269732897604
470562719208
785800166285
233996351187
164307086018
271183628464
236713692401
324744433645
766333849293
754912328741
876605099805
53566069703
709843496138
404131671826
855113758878
673149642490
182961371125
108288089923
337828251104
85130574601
268871346769
316104108160
182183661179
344061328244
741749961680
822497101929
359115821957
607514499580
313369661273
549437313371
418662121567
760141424844
31706326859
77579352611
806043840213
443770531166
