63
812229777196
935684508942
257630933283
774497261640
640140522219
839584439269
361369179326
939192913059
334143236778
673215101439
129874108550
684219562523
10054619200
871325861910
935570795513
777884322101
487519679289
130253851284
460163547624
780345291685
217012834821
762627860858
762590524689
899951506333
347752086554
405644867319
826269120655
16503640892
707972110897
492090592735
905437611664
914078441874
952964600692
360486200987
595708650848
853280084226
903607350908
54011484587
519580699414
971025758783
64728793182
5935280630
810433623849
976620774924
551643358828
995092332445
322288764072
432796867371
239421452612
50784832534
681102491029
628451229293
619449215424
772209534431
864050265820
721173360041
134267251814
193684347822
50611369246
936933263517
79960986772
239552132534
366619943669
