40
671670767397
341112438230
719415708407
566933242374
578817780307
996070849948
820339972033
382787526056
77830103993
308930181457
443347193110
235756065492
168632692171
250465030216
799553518252
436224932340
830978375040
670101259353
318212753415
987226667261
123071531371
53923501992
247807496128
573005171176
774690998840
924044460635
633573960034
926191619269
567744389129
572757785806
225374548337
717109018928
23773797521
964155659504
981618013035
752046732804
719292150319
570516889173
676658669053
514337612456
