76
948409563020
330644640523
46699420866
328088762218
102141602174
4690598547
321355470314
330070738290
421270421037
286881462222
625431629499
702535667774
770589413358
353755702118
816610727819
26281775317
621073511705
178231537677
660350480752
945588652163
889640030606
581118370781
928817443826
299484846023
951908621926
480109608467
443247591867
380059882351
770122283474
219584932375
345480834338
466165952394
436469960011
24047313060
181882886646
176123198509
762307150226
218897834789
330549297802
755993324257
719009179301
391462696389
309229586762
986086275044
434975343781
492192782404
657635218229
396529869267
262030892881
576755121860
155301063749
121721209370
462533298139
468597238189
139068844711
248374730823
903623734143
62972050178
105870159553
848607351913
989525839847
916532715790
668915295973
639978519937
219515788710
71128985236
627483343318
62763062408
398592310868
414070633376
436852834320
614431722181
991567370167
214187151464
666375608728
939958959886
