45
580607113235
532510846103
145065513170
759797827436
181011933152
866474862983
683057329961
161165671378
974346831013
152174504225
54283687257
183920264602
80446144888
589050071346
68185128867
848854224872
628069315876
620524727236
506226533842
985662759252
182339334542
587276397860
864781653300
643325793876
331808946730
856656952253
231881472107
317898981846
981726181843
988265038526
101596918874
930324432181
113586867193
981660332203
605772497660
301894203859
548022900629
566661663525
47180522586
809333794373
505525681912
945785042896
837078005351
878226079036
291795503384
