51
780812922448
206329192921
241998954019
861906240459
420382246738
333788838047
405617905784
374434707780
271397532122
911076647583
33454029975
305340348531
89363607801
383224137787
413003989230
227809964543
350274119134
866814353775
536455546565
948069684616
144482531549
662184551777
614741888620
462923301751
717425957868
20391324755
960696964191
78340092042
47014254531
728217033049
941638643773
788334739525
500912624252
325657272866
130070901089
591242457869
298300171999
240882312997
543286219056
795135879020
27421762411
529439545537
142792168143
430255794500
337462340887
393397839532
167711107894
875510395939
962330531877
559721398748
513507584666
