51
462539257064
99144876022
279058657804
659374803616
635699216583
803471169703
603038548389
934906443977
908714369246
90656550837
565372514837
483513027526
660574849045
186037051013
598772446784
688266114397
459164345219
609779014629
206949352591
634591589253
278613643192
317686296594
54679990009
142750726804
267498983996
991039803538
739405690702
955432598152
837921428254
257294099723
451734843163
489753947708
532998182092
863867231471
811444663804
586242546054
814123614049
368128591497
197515298259
926300500770
706462300669
133903022561
104420547032
384544880503
917070638918
74419805375
638497394114
625835864931
463870007291
641589997414
467331272055
