80
4712020471
4734234247
4771212547
4868747809
4916253649
4922894533
4938256511
4938271579
5027672681
5038465463
5061728993
3717111331
3731292319
3738668363
3743895347
3763786811
3778888999
3781378039
3322255777
3323333323
3326252221
3333323333
3333555227
3349304527
3486784381
3492564827
3575121289
3578962147
3592007533
12305176489
12333133333
12345678923
12347974321
12348986057
12456783197
12456879317
12497580367
5111111191
10123457689
10123465789
10123496857
10123654789
10124389567
10124695783
10124769583
10125984763
10126738459
10126854739
10127685439
10127896543
10128745369
10167542839
10168901689
10189234567
10196669101
10223456879
10234465789
10234786589
10237573201
10405071317
10426862401
10456965401
10627446821
10684948601
10695949391
10715008859
10847395267
10865247973
10886968801
10909390901
10985674123
8018018851
8064645241
8106089891
8191216381
8192454631
8278487999
8332512563
6955703129
6979981769
