53
913612691349
843808830692
874209283749
980436056632
506397984541
772714069186
92700641764
50091175515
481430398432
276145228979
567755579090
502753256358
90926192114
91570726586
361930356851
133727527155
584765609638
418954743640
79720688186
884853702223
988724350930
98349565629
163195109658
908162401274
993070266430
226670982704
771518338387
730998120355
103251917016
765830532269
248591117071
88670218307
512428433360
526648754315
298959834562
967593076879
872842875706
84905735273
711955648896
127666035218
523463301496
900644287413
534171035212
133922136172
346951763688
572664883400
750556817475
963631841577
522101830562
776384296422
996697671488
740346589007
20661853513
