67
979348597331
356005363153
451243360090
136346529390
167399219929
804457959706
341984767840
862813796172
534127104539
930863976113
776081245917
352382083225
244688283734
241924487499
460665899197
584255978500
771019092987
53948737471
969710504803
646223468537
431833472829
578365888799
81103081001
492309905814
845502337828
381844901070
45020379335
731938837091
266311611003
50736938591
616014452660
694014686611
776853819208
520449709678
82979928882
304885572613
98078262371
226279917263
414761294922
707039219548
541416331070
410137131648
396339110598
72152292631
171193259508
430915750927
162556391665
138898306826
342000104506
154335310347
545036466438
499081320880
729184682006
49870651152
762028904792
54780508137
468653632286
656903577962
936603771194
621516547417
97389634583
753070891704
968058922268
989446590479
538139530703
703322452529
606459313818
