56
420865333769
228378541816
440788569743
291102527748
65328965518
51837090480
857423446022
543908980110
593668928252
896857416463
739168109466
976973685216
658429698328
195372676922
450105273325
72940558944
459031197667
15769939157
130736701315
688411260483
1333444728
445072038239
112042998117
280055256228
462613001086
796147563824
353971018945
218196985321
268672870145
646817197306
741331762513
453556674118
533885563071
41440866805
365027818544
108370509819
422567691690
997418674582
431056360320
562183892276
485415234089
247049118928
223112242922
629272228188
352613770122
607329642746
890975339658
206314343593
357734119854
617608410001
526881979215
900573131797
814404833021
571597841378
531593410683
959542168501
