41
39200168518
741246971326
616760087281
847129945491
452597561566
401244249769
350679122432
128904939490
379202709714
177156250333
453693623944
320482288436
183058537774
824178254094
634708223322
144860139077
90155871011
678101584228
731712402362
665591340547
233005999892
616865827274
77485328411
902809417076
426323601007
715508879461
755934935875
695646392506
594480253730
691446909751
322805474766
981244872301
768222622364
246078750752
524349611512
933911453512
893687289057
62002117961
528298320323
773936213615
765312981016
