60
818613992376
89392363592
719084255888
861461186625
619221457184
244425038478
130581513234
296509468892
978316591435
348626266743
608069246685
719232894310
53801242240
628850342465
287932157490
566152751052
519180083324
89435251790
354193718093
98330749712
823983870403
106294020621
931217291930
862406169247
137135345103
412597770494
152802714697
139188395227
682891757899
216920363568
444306642707
385083190086
499238687532
491709658324
309365229162
261781409551
557268730319
489823818521
552136720832
905034239556
953262743997
376302304956
10099886294
463494649464
627252558241
318837047539
322657443182
294505871417
118883121886
705475305489
609702981618
713730560416
686261260996
218911004063
160045016980
706676529799
801097034389
589765065869
549777240112
883710126701
