75
386405988355
194922942528
88380285152
220500157074
173676430310
357078312580
94898620167
792101139950
412030107176
330915690640
725907587276
463176214306
113528786446
309263311978
164302400761
456039672742
152930017344
941234429149
79007702675
186684529436
411722084461
6809007032
57253828893
714507570011
801514926956
45188078307
478915743116
377255674979
449079287875
502819542405
534219432556
264592594052
649222722251
908204455800
882754633893
325799200922
730920868122
620842022573
58081312614
412893086006
81152293454
789303493801
131276121666
314285825274
562264231346
420427994015
257734070936
939639645168
585705192578
58743386950
842840783526
726498058726
904921503322
396963195193
396436538023
47217244133
94766411570
4542873441
960845480155
478980703909
667553511630
287834561068
886761367798
257085656209
794877729669
817450190143
290457047995
864105631513
538941751828
762869497696
232192273541
580021901995
658304794014
28188066788
758304625134
