46
945397600098
127240631723
425379617921
320368338731
973199943671
114222196022
999931601149
164649978753
75760867752
154533986387
678470277906
6905299000
893994426402
737328371422
128891078823
430970676011
30943726575
220265506813
469761164225
982193201706
72883391685
317129478032
680265619560
667821244746
322844924162
450993596365
866190953664
902753975540
394216165938
130362606359
464907842124
713017484959
185351288171
606456168469
859727046872
377700795428
725374913030
571612093713
363846416083
135992060294
870132612615
548427846521
773407873795
594905498230
89613792306
454406539588
