47
972105175741
474971403040
733250218919
686838811992
40057680991
121152945423
496513273297
622031586748
174079594563
225271860399
185277146768
164054222558
752528424712
75451848329
63372098418
658005999661
905348663933
669831676664
977690208196
108142494380
128722476889
732013138054
463260240817
813106686051
484119994403
956882547486
97649136950
145562941442
419485546967
232151361504
610445720076
829305224395
285971901187
17585779523
616013966389
351458747477
478648793507
89966199286
348337619288
826936529908
984695582410
276184004900
264868624902
788662143563
899845336526
413837192632
344257809562
