58
898559274916
552026072257
243550956160
515519349804
485837869012
460750494275
685792389455
411357296634
69640711628
841811829232
853073479997
447537004909
424750574278
687768727223
811801422687
536185754364
989497600765
208588249091
221968060310
889384134329
967220682475
869687115574
533556634040
678127069825
438495573771
968472806936
134495471817
13516609173
924302888998
915947904330
696340361361
847863149204
756585941740
991062737178
860762830844
215416848242
324856728342
739785794073
90795794707
438230278142
127240638028
387260031145
113041684706
373289657472
11985958201
368896006363
816144893175
191419511958
923519112196
656457706817
953312538388
153679608069
949143075531
552355969349
462288894083
357487231491
533307396390
134559908497
