47
301373180208
683844387532
859207031330
342512201090
958480560323
35641044550
109000795820
95521494227
222309096974
803767920986
400485611112
609591912804
995001640947
828834616294
831238244450
749901789207
42027786467
704898869235
182265375278
192138165200
44941233789
100376699251
895780730316
584057883528
89419173167
484075103216
641668621835
59511743563
739389175836
435547668069
50596884196
175354510859
388428172556
17274780645
630661553748
848653902152
279517490094
703404161713
264152162535
833245897901
617845401275
168554324098
237747600329
879322632492
574879556840
764228068329
450842744943
