70
377067608414
804055795504
508797473442
863993984433
428271852122
744924332420
357903057140
112986610725
645927944112
420268502557
498951080844
981338409245
503138701739
560055763068
646118968954
907041810499
416552387838
278873661864
700720225898
483033885289
572317717418
606456569379
290329566440
864263932612
418309602052
74063861245
99720928700
624460157992
156009361414
141464517716
689175394469
558651619903
143828133269
203994369490
986837257562
397800446194
323303591203
155829523004
973275938148
148737580474
491681317897
182720227927
30936535690
557385731272
81202194052
559401028710
153837574504
778055429348
341048024333
227785607979
640929185615
369738520224
302803135349
610884160283
364935782187
806424246757
428779463345
389529877786
860738009139
747009195509
608085487081
203763759191
384858781794
719303510082
245183298936
964465770014
832728968520
315285351206
874734076112
617660849797
