70
223434834012
653731439578
569538800660
891201300125
31025888563
377642877124
162388992931
995195561198
990397105895
337020095455
502610188703
633203229895
786750140394
578694239202
303432452902
119770929626
304958162935
835845309345
712251356905
880588304714
453420654868
645897664443
784430021377
831159135061
33387791560
923913773349
999791689953
545803700671
795739201366
440079490351
958458404066
645227413595
27508267525
201697957510
938536679899
338759434580
819646395310
884797063109
475993925200
709442718691
907850428350
387978741047
242009775044
635350312517
123662997411
283399456343
637773798881
641410230284
397215299781
661912247460
881917906575
382246080552
550254710823
834181591055
443086389587
765097097701
315855468916
711507275309
992606358644
474178234198
92601758782
548520463216
930840471928
519449374477
27538353999
533221504099
867216139831
840136688650
381790417511
377068714256
