77
794781918388
994179784342
95855379825
255894312807
700688251880
90975930335
81175390764
772545780295
697196572747
620214726791
794954679504
441887167410
107741333490
998439789990
541559820863
815420701559
377997201534
672206144004
594443695370
817206573646
683631349733
971529810645
851928777741
694280545787
534904730037
133576054613
405667732528
403918709
484893945210
987065064705
958219293427
493383714747
425965983016
676229211052
938300696720
759084023975
368822184505
533429949903
110024699219
963192629687
652927092451
742494734412
428219380166
883008955996
669391455127
755484588363
265859394070
47586686895
531830798132
45783382785
876136341415
249007035977
396385396428
55330875705
958410579583
678438369510
833670707574
840060496057
658825084507
135469306694
834036190401
843722886876
605827671064
420354383189
85871033334
844275726550
6492552200
562289284833
868605439208
120544549243
581121476580
694022916462
423877865298
13313116107
957936408977
358591697123
633348001248
