71
675984217900
204095151107
446305545194
663901776490
603078517986
416957854775
622637629035
474980283176
983691634753
425455204726
560917964400
276684654938
199044539854
995546627245
202516092587
118124709372
743694339719
784974720646
451482971382
383173691676
432385254097
990419538450
785179048637
846353784433
990418774926
23576491959
919157424118
128128707237
418769986176
981283545384
146075916675
219583265328
290774194610
724395832279
212607747197
402127289920
19653498379
410232676500
435015702266
599793764573
255702665577
948508135868
570687964943
150296245989
920319813246
989677711250
552861257328
459967875701
307330622816
353682690421
858196318198
286952307693
410366258292
292964748282
95724715517
294970057682
48369254685
694607821533
126363657146
744635628108
200052692326
628931073568
183996331708
853954801504
733477316079
563977006878
838642606827
480576527373
852352021938
858679601522
823875383001
