66
38173635584
683906969934
246252785898
752679178819
843497557029
403387021571
886065881892
930083732468
162918960923
322813514102
204876142829
104621890252
506404366952
318306997690
194232810397
189782492512
46289440587
390679097445
328184104414
679818003387
860316940835
863580303149
770290800653
826510445878
84399347351
942059064406
590247704640
914897670879
363473408266
316781770371
587297727574
27886864032
644265748068
953407787848
573202335824
301853308914
580805937162
413114746844
929266255075
82053596759
754327299490
758509849294
673638355838
851678139606
379426748202
94794695429
832339319490
521463675669
684020202528
100073597965
667494585585
455292261213
580057829672
314772660176
738820221267
685506019944
687520414994
673990280033
968654504263
824069523294
26815588272
109523538476
144954699868
921640256696
90681255189
743092020413
