49
144336942812
60961727898
710269250032
73008305669
349626528459
562312758139
852782423123
559881551707
109163512331
595135105227
375848973618
305268713873
958872432875
305518147764
390592980531
48722194106
782847315377
407749096434
883811548346
209430199564
699426153442
537143763157
213080012371
407921153171
331470807729
664772449422
434693429005
708414782762
136826719514
608901216461
742256294744
353228611201
433810266343
840649388529
613673008273
713321376060
370573068939
291531357066
698186870144
699614950246
795509089275
1034996953
248734275146
422517156561
49595827276
155913030254
483385847640
674559286936
489673037507
