76
657347248392
316085901678
194866304631
837902056413
980531767382
568276848522
57287521399
508620895662
519223051517
144364627006
537426991235
185039184619
705340380963
285837223274
183048637185
470007966121
640901502965
4946889429
298880804267
777979212023
134458418780
702464787681
640042402231
81729311563
608688775199
875635429497
674291945490
21291819256
967459843544
924171082471
199840683660
487800484702
162482151155
95440452749
600880081855
917279532051
260319104656
836373468938
181754061677
521898186244
34398049582
989642861985
848159727331
889614848948
539704590627
541805384552
376188374647
367955802753
809822710979
232771607190
536400264243
75234803629
427177594153
470534761167
167534097146
399393957983
170659632973
679387361815
162820155379
181255276418
710290207695
339214915181
752610493596
950141073425
626975202169
753874422143
682699725376
915285476149
654984859121
225364416239
141256141495
536527922699
66354624312
62439518366
540428131971
691831499962
