1 2
1

15 2
1 1 1 1 1 1 1 1 1 1 1 1 1 1 1

15 1000
500 500 500 500 500 500 500 500 500 500 500 500 500 500 500

1 172.486
64.924

2 98.1789
42.8602 28.7622

3 747.702
339.687 191.953 330.811

4 432.315
209.041 174.832 156.219 182.947

5 599.054
281.592 236.472 245.955 246.138 185.012

6 222.735
75.119 89.8434 65.6907 108.126 56.5866 91.5656

7 438.627
215.382 219.15 145.083 142.44 211.747 162.77 217.468

8 7.45474
2.36893 3.05719 3.3041 1.98294 2.44011 3.04063 3.5084 3.61841

9 830.745
387.204 260.765 227.745 280.142 228.356 375.341 242.462 384.2 392.748

10 83.3768
34.0832 25.5596 37.4357 26.4852 39.0857 34.9367 30.1047 38.627 41.4422 30.8617

11 4.03505
1.50562 1.92136 1.09309 1.91026 1.07859 1.77433 1.85537 1.17139 1.85286 1.51923 1.52754

12 4.03013
1.58257 1.3298 1.86675 1.95834 1.09096 1.33285 1.02141 1.46601 1.37358 1.75641 1.98697 1.34813

13 3.95337
1.08314 1.93717 1.89368 1.09446 1.31683 1.22402 1.5674 1.55335 1.82528 1.05564 1.6356 1.55133 1.37542

14 4.18649
1.50324 1.44446 1.44906 1.55487 2.07225 2.00554 1.50774 2.03808 1.37451 1.34784 1.50771 1.26509 1.9284 1.25299

15 3.59196
1.27527 1.09599 1.13358 1.42686 1.18679 1.03034 1.07541 1.31191 1.64464 1.26224 1.53338 1.71231 1.71268 1.0398 1.27521

1 313.04
89.4296

2 660.726
212.245 278.886

3 618.018
155.195 191.385 307.294

4 138.194
35.0025 44.6964 52.1579 41.397

5 285.676
140.681 73.5679 116.743 78.1231 125.751

6 5.27068
1.4326 1.99872 2.41794 1.53905 1.81198 1.49623

7 862.872
423.535 339.067 232.637 420.691 326.096 424.217 303.828

8 271.431
123.643 135.656 73.9468 103.812 68.8813 93.3418 107.073 90.3279

9 995.918
295.632 266.313 277.191 311.842 316.513 367.58 275.634 395.618 276.456

10 318.025
113.711 97.2893 149.338 156.526 122.26 145.071 126.505 90.1452 123.786 92.962

11 12.4065
4.83917 4.31985 4.91714 3.60261 4.32107 4.93488 6.00638 3.12281 3.67643 6.14806 3.86531

12 906.216
424.396 259.973 320.807 250.032 312.824 425.97 380.346 308.856 439.632 324.641 401.707 342.171

13 316.128
149.927 147.235 139.041 103.705 138.275 127.186 100.503 90.5279 143.778 99.6854 136.716 147.447 84.7226

14 3.7669
1.87848 1.45497 1.19991 1.08023 1.37617 1.69424 1.74845 1.56865 1.08856 1.71777 1.1423 1.3963 1.69235 1.87175

15 4.12259
1.12393 1.72319 1.6188 1.69417 1.63917 1.93692 1.07354 1.85433 2.05487 1.19158 1.46731 1.19264 1.31903 2.03021 1.24622

1 392.774
185.691

2 401.271
182.818 145.23

3 631.634
286.885 310.79 212.02

4 855.496
222.818 381.87 309.116 221.39

5 751.841
331.988 371.445 348.182 336.609 254.084

6 67.5812
22.1789 20.6666 24.5544 29.8953 32.8551 23.8171

7 109.677
42.9772 39.7313 36.2121 50.6455 38.8397 32.5376 44.7385

8 184.313
74.3672 91.8809 89.5356 82.7176 70.3288 56.9647 73.5037 56.4849

9 802.734
372.889 396.097 347.705 320.348 276.585 296.99 396.197 318.991 234.328

10 771.312
273.341 329.257 259.933 196.871 255.272 361.617 233.36 329.691 307.281 217.396

11 4.00929
1.22079 1.13509 1.29829 1.65055 1.70074 1.13428 1.32268 1.20804 1.69936 1.73266 1.10065

12 3.80844
1.42447 1.83192 1.25216 1.45882 1.03451 1.80327 1.72848 1.49231 1.77812 1.27673 1.08434 1.2671

13 3.83448
1.10377 1.79788 1.11436 1.29683 1.0933 1.5874 1.09582 1.27253 1.30388 1.0303 1.57363 1.68697 1.43988

14 4.51783
1.28254 2.10958 1.70748 1.20817 1.4918 1.27596 1.41665 1.98061 1.54703 1.4998 1.95044 1.6801 1.45794 1.68499

15 5.26983
2.48623 1.93063 2.32844 1.54592 2.16721 2.18373 2.13364 1.46023 1.49303 1.49212 2.45934 2.63239 2.58734 2.47183 1.97719

1 255.983
112.535

2 159.629
75.229 55.9301

3 384.04
158.416 155.696 112.339

4 421.21
145.98 167.343 195.358 188.447

5 854.564
392.311 404.326 422.804 336.046 290.163

0 0
