8
7
7
7
7
7
7
7
0 1 2 3 4 5 6
8
6 7
7
7
7
7
7
0
0 1 2 3 4 5
8
6 7
7
7
7
7
7
0 7
0 1 2 3 4 5 6
8
6 7
6
7
7
7
7
0 1
0 2 3 4 5
8
6
6
7
7
7
7
0 1 7
2 3 4 5 6
8
6 7
6
7
7
7
7
0 1 7
0 2 3 4 5 6
8
6 7
6
6
7
7
7
0 1 2
0 3 4 5
8
6
6
6
7
7
7
0 1 2 7
3 4 5 6
8
6 7
6
6
7
7
7
0 1 2 7
0 3 4 5 6
8
5 7
6 7
7
7
7
0
1
0 1 2 3 4
8
5 7
6 7
7
7
7
0 7
1
0 1 2 3 4 5
8
5 7
6 7
7
7
7
0 7
1 7
0 1 2 3 4 5 6
8
5 6 7
6
7
7
7
0
0 1
0 2 3 4
8
5 6
6 7
7
7
7
0
0 1
1 2 3 4
8
5 6 7
6
7
7
7
0 7
0 1
0 2 3 4 5
8
5 6
6 7
7
7
7
0 7
0 1
1 2 3 4 5
8
5 6 7
6
7
7
7
0
0 1 7
0 2 3 4 6
8
5 7
6 7
6
7
7
0
1 2
0 1 3 4
8
5 7
6 7
6
7
7
0 7
1 2
0 1 3 4 5
8
5 7
6
6
7
7
0
1 2 7
0 3 4 6
8
5 7
6 7
6
7
7
0
1 2 7
0 1 3 4 6
8
5 7
6
6
7
7
0 7
1 2 7
0 3 4 5 6
8
5 7
6 7
6
7
7
0 7
1 2 7
0 1 3 4 5 6
8
5 6
6
6
7
7
0 7
0 1 2
3 4 5
8
5 6 7
6
6
7
7
0 7
0 1 2
0 3 4 5
8
5 6
6 7
6
7
7
0 7
0 1 2
1 3 4 5
8
5 6 7
6
6
7
7
0
0 1 2 7
0 3 4 6
8
5 7
6 7
6
6
7
0
1 2 3
0 1 4
8
5 7
6 7
6
6
7
0 7
1 2 3
0 1 4 5
8
5 7
6 7
6
6
7
0
1 2 3 7
0 1 4 6
8
5 7
6
6
6
7
0 7
1 2 3 7
0 4 5 6
8
5 7
6 7
6
6
7
0 7
1 2 3 7
0 1 4 5 6
8
5 6 7
7
7
7
7
0 6
0 5
0 1 2 3 4
8
5 6 7
6
7
7
7
0 6
0 1 5
0 2 3 4
8
5 6
6 7
7
7
7
0 6
0 1 5
1 2 3 4
8
5 6
6 7
7
7
7
0 6
0 1 5 7
1 2 3 4 6
8
5 6
5 7
6
7
7
0 1
0 2
1 3 4
8
5 6
5 7
6 7
7
7
0 1
0 2
1 2 3 4
8
5 6 7
5
6
7
7
0 1 7
0 2
0 3 4 5
8
5 6
5 7
6
7
7
0 1 7
0 2
1 3 4 5
8
5 6
5
6 7
7
7
0 1 7
0 2
2 3 4 5
8
5 6
5 7
6 7
7
7
0 1 7
0 2
1 2 3 4 5
8
5 7
5
6 7
6
7
0 1
2 3
0 2 4
8
5
5
6 7
6
7
0 1 7
2 3
2 4 5
8
5 7
5
6 7
6
7
0 1 7
2 3
0 2 4 5
8
5
5
6
6
7
0 1 7
2 3 7
4 5 6
8
5 7
5
6
6
7
0 1 7
2 3 7
0 4 5 6
8
5 7
5
6 7
6
7
0 1 7
2 3 7
0 2 4 5 6
8
5 6
5 7
6 7
6
7
0 1
0 2 3
1 2 4
8
5 6
5 7
6
6
7
0 1 7
0 2 3
1 4 5
8
5 6
5
6 7
6
7
0 1 7
0 2 3
2 4 5
8
5 6
5 7
6 7
6
7
0 1 7
0 2 3
1 2 4 5
8
5 6
5 7
6 7
6
7
0 1
0 2 3 7
1 2 4 6
8
5 7
5
6 7
6
6
0 1 7
2 3 4 7
0 2 5 6
8
5 6
5 7
6 7
7
7
0 1 6
0 2 5
1 2 3 4
8
4 7
5 7
6 7
7
0
1
2
0 1 2 3
8
4 7
5 7
6 7
7
0 7
1
2
0 1 2 3 4
8
4 7
5 7
6 7
7
0 7
1 7
2
0 1 2 3 4 5
8
4 7
5 7
6 7
7
0 7
1 7
2 7
0 1 2 3 4 5 6
8
4 6 7
5 7
6
7
0
1
0 2
0 1 3
8
4 6
5 7
6 7
7
0
1
0 2
1 2 3
8
4 6 7
5 7
6
7
0 7
1
0 2
0 1 3 4
8
4 6
5 7
6 7
7
0 7
1
0 2
1 2 3 4
8
4 6 7
5 7
6
7
0
1 7
0 2
0 1 3 5
8
4 6
5 7
6 7
7
0
1 7
0 2
1 2 3 5
8
4 6 7
5 7
6
7
0 7
1 7
0 2
0 1 3 4 5
8
4 6
5 7
6 7
7
0 7
1 7
0 2
1 2 3 4 5
8
4 6 7
5 7
6
7
0
1
0 2 7
0 1 3 6
8
4 6 7
5 7
6
7
0
1 7
0 2 7
0 1 3 5 6
8
4 6
5 6
6
7
0 7
1 7
0 1 2
3 4 5
8
4 6 7
5 6
6
7
0 7
1 7
0 1 2
0 3 4 5
8
4 6
5 6
6 7
7
0 7
1 7
0 1 2
2 3 4 5
8
4 7
5 7
6 7
6
0
1
2 3
0 1 2
8
4 7
5 7
6 7
6
0 7
1
2 3
0 1 2 4
8
4 7
5 7
6 7
6
0 7
1 7
2 3
0 1 2 4 5
8
4 7
5 7
6
6
0
1
2 3 7
0 1 6
8
4 7
5 7
6 7
6
0
1
2 3 7
0 1 2 6
8
4 7
5 7
6
6
0 7
1
2 3 7
0 1 4 6
8
4 7
5 7
6 7
6
0 7
1
2 3 7
0 1 2 4 6
8
4 7
5 7
6
6
0 7
1 7
2 3 7
0 1 4 5 6
8
4 7
5 7
6 7
6
0 7
1 7
2 3 7
0 1 2 4 5 6
8
4 6
5 7
6 7
6
0 7
1
0 2 3
1 2 4
8
4 6
5 7
6 7
6
0
1 7
0 2 3
1 2 5
8
4 6
5 7
6
6
0 7
1 7
0 2 3
1 4 5
8
4 6 7
5 7
6
6
0 7
1 7
0 2 3
0 1 4 5
8
4 6
5 7
6 7
6
0 7
1 7
0 2 3
1 2 4 5
8
4 6 7
5 7
6
6
0
1 7
0 2 3 7
0 1 5 6
8
4 6
5 7
6 7
6
0
1 7
0 2 3 7
1 2 5 6
8
4 6 7
5 7
7
7
0 6
1
0 4
0 1 2 3
8
4 6 7
5 7
7
7
0 6
1 7
0 4
0 1 2 3 5
8
4 6 7
5 6
7
7
0 6
1 7
0 1 4
0 2 3 5
8
4 6
5 6 7
7
7
0 6
1 7
0 1 4
1 2 3 5
8
4 6 7
5 7
6
7
0 6
1 7
0 2 4
0 1 3 5
8
4 6
5 7
6 7
7
0 6
1 7
0 2 4
1 2 3 5
8
4 6
5 7
6
7
0 6
1 7
0 2 4 7
1 3 5 6
8
4 6
5 7
6 7
7
0 6
1 7
0 2 4 7
1 2 3 5 6
8
4 5 7
5 6
6 7
7
0
0 1
1 2
0 2 3
8
4 5
5 6
6 7
7
0 7
0 1
1 2
2 3 4
8
4 5 7
5 6
6 7
7
0 7
0 1
1 2
0 2 3 4
8
4 5 7
5 6
6 7
7
0
0 1 7
1 2
0 2 3 5
8
4 5 7
5 6
6
7
0
0 1
1 2 7
0 3 6
8
4 5 7
5 6
6 7
7
0
0 1
1 2 7
0 2 3 6
8
4 5 7
5 6
6 7
7
0 7
0 1
1 2 7
0 2 3 4 6
8
4 5
5 7
6 7
6
0 7
0 1
2 3
1 2 4
8
4 5 7
5
6 7
6
0
0 1 7
2 3
0 2 5
8
4 5 7
5
6 7
6
0
0 1
2 3 7
0 2 6
8
4 5
5 7
6 7
6
0
0 1
2 3 7
1 2 6
8
4 5 7
5
6
6
0 7
0 1
2 3 7
0 4 6
8
4 5
5 7
6
6
0 7
0 1
2 3 7
1 4 6
8
4 5 7
5
6 7
6
0 7
0 1
2 3 7
0 2 4 6
8
4 5
5 7
6 7
6
0 7
0 1
2 3 7
1 2 4 6
8
4 5 7
5
6
6
0
0 1 7
2 3 7
0 5 6
8
4 5 7
5
6 7
6
0
0 1 7
2 3 7
0 2 5 6
8
4 5 7
5 6
6 7
6
0
0 1 7
1 2 3
0 2 5
8
4 5 7
5 6
6 7
6
0 7
0 1
1 2 3 7
0 2 4 6
8
4 5 7
5 6
7
7
0 6 7
0 1
1 4
0 2 3 4
8
4 5 7
5 6
6 7
7
0 6
0 1 7
1 2 4
0 2 3 5
8
4 5 6
5 7
6 7
7
0 7
0 1 6
0 2 5
1 2 3 4
8
4 7
5 6
5 7
6
0
1 2
1 3
0 2
8
4 7
5 6
5 7
6 7
0
1 2
1 3
0 2 3
8
4 7
5 6 7
5
6
0 7
1 2
1 3
0 1 4
8
4 7
5 6
5 7
6
0 7
1 2
1 3
0 2 4
8
4 7
5 6
5 7
6 7
0 7
1 2
1 3
0 2 3 4
8
4 7
5 6 7
5
6
0
1 2 7
1 3
0 1 5
8
4 7
5 6
5 7
6
0
1 2 7
1 3
0 2 5
8
4 7
5 6
5
6 7
0
1 2 7
1 3
0 3 5
8
4 7
5 6
5 7
6 7
0
1 2 7
1 3
0 2 3 5
8
4 7
5 6
5
6
0 7
1 2 7
1 3
0 4 5
8
4 7
5 6 7
5
6
0 7
1 2 7
1 3
0 1 4 5
8
4 7
5 6
5 7
6
0 7
1 2 7
1 3
0 2 4 5
8
4 7
5 6
5
6 7
0 7
1 2 7
1 3
0 3 4 5
8
4 7
5 6
5 7
6 7
0 7
1 2 7
1 3
0 2 3 4 5
8
4 6
5 6
5 7
6 7
0 7
1 2
0 1 3
2 3 4
8
4 6 7
5 6
5 7
6
0
1 2 7
0 1 3
0 2 5
8
4 6
5 6
5 7
6 7
0
1 2 7
0 1 3
2 3 5
8
4 6 7
5 6
5
6
0 7
1 2 7
0 1 3
0 4 5
8
4 6
5 6
5 7
6
0 7
1 2 7
0 1 3
2 4 5
8
4 6 7
5 6
5 7
6
0 7
1 2 7
0 1 3
0 2 4 5
8
4 6
5 6
5
6 7
0 7
1 2 7
0 1 3
3 4 5
8
4 6
5 6
5 7
6 7
0 7
1 2 7
0 1 3
2 3 4 5
8
4 6
5 6
5 7
7
0 6
1 2 7
0 1 4
2 3 5
8
4 6 7
5 6
5 7
7
0 6
1 2 7
0 1 4
0 2 3 5
8
4 6 7
5 7
5
6
0 6
1 2 7
0 3 4
0 1 5
8
4 6 7
5 6
5 7
7
0 7
1 2 6
0 1 5
0 2 3 4
8
4 7
5 6
5 7
6 7
0 7
1 2 6
1 3 5
0 2 3 4
8
4 7
5 6
5 7
6
0 7
1 2 6 7
1 3 5
0 2 4 5
8
4 5 7
6
6
7
0 5
0 4
1 2 7
0 3 6
8
4 5 7
6 7
6
7
0 5
0 4
1 2 7
0 1 3 6
8
4 5
4 6
5 6 7
7
0 1 7
0 2
1 2
2 3 4
8
4 5
4 6
5 7
6 7
0 1
0 2
1 3
2 3
8
4 5
4 6
5 7
6 7
0 1 7
0 2
1 3
2 3 4
8
4 5
4 6 7
5 7
6
0 1
0 2 7
1 3
1 2 5
8
4 5 7
4 6
5
6 7
0 1
0 2 7
1 3
0 3 5
8
4 5
4 6
5 7
6 7
0 1
0 2 7
1 3
2 3 5
8
4 5 7
4 6
5
6
0 1
0 2 7
1 3 7
0 5 6
8
4 5
4 6
5 7
6
0 1
0 2 7
1 3 7
2 5 6
8
4 5
4 6 7
5 7
6
0 1
0 2 7
1 3 7
1 2 5 6
8
4 5
4 6
5 7
6 7
0 1
0 2 7
1 3 7
2 3 5 6
8
4 5
4 7
5 6
6 7
0 1 6
0 2 7
2 3 4
1 3 5
8
4 6
4 7
5 6
5 7
0 1 6
2 3 7
0 2 4
1 3 5
8
4 6
4 7
5 6
5 7
0 1 6 7
2 3 7
0 2 4
1 3 4 5
8
3 6
4 6
5 6
0 7
1 7
2 7
0 1 2
3 4 5
8
3 6 7
4 6
5 6
0 7
1 7
2 7
0 1 2
0 3 4 5
8
3 6 7
4 7
5 7
0 6
1 7
2
0 3
0 1 2 4
8
3 6 7
4 7
5 7
0 6
1 7
2 7
0 3
0 1 2 4 5
8
3 6
4 6
5 7
0 6
1 7
2 7
0 1 3
2 4 5
8
3 6 7
4 6
5 7
0 6
1 7
2 7
0 1 3
0 2 4 5
8
3 6
4 6 7
5 7
0 6
1 7
2 7
0 1 3
1 2 4 5
8
3 6
4 6 7
5 7
0 6
1
2 7
0 1 3 7
1 2 5 6
8
3 5 6
4 6 7
5 7
0 6
1 7
0 2 7
0 1 3
1 2 4 5
8
3 5 7
4 7
5 6
0 6 7
1
0 2
2 3
0 1 3
8
3 5 7
4 7
5 6
0 6 7
1 7
0 2
2 3
0 1 3 4
8
3 5 7
4 6 7
5 6
0 6
1 7
0 2
1 2 3
0 1 4
8
3 5 7
4 6 7
5 6
0 6
1
0 2 7
1 2 3
0 1 5
8
3 5 7
4 6
5 6
0 6
1 7
0 2 7
1 2 3
0 4 5
8
3 5 7
4 6 7
5 6
0 6
1 7
0 2 7
1 2 3
0 1 4 5
8
3 5 6
4 6 7
5 7
0
1 6
0 2 7
0 1 4
1 2 5
8
3 5 7
4 6 7
5 6
0 7
1 6
0 2
1 2 4
0 1 3
8
3 5 7
4 6 7
5 6
0
1 6
0 2 7
1 2 4
0 1 5
8
3 5 6
4 6 7
5 7
0 7
1 7
0 2 6
0 1 5
1 2 3 4
8
3 5 7
4 6 7
6
0 5
1 7
0 3
1 2
0 1 4
8
3 5 7
4 6
6 7
0 5
1 7
0 3
1 2
0 2 4
8
3 5 7
4 6 7
6
0 5
1
0 3
1 2 7
0 1 6
8
3 5 7
4 6 7
7
0 5
1 6
0 3
1 4
0 1 2
8
3 4 7
4 5
5 6 7
0 6
0 1 7
1 2
2 3
0 2 4
8
3 4 6
4 5 7
5 6
0 6 7
0 1
1 2 7
0 2 3
1 3 5
8
5 6
5 7
6 7
6 7
6 7
0 1
0 2 3 4
1 2 3 4
8
5 6
5 7
5 7
6 7
6 7
0 1 2
0 3 4
1 2 3 4
8
5 6 7
5 6
5 7
6 7
6 7
0 1 2
0 1 3 4
0 2 3 4
8
5 6
5 6
5 7
6 7
6 7
0 1 2 7
0 1 3 4
2 3 4 5
8
5 6 7
5 6 7
5 6
5 7
6 7
0 1 2 3
0 1 2 4
0 1 3 4
8
4 6
5 6
6 7
6 7
0 7
1 7
0 1 2 3
2 3 4 5
8
4 5
5 6
6 7
6 7
0 7
0 1
1 2 3
2 3 4
8
4 5 7
5 6
6 7
6 7
0 7
0 1
1 2 3
0 2 3 4
8
4 5
5 6 7
6 7
6 7
0 7
0 1
1 2 3
1 2 3 4
8
4 5
5 6
6 7
6 7
0 7
0 1 7
1 2 3
2 3 4 5
8
4 5
5 6
6 7
6 7
0 7
0 1
1 2 3 7
2 3 4 6
8
4 5 6
5 6 7
6 7
6 7
0 7
0 1
0 1 2 3
1 2 3 4
8
4 5 6
5 6
6 7
6 7
0 7
0 1 7
0 1 2 3
2 3 4 5
8
4 5 6
5 7
6 7
6 7
0 6 7
0 1
0 2 3 4
1 2 3 4
8
4 5 6
5 7
6 7
6 7
0 6
0 1 7
0 2 3 4
1 2 3 5
8
4 5
5 6 7
6 7
6 7
0 6 7
0 1
1 2 3 4
1 2 3 4
8
4 5 6
5 7
6 7
6 7
0 7
0 1 6
0 2 3 5
1 2 3 4
8
4 6
5 6
5 7
6 7
0 7
1 2
0 1 3
2 3 4
8
4 6 7
5 6
5 7
6 7
0 7
1 2
0 1 3
0 2 3 4
8
4 6
5 6 7
5 7
6 7
0 7
1 2
0 1 3
1 2 3 4
8
4 6
5 6
5 7
6 7
0 7
1 2 7
0 1 3
2 3 4 5
8
4 6
5 6
5 7
6 7
0 7
1 2
0 1 3 7
2 3 4 6
8
4 6
5 7
5 7
6 7
0 7
1 2 6
0 3 5
1 2 3 4
8
4 6 7
5 6 7
5 6
6 7
0 7
1 2
0 1 2 3
0 1 3 4
8
4 6
5 6 7
5 6 7
6 7
0 7
1 2
0 1 2 3
1 2 3 4
8
4 6 7
5 6
5 7
6 7
0 6 7
1 2
0 1 3 4
0 2 3 4
8
4 6 7
5 6
5 7
6 7
0 7
1 2 6
0 1 3 5
0 2 3 4
8
4 6
5 6 7
5 7
6 7
0 7
1 2 6
0 1 3 5
1 2 3 4
8
4 6 7
5 7
5 7
6 7
0 6
1 2 6
0 3 4 5
0 1 2 3
8
4 5 6
6 7
6 7
6 7
0 5 7
0 4
0 1 2 3
1 2 3 4
8
4 5 6 7
5 6
5 7
6 7
0 7
0 1 2
0 1 3
0 2 3 4
8
4 5 6
5 6 7
5 7
6 7
0 7
0 1 2
0 1 3
1 2 3 4
8
4 5 6
5 6
5 7
6 7
0 7
0 1 2 7
0 1 3
2 3 4 5
8
4 5 7
5 6 7
5 7
6 7
0 6
0 1 2
1 3 4
0 1 2 3
8
4 5 7
5 6
5 7
6 7
0 6 7
0 1 2
1 3 4
0 2 3 4
8
4 5 7
5 6
5 7
6 7
0 6
0 1 2 7
1 3 4
0 2 3 5
8
4 5
5 6 7
5 7
6 7
0 6
0 1 2 7
1 3 4
1 2 3 5
8
4 5
5 6
5 7
6 7
0 6
0 1 2 7
1 3 4 7
2 3 5 6
8
4 5 6
5 6 7
5 6 7
6 7
0 7
0 1 2
0 1 2 3
1 2 3 4
8
4 5 6
5 6 7
5 7
6 7
0 6 7
0 1 2
0 1 3 4
1 2 3 4
8
4 5 6
5 6
5 7
6 7
0 6 7
0 1 2 7
0 1 3 4
2 3 4 5
8
4 5
5 6 7
5 6 7
6 7
0 6 7
0 1 2
1 2 3 4
1 2 3 4
8
4 5 7
5 6 7
5 6
6 7
0 6
0 1 2 7
1 2 3 4
0 1 3 5
8
4 5 7
5 6
5 6
6 7
0 6 7
0 1 2 7
1 2 3 4
0 3 4 5
8
4 5
5 6 7
5 6
6 7
0 6 7
0 1 2 7
1 2 3 4
1 3 4 5
8
4 6 7
5 6 7
5 6
5 7
0 7
1 2 3
0 1 2
0 1 3 4
8
4 6
5 6 7
5 6 7
5 7
0 7
1 2 3
0 1 2
1 2 3 4
8
4 6 7
5 6
5 6
5 7
0 7
1 2 3
0 1 2 7
0 3 4 6
8
4 6
5 6 7
5 6
5 7
0 7
1 2 3
0 1 2 7
1 3 4 6
8
4 6
5 6
5 6
5 7
0 7
1 2 3 7
0 1 2 7
3 4 5 6
8
4 6 7
5 6 7
5 7
5 7
0 6
1 2 3
0 1 4
0 1 2 3
8
4 6 7
5 6
5 7
5 7
0 6 7
1 2 3
0 1 4
0 2 3 4
8
4 6 7
5 6
5 7
5 7
0 6
1 2 3 7
0 1 4
0 2 3 5
8
4 6 7
5 6 7
5 6 7
5 6
0 7
1 2 3
0 1 2 3
0 1 2 4
8
4 6
5 6 7
5 6 7
5 6 7
0 7
1 2 3
0 1 2 3
1 2 3 4
8
4 6 7
5 6 7
5 6
5 6
0 7
1 2 3 7
0 1 2 3
0 1 4 5
8
4 6
5 6 7
5 6 7
5 6
0 7
1 2 3 7
0 1 2 3
1 2 4 5
8
4 6 7
5 6 7
5 6
5 7
0 6 7
1 2 3
0 1 2 4
0 1 3 4
8
4 6 7
5 6 7
5 6
5 7
0 6
1 2 3 7
0 1 2 4
0 1 3 5
8
4 6 7
5 6
5 6
5 7
0 6 7
1 2 3 7
0 1 2 4
0 3 4 5
8
4 5 6
5 7
6 7
6 7
0 5 7
0 1 4
0 2 3
1 2 3 4
8
4 5 6
5 7
6 7
6 7
0 5
0 1 4 7
0 2 3
1 2 3 5
8
4 5 6
5 6 7
6 7
6 7
0 5 7
0 1 4
0 1 2 3
1 2 3 4
8
4 5 6
5 6 7
5 6 7
5 6 7
0 7
0 1 2 3
0 1 2 3
1 2 3 4
8
4 5 7
5 6 7
5 6 7
5 6
0 6 7
0 1 2 3
1 2 3 4
0 1 2 4
8
4 5 6 7
4 5 6 7
6 7
6 7
0 1
0 1
0 1 2 3
0 1 2 3
8
4 5 6
4 5 6
6 7
6 7
0 1 7
0 1 7
0 1 2 3
2 3 4 5
8
4 5 6
4 5 7
6 7
6 7
0 1 6
0 1 7
0 2 3 4
1 2 3 5
8
4 5
4 6
5 7
6 7
0 1
0 2
1 3
2 3
8
4 5 7
4 6
5 7
6 7
0 1
0 2
1 3
0 2 3
8
4 5
4 6
5 7
6 7
0 1 7
0 2
1 3
2 3 4
8
4 5
4 6
5 7
6 7
0 1
0 2 7
1 3
2 3 5
8
4 5 7
4 6 7
5 7
6 7
0 1
0 2
1 3
0 1 2 3
8
4 5 7
4 6
5 7
6 7
0 1 7
0 2
1 3
0 2 3 4
8
4 5 7
4 6
5 7
6 7
0 1
0 2 7
1 3
0 2 3 5
8
4 5
4 6 7
5 7
6 7
0 1
0 2 7
1 3
1 2 3 5
8
4 5
4 6
5 7
6 7
0 1 7
0 2 7
1 3
2 3 4 5
8
4 5
4 6
5 7
6 7
0 1
0 2 7
1 3 7
2 3 5 6
8
4 5 7
4 6 7
5 6
6 7
0 1
0 2
1 2 3
0 1 3
8
4 5
4 6
5 6
6 7
0 1 7
0 2 7
1 2 3
3 4 5
8
4 5 7
4 6 7
5 6 7
6 7
0 1
0 2
1 2 3
0 1 2 3
8
4 5 7
4 6 7
5 6
6 7
0 1 7
0 2
1 2 3
0 1 3 4
8
4 5 7
4 6
5 6 7
6 7
0 1 7
0 2
1 2 3
0 2 3 4
8
4 5
4 6 7
5 6 7
6 7
0 1 7
0 2
1 2 3
1 2 3 4
8
4 5 7
4 6
5 6
6 7
0 1 7
0 2 7
1 2 3
0 3 4 5
8
4 5
4 6 7
5 6
6 7
0 1 7
0 2 7
1 2 3
1 3 4 5
8
4 5
4 6 7
5 6 7
6 7
0 1
0 2
1 2 3 7
1 2 3 6
8
4 5
4 7
5 6
6 7
0 1 6
0 2 7
2 3 4
1 3 5
8
4 5 7
4 7
5 6 7
6 7
0 1 6
0 2
2 3 4
0 1 2 3
8
4 5 7
4 7
5 6
6 7
0 1 6 7
0 2
2 3 4
0 1 3 4
8
4 5 7
4 7
5 6
6 7
0 1 6
0 2 7
2 3 4
0 1 3 5
8
4 5
4 7
5 6
6 7
0 1 6 7
0 2 7
2 3 4
1 3 4 5
8
4 5 6
4 6 7
5 6 7
6 7
0 1 7
0 2
0 1 2 3
1 2 3 4
8
4 5 6
4 6 7
5 7
6 7
0 1 6
0 2 7
0 1 3 4
1 2 3 5
8
4 5 6
4 7
5 6 7
6 7
0 1 6
0 2 7
0 2 3 4
1 2 3 5
8
4 5
4 6 7
5 6 7
6 7
0 1 6
0 2 7
1 2 3 4
1 2 3 5
8
4 5 7
4 6 7
5 7
6 7
0 1 6
0 2 6
1 3 4 5
0 1 2 3
8
4 5
4 6
5 7
6 7
0 1 6 7
0 2 6 7
1 3 4 5
2 3 4 5
8
4 6 7
4 6 7
5 6
5 7
0 1
2 3
0 1 2
0 1 3
8
4 6 7
4 6
5 6 7
5 7
0 1
2 3
0 1 2
0 2 3
8
4 6
4 6
5 6 7
5 7
0 1 7
2 3
0 1 2
2 3 4
8
4 6
4 6
5 6
5 7
0 1 7
2 3 7
0 1 2
3 4 5
8
4 6 7
4 6 7
5 6 7
5 7
0 1
2 3
0 1 2
0 1 2 3
8
4 6 7
4 6 7
5 6
5 7
0 1 7
2 3
0 1 2
0 1 3 4
8
4 6 7
4 6
5 6 7
5 7
0 1 7
2 3
0 1 2
0 2 3 4
8
4 6 7
4 6 7
5 6
5 7
0 1
2 3 7
0 1 2
0 1 3 5
8
4 6 7
4 6
5 6 7
5 7
0 1
2 3 7
0 1 2
0 2 3 5
8
4 6 7
4 6
5 6
5 7
0 1 7
2 3 7
0 1 2
0 3 4 5
8
4 6
4 6
5 6 7
5 7
0 1 7
2 3 7
0 1 2
2 3 4 5
8
4 6 7
4 6 7
5 6
5 7
0 1
2 3
0 1 2 7
0 1 3 6
8
4 6 7
4 6
5 6 7
5 7
0 1
2 3
0 1 2 7
0 2 3 6
8
4 6 7
4 6
5 6
5 7
0 1 7
2 3
0 1 2 7
0 3 4 6
8
4 6
4 6
5 6 7
5 7
0 1 7
2 3
0 1 2 7
2 3 4 6
8
4 6 7
4 6
5 6
5 7
0 1
2 3 7
0 1 2 7
0 3 5 6
8
4 6
4 6
5 6
5 7
0 1 7
2 3 7
0 1 2 7
3 4 5 6
8
4 6
4 7
5 6
5 7
0 1 6
2 3 7
0 2 4
1 3 5
8
4 6 7
4 7
5 6 7
5 7
0 1 6
2 3
0 2 4
0 1 2 3
8
4 6 7
4 7
5 6
5 7
0 1 6 7
2 3
0 2 4
0 1 3 4
8
4 6 7
4 7
5 6
5 7
0 1 6
2 3 7
0 2 4
0 1 3 5
8
4 6
4 7
5 6 7
5 7
0 1 6
2 3 7
0 2 4
1 2 3 5
8
4 6
4 7
5 6
5 7
0 1 6 7
2 3 7
0 2 4
1 3 4 5
8
4 6
4 7
5 6
5 7
0 1 6 7
2 3
0 2 4 7
1 3 4 6
8
4 6
4 7
5 6
5 7
0 1 6
2 3 7
0 2 4 7
1 3 5 6
8
4 7
4 7
5 6
5 6
0 1 6
2 3 7
2 3 4
0 1 5
8
4 7
4 7
5 6 7
5 6 7
0 1 6
2 3
2 3 4
0 1 2 3
8
4 7
4 7
5 6 7
5 6
0 1 6 7
2 3
2 3 4
0 1 2 4
8
4 7
4 7
5 6 7
5 6
0 1 6
2 3 7
2 3 4
0 1 2 5
8
4 7
4 7
5 6
5 6
0 1 6 7
2 3 7
2 3 4
0 1 4 5
8
4 7
4 7
5 6
5 6
0 1 6
2 3 7
2 3 4 7
0 1 5 6
8
4 6 7
4 6 7
5 6 7
5 6 7
0 1
2 3
0 1 2 3
0 1 2 3
8
4 6 7
4 6 7
5 6 7
5 6
0 1 7
2 3
0 1 2 3
0 1 2 4
8
4 6 7
4 6
5 6 7
5 6 7
0 1 7
2 3
0 1 2 3
0 2 3 4
8
4 6 7
4 6 7
5 6
5 6
0 1 7
2 3 7
0 1 2 3
0 1 4 5
8
4 6 7
4 6
5 6 7
5 6
0 1 7
2 3 7
0 1 2 3
0 2 4 5
8
4 6 7
4 6 7
5 6
5 7
0 1 6
2 3 7
0 1 2 4
0 1 3 5
8
4 6 7
4 6
5 6 7
5 7
0 1 6
2 3 7
0 1 2 4
0 2 3 5
8
4 6 7
4 7
5 6 7
5 6
0 1 6
2 3 7
0 2 3 4
0 1 2 5
8
4 6
4 6
5 7
5 7
0 1 6 7
2 3 6 7
0 1 4 5
2 3 4 5
8
4 6
4 7
5 6
5 7
0 1 6 7
2 3 6 7
0 2 4 5
1 3 4 5
8
4 5 6 7
4 5 6 7
5 7
6 7
0 1
0 1 2
0 1 3
0 1 2 3
8
4 5 6
4 5 6
5 7
6 7
0 1
0 1 2 7
0 1 3 7
2 3 5 6
8
4 5 6 7
4 5 6 7
5 6 7
6 7
0 1
0 1 2
0 1 2 3
0 1 2 3
8
4 5 6 7
4 5 6 7
5 6
6 7
0 1
0 1 2 7
0 1 2 3
0 1 3 5
8
4 5 6 7
4 5 6 7
5 7
6 7
0 1 6
0 1 2
0 1 3 4
0 1 2 3
8
4 5 6
4 5
5 6 7
6 7
0 1 6 7
0 1 2 7
0 2 3 4
2 3 4 5
8
4 5 6 7
4 6 7
5 6 7
5 7
0 1
0 2 3
0 1 2
0 1 2 3
8
4 5 6
4 6 7
5 6 7
5 7
0 1 7
0 2 3
0 1 2
1 2 3 4
8
4 5 6
4 6 7
5 6 7
5 7
0 1
0 2 3 7
0 1 2
1 2 3 5
8
4 5 6
4 6 7
5 6
5 7
0 1 7
0 2 3 7
0 1 2
1 3 4 5
8
4 5 6 7
4 6 7
5 6
5 7
0 1
0 2 3
0 1 2 7
0 1 3 6
8
4 5 6 7
4 6
5 6
5 7
0 1 7
0 2 3
0 1 2 7
0 3 4 6
8
4 5 6
4 6 7
5 6
5 7
0 1 7
0 2 3
0 1 2 7
1 3 4 6
8
4 5 6
4 6
5 6 7
5 7
0 1 7
0 2 3
0 1 2 7
2 3 4 6
8
4 5 6
4 6 7
5 6
5 7
0 1
0 2 3 7
0 1 2 7
1 3 5 6
8
4 5 6
4 6
5 6 7
5 7
0 1
0 2 3 7
0 1 2 7
2 3 5 6
8
4 5 6
4 6
5 6
5 7
0 1 7
0 2 3 7
0 1 2 7
3 4 5 6
8
4 5 6 7
4 7
5 6 7
5 6 7
0 1
0 2 3
0 2 3
0 1 2 3
8
4 5 6
4 7
5 6 7
5 6 7
0 1 7
0 2 3
0 2 3
1 2 3 4
8
4 5 6 7
4 7
5 6 7
5 6
0 1
0 2 3 7
0 2 3
0 1 2 5
8
4 5 6 7
4 7
5 6
5 6
0 1 7
0 2 3 7
0 2 3
0 1 4 5
8
4 5 6 7
4 7
5 6
5 6
0 1
0 2 3 7
0 2 3 7
0 1 5 6
8
4 5 6
4 7
5 6 7
5 6
0 1
0 2 3 7
0 2 3 7
1 2 5 6
8
4 5 6
4 7
5 6
5 6
0 1 7
0 2 3 7
0 2 3 7
1 4 5 6
8
4 5 7
4 6 7
5 6 7
5 6
0 1
0 2 3
1 2 3
0 1 2
8
4 5 7
4 6
5 6 7
5 6 7
0 1
0 2 3
1 2 3
0 2 3
8
4 5 7
4 6 7
5 6 7
5 6 7
0 1
0 2 3
1 2 3
0 1 2 3
8
4 5 7
4 6 7
5 6 7
5 6
0 1 7
0 2 3
1 2 3
0 1 2 4
8
4 5 7
4 6
5 6 7
5 6 7
0 1 7
0 2 3
1 2 3
0 2 3 4
8
4 5 7
4 6 7
5 6 7
5 6
0 1
0 2 3 7
1 2 3
0 1 2 5
8
4 5 7
4 6
5 6 7
5 6 7
0 1
0 2 3 7
1 2 3
0 2 3 5
8
4 5
4 6 7
5 6 7
5 6 7
0 1
0 2 3 7
1 2 3
1 2 3 5
8
4 5 7
4 6 7
5 6
5 6
0 1 7
0 2 3 7
1 2 3
0 1 4 5
8
4 5 7
4 6
5 6 7
5 6
0 1 7
0 2 3 7
1 2 3
0 2 4 5
8
4 5
4 6 7
5 6 7
5 6
0 1 7
0 2 3 7
1 2 3
1 2 4 5
8
4 5
4 6
5 6 7
5 6 7
0 1 7
0 2 3 7
1 2 3
2 3 4 5
8
4 5 7
4 6 7
5 6
5 6
0 1
0 2 3 7
1 2 3 7
0 1 5 6
8
4 5 7
4 6
5 6 7
5 6
0 1
0 2 3 7
1 2 3 7
0 2 5 6
8
4 5
4 6
5 6 7
5 6 7
0 1
0 2 3 7
1 2 3 7
2 3 5 6
8
4 5 7
4 6
5 6
5 6
0 1 7
0 2 3 7
1 2 3 7
0 4 5 6
8
4 5
4 6
5 6 7
5 6
0 1 7
0 2 3 7
1 2 3 7
2 4 5 6
8
4 5 6
4 6 7
5 6 7
5 6 7
0 1 7
0 2 3
0 1 2 3
1 2 3 4
8
4 5 6
4 6 7
5 6 7
5 6 7
0 1
0 2 3 7
0 1 2 3
1 2 3 5
8
4 5 6
4 6 7
5 6 7
5 7
0 1 6
0 2 3 7
0 1 2 4
1 2 3 5
8
4 5 6
4 6
5 6 7
5 7
0 1 6 7
0 2 3 7
0 1 2 4
2 3 4 5
8
4 5 6
4 7
5 6 7
5 6
0 1 6 7
0 2 3 7
0 2 3 4
1 2 4 5
8
4 5 7
4 6 7
5 6 7
5 6
0 1 6
0 2 3 7
1 2 3 4
0 1 2 5
8
4 5 7
4 6
5 6 7
5 6 7
0 1 6
0 2 3 7
1 2 3 4
0 2 3 5
8
4 5
4 6 7
5 6 7
5 6 7
0 1 6
0 2 3 7
1 2 3 4
1 2 3 5
8
4 5 7
4 6 7
5 6
5 6
0 1 6 7
0 2 3 7
1 2 3 4
0 1 4 5
8
4 5 7
4 6
5 6 7
5 6
0 1 6 7
0 2 3 7
1 2 3 4
0 2 4 5
8
4 5
4 6 7
5 6 7
5 6
0 1 6 7
0 2 3 7
1 2 3 4
1 2 4 5
8
4 5
4 6
5 6 7
5 6 7
0 1 6 7
0 2 3 7
1 2 3 4
2 3 4 5
8
4 5 6
4 5
6 7
6 7
0 1 5 7
0 1 4 7
0 2 3
2 3 4 5
8
4 5 6
4 5 7
6 7
6 7
0 1 5
0 1 4
0 2 3 7
1 2 3 6
8
4 5 6
4 5
6 7
6 7
0 1 5 7
0 1 4
0 2 3 7
2 3 4 6
8
4 5 6 7
4 6
5 7
6 7
0 1 5
0 2 4
0 1 3 7
0 2 3 6
8
4 5 6
4 6 7
5 7
6 7
0 1 5
0 2 4
0 1 3 7
1 2 3 6
8
4 5 6
4 6
5 7
6 7
0 1 5 7
0 2 4
0 1 3 7
2 3 4 6
8
4 5 6
4 6
5 7
6 7
0 1 5
0 2 4 7
0 1 3 7
2 3 5 6
8
4 5 7
4 6 7
5 6 7
6 7
0 1 5
0 2 4
1 2 3
0 1 2 3
8
4 5
4 6 7
5 6 7
6 7
0 1 5 7
0 2 4
1 2 3
1 2 3 4
8
4 5 7
4 6
5 6
6 7
0 1 5 7
0 2 4 7
1 2 3
0 3 4 5
8
4 5
4 6 7
5 6
6 7
0 1 5 7
0 2 4 7
1 2 3
1 3 4 5
8
4 5
4 6 7
5 6 7
6 7
0 1 5
0 2 4
1 2 3 7
1 2 3 6
8
4 5 7
4 6
5 6
6 7
0 1 5 7
0 2 4
1 2 3 7
0 3 4 6
8
4 5
4 6 7
5 6
6 7
0 1 5 7
0 2 4
1 2 3 7
1 3 4 6
8
4 5
4 6
5 6 7
6 7
0 1 5 7
0 2 4
1 2 3 7
2 3 4 6
8
4 5
4 6
5 6
6 7
0 1 5 7
0 2 4 7
1 2 3 7
3 4 5 6
8
4 5 6
4 6 7
5 6 7
6 7
0 1 5 7
0 2 4
0 1 2 3
1 2 3 4
8
4 6 7
4 6 7
5 6 7
5 7
0 1 5
2 3 4
0 1 2
0 1 2 3
8
4 6 7
4 6 7
5 6
5 7
0 1 5
2 3 4 7
0 1 2
0 1 3 5
8
4 6 7
4 6
5 6 7
5 7
0 1 5
2 3 4 7
0 1 2
0 2 3 5
8
4 6 7
4 6 7
5 6
5 7
0 1 5
2 3 4
0 1 2 7
0 1 3 6
8
4 6 7
4 6
5 6 7
5 7
0 1 5
2 3 4
0 1 2 7
0 2 3 6
8
4 6 7
4 6
5 6
5 7
0 1 5 7
2 3 4
0 1 2 7
0 3 4 6
8
4 6
4 6
5 6 7
5 7
0 1 5 7
2 3 4
0 1 2 7
2 3 4 6
8
4 6 7
4 6
5 6
5 7
0 1 5
2 3 4 7
0 1 2 7
0 3 5 6
8
4 6
4 6
5 6 7
5 7
0 1 5
2 3 4 7
0 1 2 7
2 3 5 6
8
4 6
4 6
5 6
5 7
0 1 5 7
2 3 4 7
0 1 2 7
3 4 5 6
8
4 6 7
4 6 7
5 6 7
5 6 7
0 1 5
2 3 4
0 1 2 3
0 1 2 3
8
4 6 7
4 6 7
5 6 7
5 6
0 1 5 7
2 3 4
0 1 2 3
0 1 2 4
8
4 6 7
4 6
5 6 7
5 6 7
0 1 5 7
2 3 4
0 1 2 3
0 2 3 4
8
4 6 7
4 6 7
5 6
5 6
0 1 5 7
2 3 4 7
0 1 2 3
0 1 4 5
8
4 6 7
4 6
5 6 7
5 6
0 1 5 7
2 3 4 7
0 1 2 3
0 2 4 5
8
4 5 6 7
4 5 6 7
4 5 7
6 7
0 1 2
0 1 2
0 1 3
0 1 2 3
8
4 5 6 7
4 5 6 7
4 5
6 7
0 1 2 7
0 1 2
0 1 3
0 1 3 4
8
4 5 6 7
4 5 6
4 5
6 7
0 1 2 7
0 1 2 7
0 1 3
0 3 4 5
8
4 5 6
4 5 6
4 5 7
6 7
0 1 2 7
0 1 2 7
0 1 3
2 3 4 5
8
4 5 6 7
4 5 6 7
4 5
6 7
0 1 2
0 1 2
0 1 3 7
0 1 3 6
8
4 5 6 7
4 5 6
4 5
6 7
0 1 2 7
0 1 2
0 1 3 7
0 3 4 6
8
4 5 6
4 5 6
4 5 7
6 7
0 1 2 7
0 1 2
0 1 3 7
2 3 4 6
8
4 5 6
4 5 6
4 5
6 7
0 1 2 7
0 1 2 7
0 1 3 7
3 4 5 6
8
4 5 6 7
4 5 6 7
4 5 6 7
6 7
0 1 2
0 1 2
0 1 2 3
0 1 2 3
8
4 5 6
4 5 7
4 6 7
5 6 7
0 1 2
0 1 3
0 2 3
1 2 3
8
4 5 6 7
4 5 7
4 6 7
5 6 7
0 1 2
0 1 3
0 2 3
0 1 2 3
8
4 5 6
4 5 7
4 6 7
5 6 7
0 1 2 7
0 1 3
0 2 3
1 2 3 4
8
4 5 6 7
4 5 7
4 6
5 6
0 1 2 7
0 1 3 7
0 2 3
0 1 4 5
8
4 5 6 7
4 5
4 6 7
5 6
0 1 2 7
0 1 3 7
0 2 3
0 2 4 5
8
4 5 6
4 5 7
4 6 7
5 6
0 1 2 7
0 1 3 7
0 2 3
1 2 4 5
8
4 5 6
4 5
4 6 7
5 6 7
0 1 2 7
0 1 3 7
0 2 3
2 3 4 5
8
4 5 6 7
4 5
4 6
5 6
0 1 2 7
0 1 3 7
0 2 3 7
0 4 5 6
8
4 5 6
4 5 7
4 6
5 6
0 1 2 7
0 1 3 7
0 2 3 7
1 4 5 6
8
4 5 6 7
4 5 6 7
4 6 7
5 6 7
0 1 2
0 1 3
0 1 2 3
0 1 2 3
8
4 5 6 7
4 5 6 7
4 6
5 6 7
0 1 2 7
0 1 3
0 1 2 3
0 1 3 4
8
4 5 6 7
4 5 6 7
4 6
5 6
0 1 2 7
0 1 3 7
0 1 2 3
0 1 4 5
8
4 5 6
4 5 6
4 6 7
5 6 7
0 1 2 7
0 1 3 7
0 1 2 3
2 3 4 5
8
4 5 6
4 5 7
4 6 7
5 6 7
0 1 2 6
0 1 3 7
0 2 3 4
1 2 3 5
8
4 5 6 7
4 5 6 7
4 5 6 7
5 6 7
0 1 2
0 1 2 3
0 1 2 3
0 1 2 3
8
4 5 6 7
4 5 6 7
4 5 6 7
4 5 6 7
0 1 2 3
0 1 2 3
0 1 2 3
0 1 2 3
8
3 6
4 6
5 6
0 7
1 7
2 7
0 1 2
3 4 5
8
3 6 7
4 6
5 6
0 7
1 7
2 7
0 1 2
0 3 4 5
8
3 6
4 6
5 6
0 7
1 7
2 7
0 1 2 7
3 4 5 6
8
3 6 7
4 6 7
5 6
0 6
1 7
2 7
0 1 2 3
0 1 4 5
8
3 6 7
4 6
5 6
0 6 7
1 7
2 7
0 1 2 3
0 3 4 5
8
3 5 6 7
4 6 7
5 6
0 7
1 7
0 2
0 1 2
0 1 3 4
8
3 5 6 7
4 6
5 6 7
0 7
1 7
0 2
0 1 2
0 2 3 4
8
3 5 6
4 6 7
5 6 7
0 7
1 7
0 2
0 1 2
1 2 3 4
8
3 5 6 7
4 6
5 6
0 7
1 7
0 2 7
0 1 2
0 3 4 5
8
3 5 6
4 6 7
5 6
0 7
1 7
0 2 7
0 1 2
1 3 4 5
8
3 5 6
4 6
5 6 7
0 7
1 7
0 2 7
0 1 2
2 3 4 5
8
3 5 6
4 6
5 6
0 7
1 7
0 2 7
0 1 2 7
3 4 5 6
8
3 5 6 7
4 6 7
5 7
0 6
1 7
0 2
0 1 3
0 1 2 4
8
3 5 6
4 6 7
5 7
0 6 7
1 7
0 2
0 1 3
1 2 3 4
8
3 5 6
4 6 7
5 7
0 6
1 7
0 2 7
0 1 3
1 2 4 5
8
3 5 6 7
4 6
5 7
0 6
1 7
0 2
0 1 3 7
0 2 4 6
8
3 5 7
4 6 7
5 6
0 6
1 7
0 2
1 2 3
0 1 4
8
3 5 7
4 6
5 6 7
0 6
1 7
0 2
1 2 3
0 2 4
8
3 5
4 6
5 6 7
0 6 7
1 7
0 2
1 2 3
2 3 4
8
3 5 7
4 6
5 6
0 6
1 7
0 2 7
1 2 3
0 4 5
8
3 5 7
4 6 7
5 6 7
0 6
1 7
0 2
1 2 3
0 1 2 4
8
3 5 7
4 6 7
5 6
0 6 7
1 7
0 2
1 2 3
0 1 3 4
8
3 5 7
4 6
5 6 7
0 6 7
1 7
0 2
1 2 3
0 2 3 4
8
3 5
4 6 7
5 6 7
0 6 7
1 7
0 2
1 2 3
1 2 3 4
8
3 5 7
4 6 7
5 6
0 6
1 7
0 2 7
1 2 3
0 1 4 5
8
3 5 7
4 6
5 6 7
0 6
1 7
0 2 7
1 2 3
0 2 4 5
8
3 5 7
4 6 7
5 6
0 6
1 7
0 2
1 2 3 7
0 1 4 6
8
3 5 7
4 6
5 6 7
0 6
1 7
0 2
1 2 3 7
0 2 4 6
8
3 5 7
4 6
5 6
0 6 7
1 7
0 2
1 2 3 7
0 3 4 6
8
3 5
4 6
5 6 7
0 6 7
1 7
0 2
1 2 3 7
2 3 4 6
8
3 5 7
4 6
5 6
0 6
1 7
0 2 7
1 2 3 7
0 4 5 6
8
3 5 6 7
4 6 7
5 7
0 7
1 6
0 2
0 1 4
0 1 2 3
8
3 5 6
4 6 7
5 7
0 7
1 6 7
0 2
0 1 4
1 2 3 4
8
3 5 6
4 6 7
5 7
0 7
1 6
0 2 7
0 1 4
1 2 3 5
8
3 5 7
4 6 7
5 6
0 7
1 6
0 2
1 2 4
0 1 3
8
3 5
4 6 7
5 6 7
0 7
1 6
0 2
1 2 4
1 2 3
8
3 5
4 6 7
5 6
0 7
1 6
0 2 7
1 2 4
1 3 5
8
3 5 7
4 6 7
5 6 7
0 7
1 6
0 2
1 2 4
0 1 2 3
8
3 5 7
4 6 7
5 6
0 7
1 6 7
0 2
1 2 4
0 1 3 4
8
3 5
4 6 7
5 6 7
0 7
1 6 7
0 2
1 2 4
1 2 3 4
8
3 5 7
4 6 7
5 6
0 7
1 6
0 2 7
1 2 4
0 1 3 5
8
3 5
4 6 7
5 6 7
0 7
1 6
0 2 7
1 2 4
1 2 3 5
8
3 5
4 6 7
5 6
0 7
1 6 7
0 2 7
1 2 4
1 3 4 5
8
3 5 7
4 6 7
5 6
0 7
1 6
0 2
1 2 4 7
0 1 3 6
8
3 5
4 6 7
5 6 7
0 7
1 6
0 2
1 2 4 7
1 2 3 6
8
3 5
4 6 7
5 6
0 7
1 6 7
0 2
1 2 4 7
1 3 4 6
8
3 5
4 6 7
5 6
0 7
1 6
0 2 7
1 2 4 7
1 3 5 6
8
3 5 6 7
4 6
5 7
0 7
1 7
0 2 6
0 1 5
0 2 3 4
8
3 5 6
4 6 7
5 7
0 7
1 7
0 2 6
0 1 5
1 2 3 4
8
3 5 6
4 6
5 6 7
0 6 7
1 7
0 2 7
0 1 2 3
2 3 4 5
8
3 5 6
4 6 7
5 6 7
0 7
1 6
0 2 7
0 1 2 4
1 2 3 5
8
3 5 6
4 6 7
5 6
0 7
1 6 7
0 2 7
0 1 2 4
1 3 4 5
8
3 5 6
4 6 7
5 7
0 6 7
1 6
0 2 7
0 1 3 4
1 2 3 5
8
3 5 6
4 6 7
5 7
0 6
1 6 7
0 2 7
0 1 3 4
1 2 4 5
8
3 5 7
4 6 7
5 6 7
0 6 7
1 6
0 2
1 2 3 4
0 1 2 3
8
3 5 7
4 6 7
5 6 7
0 6
1 6 7
0 2
1 2 3 4
0 1 2 4
8
3 5 7
4 6 7
5 6
0 6 7
1 6 7
0 2
1 2 3 4
0 1 3 4
8
3 5
4 6 7
5 6 7
0 6 7
1 6 7
0 2
1 2 3 4
1 2 3 4
8
3 5 7
4 6 7
5 6 7
0 6
1 6
0 2 7
1 2 3 4
0 1 2 5
8
3 5 7
4 6 7
5 6
0 6
1 6 7
0 2 7
1 2 3 4
0 1 4 5
8
3 5 6
4 6 7
6 7
0 5 6
1 7
0 3 7
0 1 2 3
1 2 4 5
8
3 5 6
4 6 7
6 7
0 5 7
1 6 7
0 3
0 1 2 4
1 2 3 4
8
3 5 7
4 5 6 7
5 6 7
0 6
1 7
0 1 2
1 2 3
0 1 2 4
8
3 5 7
4 5 6 7
5 6
0 6 7
1 7
0 1 2
1 2 3
0 1 3 4
8
3 5 7
4 5 6
5 6 7
0 6 7
1 7
0 1 2
1 2 3
0 2 3 4
8
3 5 7
4 5 6
5 6
0 6 7
1 7
0 1 2 7
1 2 3
0 3 4 5
8
3 5
4 5 6
5 6 7
0 6 7
1 7
0 1 2 7
1 2 3
2 3 4 5
8
3 5 7
4 5 6
5 6
0 6
1 7
0 1 2 7
1 2 3 7
0 4 5 6
8
3 5
4 5 6 7
5 6
0 6
1 7
0 1 2 7
1 2 3 7
1 4 5 6
8
3 5
4 5 6
5 6 7
0 6
1 7
0 1 2 7
1 2 3 7
2 4 5 6
8
3 5 6 7
4 5 7
5 7
0 6
1 6 7
0 1 2
0 3 4
0 1 2 4
8
3 5 6
4 5 7
5 7
0 6 7
1 6 7
0 1 2
0 3 4
1 2 3 4
8
3 5 6
4 5 7
5 7
0 6 7
1 6
0 1 2 7
0 3 4
1 2 3 5
8
3 5 6
4 5
5 7
0 6 7
1 6 7
0 1 2 7
0 3 4
2 3 4 5
8
3 5 6 7
4 5 7
5 7
0 6
1 6
0 1 2
0 3 4 7
0 1 2 6
8
3 5 6 7
4 5
5 7
0 6
1 6 7
0 1 2
0 3 4 7
0 2 4 6
8
3 5 6 7
4 5
5 7
0 6
1 6
0 1 2 7
0 3 4 7
0 2 5 6
8
3 5 6
4 5 7
5 7
0 6
1 6
0 1 2 7
0 3 4 7
1 2 5 6
8
3 5 6
4 5
5 7
0 6 7
1 6
0 1 2 7
0 3 4 7
2 3 5 6
8
3 5 6
4 5
5 7
0 6
1 6 7
0 1 2 7
0 3 4 7
2 4 5 6
8
3 5 7
4 5 7
5 6 7
0 6
1 6
0 1 2
2 3 4
0 1 2
8
3 5 7
4 5 7
5 6
0 6 7
1 6
0 1 2
2 3 4
0 1 3
8
3 5
4 5 7
5 6 7
0 6 7
1 6
0 1 2
2 3 4
1 2 3
8
3 5 7
4 5 7
5 6 7
0 6 7
1 6
0 1 2
2 3 4
0 1 2 3
8
3 5 7
4 5 7
5 6
0 6 7
1 6 7
0 1 2
2 3 4
0 1 3 4
8
3 5 7
4 5 7
5 6 7
0 6
1 6
0 1 2 7
2 3 4
0 1 2 5
8
3 5 7
4 5 7
5 6
0 6 7
1 6
0 1 2 7
2 3 4
0 1 3 5
8
3 5 7
4 5
5 6 7
0 6 7
1 6
0 1 2 7
2 3 4
0 2 3 5
8
3 5
4 5 7
5 6 7
0 6 7
1 6
0 1 2 7
2 3 4
1 2 3 5
8
3 5 7
4 5
5 6
0 6 7
1 6 7
0 1 2 7
2 3 4
0 3 4 5
8
3 5
4 5
5 6 7
0 6 7
1 6 7
0 1 2 7
2 3 4
2 3 4 5
8
3 5 7
4 5 7
5 6
0 6
1 6
0 1 2 7
2 3 4 7
0 1 5 6
8
3 5 7
4 5
5 6 7
0 6
1 6
0 1 2 7
2 3 4 7
0 2 5 6
8
3 5 7
4 5
5 6
0 6 7
1 6
0 1 2 7
2 3 4 7
0 3 5 6
8
3 5
4 5 7
5 6
0 6 7
1 6
0 1 2 7
2 3 4 7
1 3 5 6
8
3 5 6 7
4 5 6 7
5 6 7
0 6
1 7
0 1 2
0 1 2 3
0 1 2 4
8
3 5 6 7
4 5 6 7
5 7
0 6 7
1 6
0 1 2
0 1 3 4
0 1 2 3
8
3 5 6 7
4 5 6 7
5 7
0 6
1 6
0 1 2 7
0 1 3 4
0 1 2 5
8
3 5 6
4 5 6
5 7
0 6 7
1 6 7
0 1 2 7
0 1 3 4
2 3 4 5
8
3 5 6
4 5 7
5 6 7
0 6 7
1 6 7
0 1 2
0 2 3 4
1 2 3 4
8
3 5 6
4 5 7
5 6 7
0 6 7
1 6
0 1 2 7
0 2 3 4
1 2 3 5
8
3 5 6
4 5 7
5 6
0 6 7
1 6 7
0 1 2 7
0 2 3 4
1 3 4 5
8
3 5 6
4 5
5 6 7
0 6 7
1 6 7
0 1 2 7
0 2 3 4
2 3 4 5
8
3 5 6 7
4 5 6 7
6 7
0 5
1 7
0 1 3
0 1 2
0 1 2 4
8
3 5 6 7
4 5 6
6 7
0 5
1 7
0 1 3 7
0 1 2
0 2 4 5
8
3 5 6 7
4 5 6 7
6 7
0 5
1 6
0 1 3 7
0 1 2 4
0 1 2 5
8
3 5 6 7
4 6 7
5 6 7
0 5
1 7
0 2 3
0 1 2
0 1 2 4
8
3 5 6
4 6 7
5 6 7
0 5 7
1 7
0 2 3
0 1 2
1 2 3 4
8
3 5 6 7
4 6 7
5 6
0 5
1 7
0 2 3 7
0 1 2
0 1 4 5
8
3 5 6 7
4 6
5 6 7
0 5
1 7
0 2 3 7
0 1 2
0 2 4 5
8
3 5 6
4 6 7
5 6 7
0 5
1 7
0 2 3 7
0 1 2
1 2 4 5
8
3 5 6 7
4 6
5 6
0 5 7
1 7
0 2 3 7
0 1 2
0 3 4 5
8
3 5 6
4 6 7
5 6
0 5 7
1 7
0 2 3 7
0 1 2
1 3 4 5
8
3 5 6 7
4 6 7
5 6
0 5
1 7
0 2 3
0 1 2 7
0 1 4 6
8
3 5 6 7
4 6
5 6 7
0 5
1 7
0 2 3
0 1 2 7
0 2 4 6
8
3 5 6 7
4 6
5 6
0 5 7
1 7
0 2 3
0 1 2 7
0 3 4 6
8
3 5 6
4 6 7
5 6
0 5 7
1 7
0 2 3
0 1 2 7
1 3 4 6
8
3 5 6
4 6
5 6 7
0 5 7
1 7
0 2 3
0 1 2 7
2 3 4 6
8
3 5 6 7
4 6
5 6
0 5
1 7
0 2 3 7
0 1 2 7
0 4 5 6
8
3 5 6
4 6 7
5 6
0 5
1 7
0 2 3 7
0 1 2 7
1 4 5 6
8
3 5 6
4 6
5 6 7
0 5
1 7
0 2 3 7
0 1 2 7
2 4 5 6
8
3 5 6
4 6
5 6
0 5 7
1 7
0 2 3 7
0 1 2 7
3 4 5 6
8
3 5 6 7
4 6
5 7
0 5 6 7
1 7
0 2 3
0 1 3
0 2 3 4
8
3 5 6
4 6
5 7
0 5 6
1 7
0 2 3 7
0 1 3 7
2 4 5 6
8
3 5 6 7
4 6 7
5 7
0 5
1 6 7
0 2 3
0 1 4
0 1 2 4
8
3 5 6
4 6 7
5 7
0 5 7
1 6 7
0 2 3
0 1 4
1 2 3 4
8
3 5 6 7
4 6 7
5 7
0 5
1 6
0 2 3 7
0 1 4
0 1 2 5
8
3 5 6
4 6 7
5 7
0 5 7
1 6
0 2 3 7
0 1 4
1 2 3 5
8
3 5 6
4 6 7
5 7
0 5
1 6 7
0 2 3 7
0 1 4
1 2 4 5
8
3 5 6
4 6 7
5 7
0 5
1 6
0 2 3 7
0 1 4 7
1 2 5 6
8
3 5 7
4 6 7
5 6 7
0 5
1 6
0 2 3
1 2 4
0 1 2
8
3 5 7
4 6 7
5 6
0 5 7
1 6
0 2 3
1 2 4
0 1 3
8
3 5 7
4 6 7
5 6 7
0 5 7
1 6
0 2 3
1 2 4
0 1 2 3
8
3 5 7
4 6 7
5 6
0 5 7
1 6 7
0 2 3
1 2 4
0 1 3 4
8
3 5 7
4 6 7
5 6 7
0 5
1 6
0 2 3 7
1 2 4
0 1 2 5
8
3 5 7
4 6 7
5 6
0 5 7
1 6
0 2 3 7
1 2 4
0 1 3 5
8
3 5 7
4 6 7
5 6
0 5
1 6 7
0 2 3 7
1 2 4
0 1 4 5
8
3 5 7
4 6 7
5 6
0 5
1 6
0 2 3 7
1 2 4 7
0 1 5 6
8
3 5 6
4 6 7
5 6 7
0 5 7
1 6 7
0 2 3
0 1 2 4
1 2 3 4
8
3 5 6
4 6 7
5 6 7
0 5 7
1 6
0 2 3 7
0 1 2 4
1 2 3 5
8
3 5 6
4 6 7
5 6 7
0 5
1 6 7
0 2 3 7
0 1 2 4
1 2 4 5
8
3 5 6
4 6 7
5 6
0 5 7
1 6 7
0 2 3 7
0 1 2 4
1 3 4 5
8
3 5 6
4 6 7
5 7
0 5 6
1 6 7
0 2 3 7
0 1 3 4
1 2 4 5
8
3 4 7
4 5 7
5 6 7
0 6
0 1
1 2
2 3
0 1 2
8
3 4 7
4 5 7
5 6
0 6 7
0 1
1 2
2 3
0 1 3
8
3 4 7
4 5 7
5 6
0 6
0 1 7
1 2
2 3
0 1 4
8
3 4 7
4 5
5 6 7
0 6
0 1 7
1 2
2 3
0 2 4
8
3 4 7
4 5 7
5 6 7
0 6 7
0 1
1 2
2 3
0 1 2 3
8
3 4 7
4 5 7
5 6 7
0 6
0 1 7
1 2
2 3
0 1 2 4
8
3 4 7
4 5 7
5 6
0 6 7
0 1 7
1 2
2 3
0 1 3 4
8
3 4 7
4 5 7
5 6
0 6 7
0 1
1 2 7
2 3
0 1 3 5
8
3 4 6
4 5 7
5 6 7
0 6
0 1 7
1 2
0 2 3
1 2 4
8
3 4 6
4 5 7
5 6
0 6 7
0 1 7
1 2
0 2 3
1 3 4
8
3 4 6
4 5
5 6 7
0 6 7
0 1 7
1 2
0 2 3
2 3 4
8
3 4 6
4 5 7
5 6
0 6 7
0 1
1 2 7
0 2 3
1 3 5
8
3 4 6 7
4 5 7
5 6 7
0 6 7
0 1
1 2
0 2 3
0 1 2 3
8
3 4 6 7
4 5 7
5 6 7
0 6
0 1 7
1 2
0 2 3
0 1 2 4
8
3 4 6 7
4 5 7
5 6
0 6 7
0 1 7
1 2
0 2 3
0 1 3 4
8
3 4 6 7
4 5
5 6 7
0 6 7
0 1 7
1 2
0 2 3
0 2 3 4
8
3 4 6
4 5 7
5 6 7
0 6 7
0 1 7
1 2
0 2 3
1 2 3 4
8
3 4 6 7
4 5 7
5 6 7
0 6
0 1
1 2 7
0 2 3
0 1 2 5
8
3 4 6 7
4 5 7
5 6
0 6 7
0 1
1 2 7
0 2 3
0 1 3 5
8
3 4 6 7
4 5
5 6 7
0 6 7
0 1
1 2 7
0 2 3
0 2 3 5
8
3 4 6
4 5 7
5 6 7
0 6 7
0 1
1 2 7
0 2 3
1 2 3 5
8
3 4 6 7
4 5 7
5 6
0 6
0 1 7
1 2 7
0 2 3
0 1 4 5
8
3 4 6 7
4 5
5 6 7
0 6
0 1 7
1 2 7
0 2 3
0 2 4 5
8
3 4 6
4 5 7
5 6 7
0 6
0 1 7
1 2 7
0 2 3
1 2 4 5
8
3 4 6 7
4 5
5 6
0 6 7
0 1 7
1 2 7
0 2 3
0 3 4 5
8
3 4 6 7
4 5 7
5 6 7
0 6
0 1
1 2
0 2 3 7
0 1 2 6
8
3 4 6 7
4 5 7
5 6
0 6
0 1 7
1 2
0 2 3 7
0 1 4 6
8
3 4 6 7
4 5
5 6 7
0 6
0 1 7
1 2
0 2 3 7
0 2 4 6
8
3 4 7
4 5 6
5 6 7
0 6 7
0 1
1 2
1 2 3
0 2 3
8
3 4 7
4 5 6
5 6 7
0 6
0 1 7
1 2
1 2 3
0 2 4
8
3 4
4 5 6
5 6 7
0 6 7
0 1 7
1 2
1 2 3
2 3 4
8
3 4 7
4 5 6 7
5 6 7
0 6 7
0 1
1 2
1 2 3
0 1 2 3
8
3 4 7
4 5 6 7
5 6 7
0 6
0 1 7
1 2
1 2 3
0 1 2 4
8
3 4 7
4 5 6 7
5 6
0 6 7
0 1 7
1 2
1 2 3
0 1 3 4
8
3 4 7
4 5 6
5 6 7
0 6 7
0 1 7
1 2
1 2 3
0 2 3 4
8
3 4
4 5 6 7
5 6 7
0 6 7
0 1 7
1 2
1 2 3
1 2 3 4
8
3 4 7
4 5 6 7
5 6 7
0 6
0 1
1 2 7
1 2 3
0 1 2 5
8
3 4 7
4 5 6 7
5 6
0 6 7
0 1
1 2 7
1 2 3
0 1 3 5
8
3 4 7
4 5 6
5 6 7
0 6 7
0 1
1 2 7
1 2 3
0 2 3 5
8
3 4
4 5 6 7
5 6 7
0 6 7
0 1
1 2 7
1 2 3
1 2 3 5
8
3 4
4 5 6 7
5 6
0 6 7
0 1 7
1 2 7
1 2 3
1 3 4 5
8
3 4
4 5 6
5 6 7
0 6 7
0 1 7
1 2 7
1 2 3
2 3 4 5
8
3 4
4 5 6 7
5 6 7
0 6
0 1
1 2 7
1 2 3 7
1 2 5 6
8
3 4 6 7
4 5 7
5 6
0 7
0 1 6
1 2 7
0 2 4
0 1 3 5
8
3 4 6
4 5 7
5 6 7
0 7
0 1 6
1 2 7
0 2 4
1 2 3 5
8
3 4 6
4 5
5 6 7
0 7
0 1 6 7
1 2 7
0 2 4
2 3 4 5
8
3 4 7
4 5 6 7
5 6
0 7
0 1 6 7
1 2
1 2 4
0 1 3 4
8
3 4 7
4 5 6
5 6 7
0 7
0 1 6
1 2 7
1 2 4
0 2 3 5
8
3 4
4 5 6 7
5 6
0 7
0 1 6 7
1 2 7
1 2 4
1 3 4 5
8
3 4
4 5 6
5 6 7
0 7
0 1 6 7
1 2 7
1 2 4
2 3 4 5
8
3 4
4 5 6 7
5 6 7
0 7
0 1 6
1 2
1 2 4 7
1 2 3 6
8
3 4
4 5 6 7
5 6
0 7
0 1 6 7
1 2
1 2 4 7
1 3 4 6
8
3 4 6 7
4 5 6 7
5 6 7
0 6
0 1
1 2 7
0 1 2 3
0 1 2 5
8
3 4 6
4 5 6
5 6 7
0 6 7
0 1 7
1 2 7
0 1 2 3
2 3 4 5
8
3 4 6 7
4 5 6 7
5 7
0 6 7
0 1 6
1 2
0 1 3 4
0 1 2 3
8
3 4 6 7
4 5 6 7
5 7
0 6
0 1 6
1 2 7
0 1 3 4
0 1 2 5
8
3 4 6
4 5 7
5 6 7
0 6 7
0 1 6
1 2 7
0 2 3 4
1 2 3 5
8
3 4 6 7
4 5 6
5 6
0 7
0 1 7
1 2 6 7
0 1 2 5
0 3 4 5
8
3 4 6 7
4 5 6
5 7
0 6
0 1 7
1 2 6 7
0 1 3 5
0 2 4 5
8
3 4 6
4 5 7
5 6 7
0 6 7
0 1 7
1 2 6
0 2 3 5
1 2 3 4
8
3 4 6 7
4 5 7
5 6 7
0 6
0 1
1 2 6 7
0 2 3 5
0 1 2 5
8
3 4 6 7
4 5 7
5 6
0 6 7
0 1
1 2 6 7
0 2 3 5
0 1 3 5
8
3 4 6 7
4 5 7
5 6
0 6
0 1 7
1 2 6 7
0 2 3 5
0 1 4 5
8
3 4 6
4 5 6 7
6 7
0 5 6 7
0 1 7
1 3
0 1 2 3
1 2 3 4
8
3 4 6 7
4 5 6 7
6 7
0 5 7
0 1 6
1 3
0 1 2 4
0 1 2 3
8
3 4 5
4 5 6
5 6 7
0 6 7
0 1 7
0 1 2
1 2 3
2 3 4
8
3 4 5 7
4 5 6 7
5 6 7
0 6 7
0 1
0 1 2
1 2 3
0 1 2 3
8
3 4 5 7
4 5 6 7
5 6 7
0 6
0 1 7
0 1 2
1 2 3
0 1 2 4
8
3 4 5 7
4 5 6 7
5 6
0 6 7
0 1 7
0 1 2
1 2 3
0 1 3 4
8
3 4 5 7
4 5 6
5 6 7
0 6 7
0 1 7
0 1 2
1 2 3
0 2 3 4
8
3 4 5
4 5 6 7
5 6 7
0 6 7
0 1 7
0 1 2
1 2 3
1 2 3 4
8
3 4 5 7
4 5 6 7
5 6 7
0 6
0 1
0 1 2 7
1 2 3
0 1 2 5
8
3 4 5 7
4 5 6 7
5 6
0 6 7
0 1
0 1 2 7
1 2 3
0 1 3 5
8
3 4 5 7
4 5 6
5 6 7
0 6 7
0 1
0 1 2 7
1 2 3
0 2 3 5
8
3 4 5 7
4 5 6
5 6 7
0 6
0 1 7
0 1 2 7
1 2 3
0 2 4 5
8
3 4 5 7
4 5 6
5 6
0 6 7
0 1 7
0 1 2 7
1 2 3
0 3 4 5
8
3 4 5 7
4 5 6 7
5 6 7
0 6
0 1
0 1 2
1 2 3 7
0 1 2 6
8
3 4 5 7
4 5 6 7
5 6
0 6 7
0 1
0 1 2
1 2 3 7
0 1 3 6
8
3 4 5 7
4 5 6
5 6 7
0 6 7
0 1
0 1 2
1 2 3 7
0 2 3 6
8
3 4 5 7
4 5 6 7
5 6
0 6
0 1 7
0 1 2
1 2 3 7
0 1 4 6
8
3 4 5 7
4 5 6
5 6 7
0 6
0 1 7
0 1 2
1 2 3 7
0 2 4 6
8
3 4 5 7
4 5 6 7
5 6
0 6
0 1
0 1 2 7
1 2 3 7
0 1 5 6
8
3 4 5 7
4 5 6 7
5 6 7
0 7
0 1 6
0 1 2
1 2 4
0 1 2 3
8
3 4 5 7
4 5 6
5 6
0 7
0 1 6 7
0 1 2 7
1 2 4
0 3 4 5
8
3 4 5
4 5 6
5 6 7
0 7
0 1 6 7
0 1 2 7
1 2 4
2 3 4 5
8
3 4 5 7
4 5 6 7
5 6
0 7
0 1 6
0 1 2
1 2 4 7
0 1 3 6
8
3 4 5 7
4 5 6
5 6 7
0 7
0 1 6
0 1 2
1 2 4 7
0 2 3 6
8
3 4 5 7
4 5 6
5 6
0 7
0 1 6
0 1 2 7
1 2 4 7
0 3 5 6
8
3 4 5
4 5 6
5 6 7
0 7
0 1 6
0 1 2 7
1 2 4 7
2 3 5 6
8
3 4 5
4 5 6
5 6
0 7
0 1 6 7
0 1 2 7
1 2 4 7
3 4 5 6
8
3 4 5 7
4 5 6 7
5 6 7
0 6 7
0 1 6
0 1 2
1 2 3 4
0 1 2 3
8
3 4 5 7
4 5 6 7
5 6
0 6
0 1 6 7
0 1 2 7
1 2 3 4
0 1 4 5
8
3 4 5 7
4 5 6 7
6 7
0 5 7
0 1 6
0 1 3
1 2 4
0 1 2 3
8
3 4 5
4 5 6 7
6 7
0 5 7
0 1 6 7
0 1 3
1 2 4
1 2 3 4
8
3 4 5 7
4 5 6 7
6 7
0 5
0 1 6
0 1 3 7
1 2 4
0 1 2 5
8
3 4 5 7
4 5 6 7
6 7
0 5
0 1 6
0 1 3
1 2 4 7
0 1 2 6
8
3 4 5 7
4 5 6
6 7
0 5 7
0 1 6
0 1 3
1 2 4 7
0 2 3 6
8
3 4 5
4 5 6 7
6 7
0 5 7
0 1 6
0 1 3
1 2 4 7
1 2 3 6
8
3 4 5 7
4 5 6
6 7
0 5
0 1 6
0 1 3 7
1 2 4 7
0 2 5 6
8
3 4 5 7
4 5 6 7
6 7
0 5 6 7
0 1 6
0 1 3
1 2 3 4
0 1 2 3
8
3 4 6
4 5 6 7
5 6 7
0 5 6 7
0 1 7
1 2 3
0 1 2 3
1 2 3 4
8
3 4 6 7
4 5 6 7
5 6
0 5 6 7
0 1
1 2 3 7
0 1 2 3
0 1 3 5
8
3 4 6 7
4 5 6 7
5 6
0 5 6
0 1 7
1 2 3 7
0 1 2 3
0 1 4 5
8
3 4 6 7
4 5 6
5 6 7
0 5 6
0 1 7
1 2 3 7
0 1 2 3
0 2 4 5
8
3 4 6
4 5 6 7
5 6
0 5 6 7
0 1 7
1 2 3 7
0 1 2 3
1 3 4 5
8
3 4 6 7
4 5 6 7
5 6 7
0 5 7
0 1 6
1 2 3
0 1 2 4
0 1 2 3
8
3 4 6 7
4 5 6 7
5 6 7
0 5
0 1 6
1 2 3 7
0 1 2 4
0 1 2 5
8
3 4 6 7
4 5 6 7
5 6
0 5 7
0 1 6
1 2 3 7
0 1 2 4
0 1 3 5
8
3 4 6 7
4 5 6
5 6 7
0 5
0 1 6 7
1 2 3 7
0 1 2 4
0 2 4 5
8
3 4 6 7
4 5 6
5 6
0 5 7
0 1 6 7
1 2 3 7
0 1 2 4
0 3 4 5
8
3 4 6
4 5 6
5 6 7
0 5 7
0 1 6 7
1 2 3 7
0 1 2 4
2 3 4 5
8
3 4 6 7
4 5 6 7
5 7
0 5 6
0 1 6
1 2 3 7
0 1 3 4
0 1 2 5
8
3 4 6 7
4 5 6
5 7
0 5 6
0 1 6 7
1 2 3 7
0 1 3 4
0 2 4 5
8
3 4 5 7
4 5 6 7
6 7
0 6 7
0 1 5
0 1 4
1 2 3
0 1 2 3
8
3 4 5 7
4 5 6 7
6 7
0 6
0 1 5 7
0 1 4
1 2 3
0 1 2 4
8
3 4 5 7
4 5 6
6 7
0 6 7
0 1 5 7
0 1 4
1 2 3
0 2 3 4
8
3 4 5 7
4 5 6
6 7
0 6
0 1 5 7
0 1 4 7
1 2 3
0 2 4 5
8
3 4 5 7
4 5 6 7
6 7
0 6
0 1 5
0 1 4
1 2 3 7
0 1 2 6
8
3 4 5 7
4 5 6
6 7
0 6 7
0 1 5
0 1 4
1 2 3 7
0 2 3 6
8
3 4 5 7
4 5 6
6 7
0 6
0 1 5 7
0 1 4
1 2 3 7
0 2 4 6
8
3 4 5
4 5 6
6 7
0 6 7
0 1 5 7
0 1 4
1 2 3 7
2 3 4 6
8
3 4 5
4 5 6
6 7
0 6
0 1 5 7
0 1 4 7
1 2 3 7
2 4 5 6
8
3 4 5 7
4 6 7
5 6
0 6 7
0 1 5 7
0 2 4
1 2 3
0 1 3 4
8
3 4 5 7
4 6 7
5 6 7
0 6
0 1 5
0 2 4
1 2 3 7
0 1 2 6
8
3 4 5 7
4 6 7
5 6
0 6 7
0 1 5
0 2 4
1 2 3 7
0 1 3 6
8
3 4 5
4 6 7
5 6 7
0 6 7
0 1 5
0 2 4
1 2 3 7
1 2 3 6
8
3 4 5 7
4 6 7
5 6
0 6
0 1 5 7
0 2 4
1 2 3 7
0 1 4 6
8
3 4 5 7
4 6
5 6 7
0 6
0 1 5 7
0 2 4
1 2 3 7
0 2 4 6
8
3 4 5 7
4 6
5 6
0 6
0 1 5 7
0 2 4 7
1 2 3 7
0 4 5 6
8
3 6 7
4 5 6
4 5 7
0 6 7
1 2
1 2
0 1 3
0 2 3
8
3 6 7
4 5 6
4 5
0 6 7
1 2 7
1 2
0 1 3
0 3 4
8
3 6 7
4 5 6
4 5
0 6
1 2 7
1 2 7
0 1 3
0 4 5
8
3 6 7
4 5 6 7
4 5 7
0 6 7
1 2
1 2
0 1 3
0 1 2 3
8
3 6 7
4 5 6 7
4 5 7
0 6
1 2 7
1 2
0 1 3
0 1 2 4
8
3 6 7
4 5 6 7
4 5
0 6 7
1 2 7
1 2
0 1 3
0 1 3 4
8
3 6 7
4 5 6
4 5 7
0 6 7
1 2 7
1 2
0 1 3
0 2 3 4
8
3 6 7
4 5 6 7
4 5
0 6
1 2 7
1 2 7
0 1 3
0 1 4 5
8
3 6 7
4 5 6
4 5 7
0 6
1 2 7
1 2 7
0 1 3
0 2 4 5
8
3 6 7
4 5 6
4 5
0 6 7
1 2 7
1 2 7
0 1 3
0 3 4 5
8
3 6 7
4 5 6
4 5 7
0 6 7
1 2
1 2
0 1 3 7
0 2 3 6
8
3 6 7
4 5 6
4 5 7
0 6
1 2 7
1 2
0 1 3 7
0 2 4 6
8
3 6 7
4 5 6
4 5
0 6 7
1 2 7
1 2
0 1 3 7
0 3 4 6
8
3 6 7
4 5 6
4 5
0 6
1 2 7
1 2 7
0 1 3 7
0 4 5 6
8
3 6 7
4 5 6 7
4 5 6 7
0 6 7
1 2
1 2
0 1 2 3
0 1 2 3
8
3 6 7
4 5 6
4 5 6
0 6 7
1 2 7
1 2 7
0 1 2 3
0 3 4 5
8
3 6 7
4 5 6 7
4 5 6 7
0 7
1 2 6
1 2
0 1 2 4
0 1 2 3
8
3 6
4 5 6 7
4 5 6 7
0 7
1 2 6
1 2 7
0 1 2 4
1 2 3 5
8
3 6 7
4 5 6
4 5 7
0 6 7
1 2 6
1 2 7
0 1 3 4
0 2 3 5
8
3 5 7
4 5 6
4 5 6
0 6 7
1 2 7
0 1 2
1 2 3
0 3 4
8
3 5 7
4 5 6 7
4 5 6 7
0 6 7
1 2
0 1 2
1 2 3
0 1 2 3
8
3 5 7
4 5 6 7
4 5 6 7
0 6
1 2 7
0 1 2
1 2 3
0 1 2 4
8
3 5 7
4 5 6 7
4 5 6
0 6 7
1 2 7
0 1 2
1 2 3
0 1 3 4
8
3 5 7
4 5 6 7
4 5 6 7
0 6
1 2
0 1 2 7
1 2 3
0 1 2 5
8
3 5 7
4 5 6 7
4 5 6
0 6 7
1 2
0 1 2 7
1 2 3
0 1 3 5
8
3 5
4 5 6 7
4 5 6
0 6 7
1 2 7
0 1 2 7
1 2 3
1 3 4 5
8
3 5 7
4 5 6 7
4 5 6
0 6
1 2
0 1 2 7
1 2 3 7
0 1 5 6
8
3 5
4 5 6 7
4 5 6 7
0 6
1 2
0 1 2 7
1 2 3 7
1 2 5 6
8
3 5 7
4 5 6
4 5 6
0 6 7
1 2
0 1 2 7
1 2 3 7
0 3 5 6
8
3 5 7
4 5 6
4 5 6
0 6
1 2 7
0 1 2 7
1 2 3 7
0 4 5 6
8
3 5
4 5 6 7
4 5 6
0 6
1 2 7
0 1 2 7
1 2 3 7
1 4 5 6
8
3 5 6 7
4 5 6 7
4 5 6 7
0 6 7
1 2
0 1 2
0 1 2 3
0 1 2 3
8
3 5 6
4 5 6 7
4 5 6 7
0 6 7
1 2 7
0 1 2
0 1 2 3
1 2 3 4
8
3 5 6 7
4 5 6 7
4 5 6 7
0 6
1 2
0 1 2 7
0 1 2 3
0 1 2 5
8
3 5 6
4 5 6 7
4 5 6 7
0 6 7
1 2
0 1 2 7
0 1 2 3
1 2 3 5
8
3 5 6 7
4 5 6 7
4 5 6 7
0 7
1 2 6
0 1 2
0 1 2 4
0 1 2 3
8
3 5 6 7
4 5 6
4 5 6
0 7
1 2 6 7
0 1 2 7
0 1 2 4
0 3 4 5
8
3 5 6 7
4 5 6 7
4 5 7
0 6
1 2 6
0 1 2 7
0 1 3 4
0 1 2 5
8
3 5 6 7
4 5 6 7
4 5
0 6
1 2 6 7
0 1 2 7
0 1 3 4
0 1 4 5
8
3 5 6
4 5 6
4 5 7
0 6 7
1 2 6 7
0 1 2 7
0 1 3 4
2 3 4 5
8
3 5 7
4 5 6 7
4 5 6 7
0 6
1 2 6
0 1 2 7
1 2 3 4
0 1 2 5
8
3 5
4 5 6 7
4 5 6 7
0 6 7
1 2 6
0 1 2 7
1 2 3 4
1 2 3 5
8
3 5 7
4 5 6
4 5 6
0 6 7
1 2 6 7
0 1 2 7
1 2 3 4
0 3 4 5
8
3 5 6 7
4 5 6 7
4 6 7
0 5 7
1 2
0 1 3
0 1 2
0 1 2 3
8
3 5 6 7
4 5 6 7
4 6 7
0 5
1 2 7
0 1 3
0 1 2
0 1 2 4
8
3 5 6 7
4 5 6 7
4 6
0 5 7
1 2 7
0 1 3
0 1 2
0 1 3 4
8
3 5 6 7
4 5 6 7
4 6
0 5 7
1 2
0 1 3 7
0 1 2
0 1 3 5
8
3 5 6 7
4 5 6
4 6 7
0 5 7
1 2
0 1 3 7
0 1 2
0 2 3 5
8
3 5 6 7
4 5 6 7
4 6
0 5
1 2 7
0 1 3 7
0 1 2
0 1 4 5
8
3 5 6 7
4 5 6
4 6 7
0 5
1 2 7
0 1 3 7
0 1 2
0 2 4 5
8
3 5 6
4 5 6 7
4 6 7
0 5
1 2 7
0 1 3 7
0 1 2
1 2 4 5
8
3 5 6 7
4 5 6 7
4 6 7
0 5
1 2
0 1 3
0 1 2 7
0 1 2 6
8
3 5 6 7
4 5 6 7
4 6
0 5 7
1 2
0 1 3
0 1 2 7
0 1 3 6
8
3 5 6 7
4 5 6 7
4 6
0 5
1 2 7
0 1 3
0 1 2 7
0 1 4 6
8
3 5 6 7
4 5 6 7
4 6
0 5
1 2
0 1 3 7
0 1 2 7
0 1 5 6
8
3 5 6 7
4 5 7
4 6 7
0 5 6 7
1 2
0 1 3
0 2 3
0 1 2 3
8
3 5 6 7
4 5 7
4 6 7
0 5 6
1 2 7
0 1 3
0 2 3
0 1 2 4
8
3 5 6 7
4 5 7
4 6
0 5 6 7
1 2 7
0 1 3
0 2 3
0 1 3 4
8
3 5 6 7
4 5 7
4 6
0 5 6 7
1 2
0 1 3 7
0 2 3
0 1 3 5
8
3 5 6 7
4 5
4 6 7
0 5 6 7
1 2
0 1 3 7
0 2 3
0 2 3 5
8
3 5 6 7
4 5 7
4 6
0 5 6
1 2 7
0 1 3 7
0 2 3
0 1 4 5
8
3 5 6 7
4 5
4 6 7
0 5 6
1 2 7
0 1 3 7
0 2 3
0 2 4 5
8
3 5 6 7
4 5
4 6
0 5 6 7
1 2 7
0 1 3 7
0 2 3
0 3 4 5
8
3 5 6 7
4 5 7
4 6
0 5 6
1 2
0 1 3 7
0 2 3 7
0 1 5 6
8
3 5 6
4 5 7
4 6 7
0 5 6
1 2
0 1 3 7
0 2 3 7
1 2 5 6
8
3 5 6 7
4 5
4 6
0 5 6 7
1 2
0 1 3 7
0 2 3 7
0 3 5 6
8
3 5 6
4 5 7
4 6
0 5 6
1 2 7
0 1 3 7
0 2 3 7
1 4 5 6
8
3 5 6 7
4 5 6 7
4 6 7
0 5 6 7
1 2
0 1 3
0 1 2 3
0 1 2 3
8
3 5 6 7
4 5 6 7
4 6 7
0 5 6
1 2 7
0 1 3
0 1 2 3
0 1 2 4
8
3 5 6 7
4 5 6 7
4 6
0 5 6 7
1 2 7
0 1 3
0 1 2 3
0 1 3 4
8
3 5 6 7
4 5 6 7
4 6 7
0 5 6
1 2
0 1 3 7
0 1 2 3
0 1 2 5
8
3 5 6 7
4 5 6 7
4 6
0 5 6 7
1 2
0 1 3 7
0 1 2 3
0 1 3 5
8
3 5 6 7
4 5 6 7
4 6
0 5 6
1 2 7
0 1 3 7
0 1 2 3
0 1 4 5
8
3 5 6 7
4 5 6 7
4 6 7
0 5
1 2 6
0 1 3 7
0 1 2 4
0 1 2 5
8
3 5 6 7
4 5 6 7
4 6
0 5
1 2 6 7
0 1 3 7
0 1 2 4
0 1 4 5
8
3 5 6 7
4 5 6
4 6
0 5 7
1 2 6 7
0 1 3 7
0 1 2 4
0 3 4 5
8
3 5 6
4 5 6
4 6 7
0 5 7
1 2 6 7
0 1 3 7
0 1 2 4
2 3 4 5
8
3 5 6 7
4 5 6 7
4 7
0 5 6
1 2 6
0 1 3 7
0 1 3 4
0 1 2 5
8
3 5 6 7
4 5 6
4 7
0 5 6
1 2 6 7
0 1 3 7
0 1 3 4
0 2 4 5
8
3 5 6 7
4 5 7
4 6
0 5 6
1 2 6 7
0 1 3 7
0 2 3 4
0 1 4 5
8
3 5 6
4 5 7
4 6 7
0 5 6
1 2 6 7
0 1 3 7
0 2 3 4
1 2 4 5
8
3 5 6 7
4 5 7
4 6 7
0 6 7
1 2 5
0 1 4
0 2 3
0 1 2 3
8
3 5 6 7
4 5 7
4 6 7
0 6
1 2 5 7
0 1 4
0 2 3
0 1 2 4
8
3 5 6 7
4 5 7
4 6
0 6 7
1 2 5 7
0 1 4
0 2 3
0 1 3 4
8
3 5 6 7
4 5
4 6 7
0 6 7
1 2 5 7
0 1 4
0 2 3
0 2 3 4
8
3 5 6 7
4 5 7
4 6
0 6
1 2 5 7
0 1 4 7
0 2 3
0 1 4 5
8
3 5 6 7
4 5
4 6 7
0 6
1 2 5 7
0 1 4 7
0 2 3
0 2 4 5
8
3 5 6 7
4 5
4 6
0 6 7
1 2 5 7
0 1 4 7
0 2 3
0 3 4 5
8
3 5 6
4 5 7
4 6
0 6 7
1 2 5 7
0 1 4 7
0 2 3
1 3 4 5
8
3 5 6 7
4 5 7
4 6
0 6
1 2 5 7
0 1 4
0 2 3 7
0 1 4 6
8
3 5 6 7
4 5
4 6 7
0 6
1 2 5 7
0 1 4
0 2 3 7
0 2 4 6
8
3 5 6
4 5 7
4 6 7
0 6
1 2 5 7
0 1 4
0 2 3 7
1 2 4 6
8
3 5 6 7
4 5
4 6
0 6 7
1 2 5 7
0 1 4
0 2 3 7
0 3 4 6
8
3 5 6
4 5 7
4 6
0 6 7
1 2 5 7
0 1 4
0 2 3 7
1 3 4 6
8
3 5 6 7
4 5
4 6
0 6
1 2 5 7
0 1 4 7
0 2 3 7
0 4 5 6
8
3 5 7
4 5 6
4 6 7
0 6 7
1 2 5
0 1 4
1 2 3
0 2 3
8
3 5 7
4 5 6 7
4 6 7
0 6 7
1 2 5
0 1 4
1 2 3
0 1 2 3
8
3 5 7
4 5 6 7
4 6 7
0 6
1 2 5 7
0 1 4
1 2 3
0 1 2 4
8
3 5 7
4 5 6 7
4 6
0 6 7
1 2 5 7
0 1 4
1 2 3
0 1 3 4
8
3 5 7
4 5 6
4 6 7
0 6 7
1 2 5 7
0 1 4
1 2 3
0 2 3 4
8
3 5 7
4 5 6 7
4 6 7
0 6
1 2 5
0 1 4 7
1 2 3
0 1 2 5
8
3 5 7
4 5 6 7
4 6
0 6 7
1 2 5
0 1 4 7
1 2 3
0 1 3 5
8
3 5 7
4 5 6
4 6 7
0 6 7
1 2 5
0 1 4 7
1 2 3
0 2 3 5
8
3 5
4 5 6 7
4 6 7
0 6 7
1 2 5
0 1 4 7
1 2 3
1 2 3 5
8
3 5
4 5 6 7
4 6
0 6 7
1 2 5 7
0 1 4 7
1 2 3
1 3 4 5
8
3 5 7
4 5 6
4 6 7
0 6 7
1 2 5
0 1 4
1 2 3 7
0 2 3 6
8
3 5 7
4 5 6
4 6 7
0 6
1 2 5 7
0 1 4
1 2 3 7
0 2 4 6
8
3 5 7
4 5 6
4 6
0 6 7
1 2 5 7
0 1 4
1 2 3 7
0 3 4 6
8
3 5
4 5 6 7
4 6
0 6 7
1 2 5 7
0 1 4
1 2 3 7
1 3 4 6
8
3 5
4 5 6
4 6 7
0 6 7
1 2 5 7
0 1 4
1 2 3 7
2 3 4 6
8
3 5 7
4 5 6 7
4 6
0 6
1 2 5
0 1 4 7
1 2 3 7
0 1 5 6
8
3 5 7
4 5 6
4 6 7
0 6
1 2 5
0 1 4 7
1 2 3 7
0 2 5 6
8
3 5
4 5 6 7
4 6 7
0 6
1 2 5
0 1 4 7
1 2 3 7
1 2 5 6
8
3 5 7
4 5 6
4 6
0 6 7
1 2 5
0 1 4 7
1 2 3 7
0 3 5 6
8
3 5
4 5 6 7
4 6
0 6 7
1 2 5
0 1 4 7
1 2 3 7
1 3 5 6
8
3 5
4 5 6
4 6 7
0 6 7
1 2 5
0 1 4 7
1 2 3 7
2 3 5 6
8
3 5 7
4 5 6
4 6
0 6
1 2 5 7
0 1 4 7
1 2 3 7
0 4 5 6
8
3 5
4 5 6 7
4 6
0 6
1 2 5 7
0 1 4 7
1 2 3 7
1 4 5 6
8
3 5
4 5 6
4 6 7
0 6
1 2 5 7
0 1 4 7
1 2 3 7
2 4 5 6
8
3 5
4 5 6
4 6
0 6 7
1 2 5 7
0 1 4 7
1 2 3 7
3 4 5 6
8
3 5 6 7
4 5 6 7
4 6 7
0 6
1 2 5 7
0 1 4
0 1 2 3
0 1 2 4
8
3 5 6 7
4 5 6 7
4 6 7
0 6
1 2 5
0 1 4 7
0 1 2 3
0 1 2 5
8
3 5 6 7
4 5 6 7
4 6
0 6
1 2 5 7
0 1 4 7
0 1 2 3
0 1 4 5
8
3 5 6
4 5 6
4 6 7
0 6 7
1 2 5 7
0 1 4 7
0 1 2 3
2 3 4 5
8
3 6 7
4 5 6 7
4 5 6 7
0 7
1 2 5
1 2 4
0 1 2
0 1 2 3
8
3 6
4 5 6 7
4 5 6 7
0 7
1 2 5 7
1 2 4
0 1 2
1 2 3 4
8
3 6
4 5 6 7
4 5 6 7
0 7
1 2 5
1 2 4
0 1 2 7
1 2 3 6
8
3 6 7
4 5 6
4 5 6
0 7
1 2 5 7
1 2 4
0 1 2 7
0 3 4 6
8
3 6
4 5 6
4 5 6
0 7
1 2 5 7
1 2 4 7
0 1 2 7
3 4 5 6
8
3 6 7
4 5 6
4 5 7
0 6 7
1 2 5
1 2 4
0 1 3
0 2 3
8
3 6 7
4 5 6 7
4 5 7
0 6 7
1 2 5
1 2 4
0 1 3
0 1 2 3
8
3 6 7
4 5 6 7
4 5 7
0 6
1 2 5 7
1 2 4
0 1 3
0 1 2 4
8
3 6 7
4 5 6 7
4 5
0 6 7
1 2 5 7
1 2 4
0 1 3
0 1 3 4
8
3 6 7
4 5 6
4 5 7
0 6 7
1 2 5 7
1 2 4
0 1 3
0 2 3 4
8
3 6 7
4 5 6 7
4 5
0 6
1 2 5 7
1 2 4 7
0 1 3
0 1 4 5
8
3 6 7
4 5 6
4 5 7
0 6
1 2 5 7
1 2 4 7
0 1 3
0 2 4 5
8
3 6 7
4 5 6
4 5
0 6 7
1 2 5 7
1 2 4 7
0 1 3
0 3 4 5
8
3 6 7
4 5 6
4 5 7
0 6 7
1 2 5
1 2 4
0 1 3 7
0 2 3 6
8
3 6 7
4 5 6 7
4 5
0 6
1 2 5 7
1 2 4
0 1 3 7
0 1 4 6
8
3 6 7
4 5 6
4 5 7
0 6
1 2 5 7
1 2 4
0 1 3 7
0 2 4 6
8
3 6 7
4 5 6
4 5
0 6 7
1 2 5 7
1 2 4
0 1 3 7
0 3 4 6
8
3 6 7
4 5 6
4 5
0 6
1 2 5 7
1 2 4 7
0 1 3 7
0 4 5 6
8
3 6 7
4 5 6 7
4 5 6 7
0 6 7
1 2 5
1 2 4
0 1 2 3
0 1 2 3
8
3 6 7
4 5 6 7
4 5 6 7
0 6
1 2 5 7
1 2 4
0 1 2 3
0 1 2 4
8
3 6 7
4 5 6
4 5 6
0 6 7
1 2 5 7
1 2 4 7
0 1 2 3
0 3 4 5
8
3 5 6 7
4 6 7
4 6 7
0 5 7
1 2 5
0 3 4
0 1 2
0 1 2 3
8
3 5 6 7
4 6 7
4 6 7
0 5
1 2 5 7
0 3 4
0 1 2
0 1 2 4
8
3 5 6 7
4 6 7
4 6
0 5 7
1 2 5 7
0 3 4
0 1 2
0 1 3 4
8
3 5 6
4 6 7
4 6 7
0 5 7
1 2 5 7
0 3 4
0 1 2
1 2 3 4
8
3 5 6 7
4 6 7
4 6 7
0 5
1 2 5
0 3 4 7
0 1 2
0 1 2 5
8
3 5 6 7
4 6 7
4 6
0 5
1 2 5 7
0 3 4 7
0 1 2
0 1 4 5
8
3 5 6
4 6 7
4 6 7
0 5
1 2 5 7
0 3 4 7
0 1 2
1 2 4 5
8
3 5 6 7
4 6
4 6
0 5 7
1 2 5 7
0 3 4 7
0 1 2
0 3 4 5
8
3 5 6 7
4 6 7
4 6
0 5
1 2 5 7
0 3 4
0 1 2 7
0 1 4 6
8
3 5 6
4 6 7
4 6 7
0 5
1 2 5 7
0 3 4
0 1 2 7
1 2 4 6
8
3 5 6 7
4 6
4 6
0 5 7
1 2 5 7
0 3 4
0 1 2 7
0 3 4 6
8
3 5 6
4 6 7
4 6
0 5 7
1 2 5 7
0 3 4
0 1 2 7
1 3 4 6
8
3 5 6 7
4 6
4 6
0 5
1 2 5 7
0 3 4 7
0 1 2 7
0 4 5 6
8
3 5 6 7
4 6 7
4 6
0 5 6 7
1 2 5 7
0 3 4
0 1 2 3
0 1 3 4
8
3 5 6 7
4 6
4 6
0 5 6 7
1 2 5 7
0 3 4 7
0 1 2 3
0 3 4 5
8
3 5 6 7
4 5 6 7
4 5 6 7
0 5 6 7
1 2
0 1 2 3
0 1 2 3
0 1 2 3
8
3 5 6 7
4 5 6 7
4 5 6 7
0 5 6
1 2 7
0 1 2 3
0 1 2 3
0 1 2 4
8
3 5 6 7
4 5 6 7
4 5 6 7
0 6
1 2 5 7
0 1 2 4
0 1 2 3
0 1 2 4
8
3 4 6 7
5 6 7
5 7
0 4 6 7
0 3
1 2
0 1 3
0 1 2 3
8
3 4 6 7
5 6
5 7
0 4 6 7
0 3 7
1 2
0 1 3
0 2 3 4
8
3 4 6 7
5 6 7
5 7
0 4 6
0 3
1 2 7
0 1 3
0 1 2 5
8
3 4 6 7
5 6
5 7
0 4 6 7
0 3
1 2 7
0 1 3
0 2 3 5
8
3 4 6
5 6 7
5 7
0 4 6
0 3 7
1 2 7
0 1 3
1 2 4 5
8
3 4 6 7
5 6
5 7
0 4 6 7
0 3
1 2
0 1 3 7
0 2 3 6
8
3 4 6
5 6 7
5 6 7
0 4 7
0 3 7
1 2 6
0 1 2 5
1 2 3 4
8
3 4 6 7
5 6
5 6
0 4 7
0 3 7
1 2 6 7
0 1 2 5
0 3 4 5
8
3 4 6 7
4 5 6 7
4 5 6 7
0 5 7
0 1 2
1 2 3
0 1 2
0 1 2 3
8
3 4 6 7
4 5 6 7
4 5 6 7
0 5
0 1 2 7
1 2 3
0 1 2
0 1 2 4
8
3 4 6
4 5 6 7
4 5 6 7
0 5 7
0 1 2 7
1 2 3
0 1 2
1 2 3 4
8
3 4 6 7
4 5 6 7
4 5 6 7
0 5
0 1 2
1 2 3 7
0 1 2
0 1 2 5
8
3 4 6 7
4 5 6 7
4 5 6
0 5 7
0 1 2
1 2 3 7
0 1 2
0 1 3 5
8
3 4 6
4 5 6 7
4 5 6 7
0 5 7
0 1 2
1 2 3 7
0 1 2
1 2 3 5
8
3 4 6 7
4 5 6 7
4 5 6
0 5
0 1 2 7
1 2 3 7
0 1 2
0 1 4 5
8
3 4 6
4 5 6 7
4 5 6 7
0 5
0 1 2 7
1 2 3 7
0 1 2
1 2 4 5
8
3 4 6
4 5 6 7
4 5 6 7
0 5
0 1 2 7
1 2 3
0 1 2 7
1 2 4 6
8
3 4 6 7
4 5 6 7
4 5 6 7
0 5 6 7
0 1 2
1 2 3
0 1 2 3
0 1 2 3
8
3 4 6 7
4 5 6 7
4 5 6 7
0 5 6
0 1 2 7
1 2 3
0 1 2 3
0 1 2 4
8
3 4 6 7
4 5 6 7
4 5 6
0 5 6 7
0 1 2 7
1 2 3
0 1 2 3
0 1 3 4
8
3 4 6
4 5 6 7
4 5 6 7
0 5 6 7
0 1 2 7
1 2 3
0 1 2 3
1 2 3 4
8
3 4 6 7
4 5 6 7
4 5 6
0 5 6
0 1 2 7
1 2 3 7
0 1 2 3
0 1 4 5
8
3 4 6
4 5 6 7
4 5 6 7
0 5 6
0 1 2 7
1 2 3 7
0 1 2 3
1 2 4 5
8
3 4 6 7
4 5 6
4 5 6
0 5 6 7
0 1 2 7
1 2 3 7
0 1 2 3
0 3 4 5
8
3 4 6 7
4 5 6 7
4 5 6 7
0 5
0 1 2 6
1 2 3 7
0 1 2 4
0 1 2 5
8
3 4 5 6
4 5 6 7
4 5 6 7
0 5 6 7
0 1 2 7
0 1 2 3
0 1 2 3
1 2 3 4
8
3 4 6 7
3 5 6 7
4 5 6 7
0 1 6
0 2 7
1 2
0 1 2 3
0 1 2 4
8
3 4 6 7
3 5 6 7
4 5 6
0 1 6
0 2 7
1 2 7
0 1 2 3
0 1 4 5
8
3 4 6 7
3 5 6
4 5 6 7
0 1 6
0 2 7
1 2 7
0 1 2 3
0 2 4 5
8
3 4 6
3 5 6
4 5 6 7
0 1 6 7
0 2 7
1 2 7
0 1 2 3
2 3 4 5
8
3 4 6 7
3 5 6 7
4 5
0 1 6 7
0 2 6 7
1 2
0 1 3 4
0 1 3 4
8
3 4 6
3 5 6 7
4 5 7
0 1 6
0 2 6 7
1 2 7
0 1 3 4
1 2 4 5
8
3 4
3 5 6 7
4 5 6 7
0 1 6 7
0 2 6 7
1 2
1 2 3 4
1 2 3 4
8
3 4 7
3 5 6
4 5 6 7
0 1 6 7
0 2 6
1 2 7
1 2 3 4
0 2 3 5
8
3 4 5 6
3 5 6
4 5 6 7
0 1 6 7
0 2 7
0 1 2 7
0 1 2 3
2 3 4 5
8
3 4 5 6
3 5 6 7
4 5 7
0 1 6
0 2 6 7
0 1 2 7
0 1 3 4
1 2 4 5
8
3 4 5 6
3 5 6 7
4 5
0 1 6 7
0 2 6 7
0 1 2 7
0 1 3 4
1 3 4 5
8
3 4 5 7
3 5 6 7
4 5 6
0 1 6 7
0 2 6 7
0 1 2
1 2 3 4
0 1 3 4
8
3 4 5
3 5 6 7
4 5 6 7
0 1 6 7
0 2 6 7
0 1 2
1 2 3 4
1 2 3 4
8
3 4 5 7
3 5 6 7
4 5 6 7
0 1 6
0 2 6
0 1 2 7
1 2 3 4
0 1 2 5
8
3 4 5 7
3 5 6 7
4 5 6
0 1 6 7
0 2 6
0 1 2 7
1 2 3 4
0 1 3 5
8
3 4 5 7
3 5 6
4 5 6 7
0 1 6 7
0 2 6
0 1 2 7
1 2 3 4
0 2 3 5
8
3 4 6 7
3 5 6 7
4 5 6 7
0 1 5 7
0 2
1 2 3
0 1 2
0 1 2 3
8
3 4 6 7
3 5 6 7
4 5 6 7
0 1 5
0 2 7
1 2 3
0 1 2
0 1 2 4
8
3 4 6 7
3 5 6 7
4 5 6
0 1 5 7
0 2 7
1 2 3
0 1 2
0 1 3 4
8
3 4 6 7
3 5 6
4 5 6 7
0 1 5 7
0 2 7
1 2 3
0 1 2
0 2 3 4
8
3 4 6
3 5 6 7
4 5 6 7
0 1 5 7
0 2 7
1 2 3
0 1 2
1 2 3 4
8
3 4 6 7
3 5 6 7
4 5 6
0 1 5 7
0 2
1 2 3 7
0 1 2
0 1 3 5
8
3 4 6 7
3 5 6
4 5 6 7
0 1 5 7
0 2
1 2 3 7
0 1 2
0 2 3 5
8
3 4 6 7
3 5 6
4 5 6
0 1 5 7
0 2 7
1 2 3 7
0 1 2
0 3 4 5
8
3 4 6
3 5 6 7
4 5 6
0 1 5 7
0 2 7
1 2 3 7
0 1 2
1 3 4 5
8
3 4 6 7
3 5 6 7
4 5 6 7
0 1 5
0 2
1 2 3
0 1 2 7
0 1 2 6
8
3 4 6 7
3 5 6 7
4 5 6
0 1 5 7
0 2
1 2 3
0 1 2 7
0 1 3 6
8
3 4 6 7
3 5 6
4 5 6 7
0 1 5 7
0 2
1 2 3
0 1 2 7
0 2 3 6
8
3 4 6
3 5 6 7
4 5 6 7
0 1 5 7
0 2
1 2 3
0 1 2 7
1 2 3 6
8
3 4 6 7
3 5 6
4 5 6
0 1 5 7
0 2 7
1 2 3
0 1 2 7
0 3 4 6
8
3 4 6
3 5 6 7
4 5 6
0 1 5 7
0 2 7
1 2 3
0 1 2 7
1 3 4 6
8
3 4 6
3 5 6
4 5 6 7
0 1 5 7
0 2 7
1 2 3
0 1 2 7
2 3 4 6
8
3 4 6 7
3 5 6
4 5 6
0 1 5 7
0 2
1 2 3 7
0 1 2 7
0 3 5 6
8
3 4 6
3 5 6 7
4 5 6
0 1 5 7
0 2
1 2 3 7
0 1 2 7
1 3 5 6
8
3 4 6
3 5 6
4 5 6
0 1 5 7
0 2 7
1 2 3 7
0 1 2 7
3 4 5 6
8
3 4 6 7
3 5 6 7
4 5 7
0 1 5 7
0 2 6
1 2 3
0 1 4
0 1 2 3
8
3 4 6 7
3 5 6 7
4 5 7
0 1 5
0 2 6 7
1 2 3
0 1 4
0 1 2 4
8
3 4 6 7
3 5 6 7
4 5
0 1 5 7
0 2 6 7
1 2 3
0 1 4
0 1 3 4
8
3 4 6 7
3 5 6
4 5 7
0 1 5 7
0 2 6 7
1 2 3
0 1 4
0 2 3 4
8
3 4 6
3 5 6 7
4 5 7
0 1 5 7
0 2 6 7
1 2 3
0 1 4
1 2 3 4
8
3 4 6 7
3 5 6 7
4 5
0 1 5 7
0 2 6
1 2 3 7
0 1 4
0 1 3 5
8
3 4 6 7
3 5 6 7
4 5
0 1 5
0 2 6 7
1 2 3 7
0 1 4
0 1 4 5
8
3 4 6 7
3 5 6
4 5 7
0 1 5
0 2 6 7
1 2 3 7
0 1 4
0 2 4 5
8
3 4 6 7
3 5 6
4 5
0 1 5 7
0 2 6 7
1 2 3 7
0 1 4
0 3 4 5
8
3 4 6
3 5 6 7
4 5
0 1 5 7
0 2 6 7
1 2 3 7
0 1 4
1 3 4 5
8
3 4 6 7
3 5 6 7
4 5
0 1 5 7
0 2 6
1 2 3
0 1 4 7
0 1 3 6
8
3 4 6 7
3 5 6 7
4 5 6 7
0 1 5 7
0 2 6
1 2 3
0 1 2 4
0 1 2 3
8
3 4 6 7
3 5 6 7
4 5 6
0 1 5 7
0 2 6 7
1 2 3
0 1 2 4
0 1 3 4
8
3 4 6
3 5 6 7
4 5 6 7
0 1 5 7
0 2 6 7
1 2 3
0 1 2 4
1 2 3 4
8
3 4 6 7
3 5 6 7
4 5 6
0 1 5 7
0 2 6
1 2 3 7
0 1 2 4
0 1 3 5
8
3 4 6 7
3 5 6
4 5 6 7
0 1 5 7
0 2 6
1 2 3 7
0 1 2 4
0 2 3 5
8
3 4 6 7
3 5 6
4 5 6
0 1 5 7
0 2 6 7
1 2 3 7
0 1 2 4
0 3 4 5
8
3 4 6
3 5 6 7
4 5 6
0 1 5 7
0 2 6 7
1 2 3 7
0 1 2 4
1 3 4 5
8
3 4 6 7
3 5 6 7
4 5
0 1 5 6
0 2 6 7
1 2 3 7
0 1 3 4
0 1 4 5
8
3 4 6 7
3 5
4 5 6 7
0 1 5 6
0 2 6 7
1 2 3 7
0 2 3 4
0 2 4 5
8
3 4 5 6
3 5 6 7
4 5 6 7
0 1 4 6
0 2 3 7
0 1 2 7
0 1 2 3
1 2 4 5
8
3 4 5 7
3 5 6 7
4 5 6 7
0 1 4 6
0 2 3 6
0 1 2 7
1 2 3 4
0 1 2 5
8
2 4 6 7
3 5 6 7
0 4 6 7
1 5 6 7
0 2
1 3
0 1 2 3
0 1 2 3
8
2 4 6 7
3 5 6 7
0 4 6
1 5 6 7
0 2 7
1 3
0 1 2 3
0 1 3 4
8
2 4 6 7
3 5 6 7
0 4 6 7
1 5 7
0 2 6
1 3
0 1 2 4
0 1 2 3
8
2 4 6 7
3 5 6 7
0 4 6
1 5 7
0 2 6
1 3 7
0 1 2 4
0 1 3 5
8
2 4 5 7
3 5 6 7
0 4 6 7
1 5 6 7
0 2
0 1 3
1 2 3
0 1 2 3
8
2 4 5 7
3 5 6 7
0 4 6 7
1 5 6
0 2 7
0 1 3
1 2 3
0 1 2 4
8
2 4 5 7
3 5 6 7
0 4 6
1 5 6 7
0 2 7
0 1 3
1 2 3
0 1 3 4
8
2 4 5 7
3 5 6 7
0 4 6 7
1 5 6
0 2
0 1 3 7
1 2 3
0 1 2 5
8
2 4 5 7
3 5 6 7
0 4 6
1 5 6 7
0 2
0 1 3 7
1 2 3
0 1 3 5
8
2 4 5
3 5 6 7
0 4 6 7
1 5 6 7
0 2
0 1 3 7
1 2 3
1 2 3 5
8
2 4 5 7
3 5 6 7
0 4 6
1 5 6
0 2 7
0 1 3 7
1 2 3
0 1 4 5
8
2 4 5 7
3 5 6
0 4 6 7
1 5 6
0 2 7
0 1 3 7
1 2 3
0 2 4 5
8
2 4 5
3 5 6 7
0 4 6 7
1 5 6
0 2 7
0 1 3 7
1 2 3
1 2 4 5
8
2 4 5
3 5 6 7
0 4 6
1 5 6 7
0 2 7
0 1 3 7
1 2 3
1 3 4 5
8
2 4 5 7
3 5 6 7
0 4 6
1 5 6
0 2
0 1 3 7
1 2 3 7
0 1 5 6
8
2 4 5 7
3 5 6
0 4 6 7
1 5 6
0 2
0 1 3 7
1 2 3 7
0 2 5 6
8
2 4 5
3 5 6 7
0 4 6
1 5 6 7
0 2
0 1 3 7
1 2 3 7
1 3 5 6
8
2 4 5 7
3 5 6
0 4 6
1 5 6
0 2 7
0 1 3 7
1 2 3 7
0 4 5 6
8
2 4 5
3 5 6 7
0 4 6
1 5 6
0 2 7
0 1 3 7
1 2 3 7
1 4 5 6
8
2 4 5 6
3 5 6 7
0 4 6 7
1 5 7
0 2 6
0 1 3 7
0 1 2 4
1 2 3 5
8
2 4 5 6
3 5 6 7
0 4 6 7
1 5
0 2 6 7
0 1 3 7
0 1 2 4
1 2 4 5
8
2 4 5 7
3 5 6 7
0 4 6 7
1 5 6 7
0 2 6
0 1 3
1 2 3 4
0 1 2 3
8
2 4 5
3 5 6 7
0 4 6 7
1 5 6 7
0 2 6 7
0 1 3
1 2 3 4
1 2 3 4
8
2 4 5 7
3 5 6 7
0 4 6 7
1 5 6
0 2 6
0 1 3 7
1 2 3 4
0 1 2 5
8
2 4 5 7
3 5 6 7
0 4 6
1 5 6 7
0 2 6
0 1 3 7
1 2 3 4
0 1 3 5
8
2 4 5 6
3 4 5 7
0 4 6 7
1 5 6 7
0 1 2 6
0 1 3 7
0 2 3 4
1 2 3 5
8
2 4 5 6
3 4 6 7
0 4 5 7
1 5 6 7
0 1 2 6
0 2 3 7
0 1 3 4
1 2 3 5
8
7
7
7
7
7
7
7
0 1 2 3 4 5 6
8
6 7
7
7
7
7
7
0
0 1 2 3 4 5
8
6 7
6
7
7
7
7
0 1
0 2 3 4 5
8
6 7
6 7
7
7
7
7
0 1
0 1 2 3 4 5
8
6
6
7
7
7
7
0 1 7
2 3 4 5 6
8
6 7
6
6
7
7
7
0 1 2
0 3 4 5
8
6 7
6 7
6
7
7
7
0 1 2
0 1 3 4 5
8
6 7
6 7
6 7
7
7
7
0 1 2
0 1 2 3 4 5
8
6
6
6
7
7
7
0 1 2 7
3 4 5 6
8
6 7
6 7
6
6
7
7
0 1 2 3
0 1 4 5
8
6 7
6 7
6 7
6
7
7
0 1 2 3
0 1 2 4 5
8
6 7
6 7
6 7
6 7
7
7
0 1 2 3
0 1 2 3 4 5
8
6 7
6 7
6 7
6 7
6
7
0 1 2 3 4
0 1 2 3 5
8
6 7
6 7
6 7
6 7
6 7
7
0 1 2 3 4
0 1 2 3 4 5
8
6 7
6 7
6 7
6 7
6 7
6 7
0 1 2 3 4 5
0 1 2 3 4 5
8
5 7
6 7
7
7
7
0
1
0 1 2 3 4
8
5 6 7
6
7
7
7
0
0 1
0 2 3 4
8
5 6
6 7
7
7
7
0
0 1
1 2 3 4
8
5 6 7
6 7
7
7
7
0
0 1
0 1 2 3 4
8
5 7
6 7
6
7
7
0
1 2
0 1 3 4
8
5 7
6 7
6 7
7
7
0
1 2
0 1 2 3 4
8
5 7
6
6
7
7
0
1 2 7
0 3 4 6
8
5 6 7
6 7
6
7
7
0
0 1 2
0 1 3 4
8
5 6
6 7
6 7
7
7
0
0 1 2
1 2 3 4
8
5 6 7
6 7
6 7
7
7
0
0 1 2
0 1 2 3 4
8
5 6
6
6
7
7
0 7
0 1 2
3 4 5
8
5 6
6
6
7
7
0 7
0 1 2 7
3 4 5 6
8
5 7
6 7
6
6
7
0
1 2 3
0 1 4
8
5 7
6 7
6 7
6
7
0
1 2 3
0 1 2 4
8
5 7
6 7
6 7
6 7
7
0
1 2 3
0 1 2 3 4
8
5 6 7
6 7
6 7
6
7
0
0 1 2 3
0 1 2 4
8
5 6 7
6 7
6 7
6 7
7
0
0 1 2 3
0 1 2 3 4
8
5 7
6 7
6 7
6 7
6
0
1 2 3 4
0 1 2 3
8
5 7
6 7
6 7
6 7
6 7
0
1 2 3 4
0 1 2 3 4
8
5 6 7
6 7
6 7
6 7
6 7
0
0 1 2 3 4
0 1 2 3 4
8
5 6 7
5 6
7
7
7
0 1
0 1
0 2 3 4
8
5 6 7
5 6 7
7
7
7
0 1
0 1
0 1 2 3 4
8
5 6
5 7
6
7
7
0 1
0 2
1 3 4
8
5 6 7
5 7
6
7
7
0 1
0 2
0 1 3 4
8
5 6
5 7
6 7
7
7
0 1
0 2
1 2 3 4
8
5 6 7
5 7
6 7
7
7
0 1
0 2
0 1 2 3 4
8
5 6
5
6
7
7
0 1 7
0 2 7
3 4 5 6
8
5 6 7
5 6 7
6
7
7
0 1
0 1 2
0 1 3 4
8
5 6 7
5 6
6 7
7
7
0 1
0 1 2
0 2 3 4
8
5 6 7
5 6 7
6 7
7
7
0 1
0 1 2
0 1 2 3 4
8
5 6
5 6
6
7
7
0 1 7
0 1 2
3 4 5
8
5 7
5
6 7
6
7
0 1
2 3
0 2 4
8
5 7
5 7
6 7
6
7
0 1
2 3
0 1 2 4
8
5 7
5 7
6 7
6 7
7
0 1
2 3
0 1 2 3 4
8
5
5
6 7
6
7
0 1 7
2 3
2 4 5
8
5
5
6 7
6 7
7
0 1 7
2 3
2 3 4 5
8
5
5
6
6
7
0 1 7
2 3 7
4 5 6
8
5 6
5 7
6 7
6
7
0 1
0 2 3
1 2 4
8
5 6 7
5 7
6 7
6
7
0 1
0 2 3
0 1 2 4
8
5 6 7
5
6 7
6 7
7
0 1
0 2 3
0 2 3 4
8
5 6
5 7
6 7
6 7
7
0 1
0 2 3
1 2 3 4
8
5 6 7
5 7
6 7
6 7
7
0 1
0 2 3
0 1 2 3 4
8
5 6 7
5 6 7
6 7
6
7
0 1
0 1 2 3
0 1 2 4
8
5 6 7
5 6 7
6 7
6 7
7
0 1
0 1 2 3
0 1 2 3 4
8
5 7
5 7
6 7
6
6
0 1
2 3 4
0 1 2
8
5 7
5
6 7
6 7
6
0 1
2 3 4
0 2 3
8
5 7
5 7
6 7
6 7
6
0 1
2 3 4
0 1 2 3
8
5 7
5
6 7
6 7
6 7
0 1
2 3 4
0 2 3 4
8
5 7
5 7
6 7
6 7
6 7
0 1
2 3 4
0 1 2 3 4
8
5
5
6 7
6 7
6 7
0 1 7
2 3 4
2 3 4 5
8
5 6 7
5 7
6 7
6 7
6
0 1
0 2 3 4
0 1 2 3
8
5 6 7
5
6 7
6 7
6 7
0 1
0 2 3 4
0 2 3 4
8
5 6
5 7
6 7
6 7
6 7
0 1
0 2 3 4
1 2 3 4
8
5 6 7
5 7
6 7
6 7
6 7
0 1
0 2 3 4
0 1 2 3 4
8
5 6 7
5 6 7
6 7
6 7
6 7
0 1
0 1 2 3 4
0 1 2 3 4
8
5
5
6 7
6 7
7
0 1 6 7
2 3 5
2 3 4 5
8
5 6 7
5 6 7
5 6
7
7
0 1 2
0 1 2
0 1 3 4
8
5 6 7
5 6 7
5 6 7
7
7
0 1 2
0 1 2
0 1 2 3 4
8
5 6
5 6
5 6
7
7
0 1 2 7
0 1 2 7
3 4 5 6
8
5 6 7
5 6 7
5 7
6
7
0 1 2
0 1 3
0 1 2 4
8
5 6 7
5 6
5 7
6 7
7
0 1 2
0 1 3
0 2 3 4
8
5 6 7
5 6 7
5 7
6 7
7
0 1 2
0 1 3
0 1 2 3 4
8
5 6 7
5 6 7
5 6 7
6
7
0 1 2
0 1 2 3
0 1 2 4
8
5 6 7
5 6 7
5 6 7
6 7
7
0 1 2
0 1 2 3
0 1 2 3 4
8
5 6
5 7
5 7
6 7
6
0 1 2
0 3 4
1 2 3
8
5 6 7
5 7
5 7
6 7
6
0 1 2
0 3 4
0 1 2 3
8
5 6
5 7
5 7
6 7
6 7
0 1 2
0 3 4
1 2 3 4
8
5 6 7
5 7
5 7
6 7
6 7
0 1 2
0 3 4
0 1 2 3 4
8
5 6 7
5 6 7
5 7
6 7
6
0 1 2
0 1 3 4
0 1 2 3
8
5 6 7
5 6 7
5
6 7
6 7
0 1 2
0 1 3 4
0 1 3 4
8
5 6 7
5 6
5 7
6 7
6 7
0 1 2
0 1 3 4
0 2 3 4
8
5 6 7
5 6 7
5 7
6 7
6 7
0 1 2
0 1 3 4
0 1 2 3 4
8
5 6 7
5 6 7
5 6 7
6 7
6 7
0 1 2
0 1 2 3 4
0 1 2 3 4
8
5 6 7
5 6 7
5 6 7
5 6
7
0 1 2 3
0 1 2 3
0 1 2 4
8
5 6 7
5 6 7
5 6 7
5 6 7
7
0 1 2 3
0 1 2 3
0 1 2 3 4
8
5 6 7
5 6 7
5 6
5 7
6 7
0 1 2 3
0 1 2 4
0 1 3 4
8
5 6 7
5 6 7
5 6 7
5 7
6 7
0 1 2 3
0 1 2 4
0 1 2 3 4
8
5 6 7
5 6 7
5 6 7
5 6 7
6 7
0 1 2 3
0 1 2 3 4
0 1 2 3 4
8
5 6 7
5 6 7
5 6 7
5 6 7
5 6 7
0 1 2 3 4
0 1 2 3 4
0 1 2 3 4
8
4 7
5 7
6 7
7
0
1
2
0 1 2 3
8
4 6 7
5 7
6
7
0
1
0 2
0 1 3
8
4 6
5 7
6 7
7
0
1
0 2
1 2 3
8
4 6 7
5 7
6 7
7
0
1
0 2
0 1 2 3
8
4 6 7
5 6 7
6
7
0
1
0 1 2
0 1 3
8
4 6 7
5 6 7
6 7
7
0
1
0 1 2
0 1 2 3
8
4 6
5 6
6
7
0 7
1 7
0 1 2
3 4 5
8
4 6
5 6
6
7
0 7
1 7
0 1 2 7
3 4 5 6
8
4 7
5 7
6 7
6
0
1
2 3
0 1 2
8
4 7
5 7
6 7
6 7
0
1
2 3
0 1 2 3
8
4 7
5 7
6
6
0
1
2 3 7
0 1 6
8
4 6
5 7
6 7
6 7
0
1
0 2 3
1 2 3
8
4 6 7
5 7
6 7
6 7
0
1
0 2 3
0 1 2 3
8
4 6 7
5 6 7
6 7
6 7
0
1
0 1 2 3
0 1 2 3
8
4 5 7
5 6 7
6
7
0
0 1
1 2
0 1 3
8
4 5 7
5 6
6 7
7
0
0 1
1 2
0 2 3
8
4 5 7
5 6 7
6 7
7
0
0 1
1 2
0 1 2 3
8
4 5 6 7
5 6 7
6 7
7
0
0 1
0 1 2
0 1 2 3
8
4 5 7
5 7
6 7
6
0
0 1
2 3
0 1 2
8
4 5 7
5
6 7
6 7
0
0 1
2 3
0 2 3
8
4 5
5 7
6 7
6 7
0
0 1
2 3
1 2 3
8
4 5 7
5 7
6 7
6 7
0
0 1
2 3
0 1 2 3
8
4 5 7
5 7
6
6
0
0 1
2 3 7
0 1 6
8
4 5 7
5 6 7
6 7
6
0
0 1
1 2 3
0 1 2
8
4 5 7
5 6 7
6 7
6 7
0
0 1
1 2 3
0 1 2 3
8
4 7
5 6 7
5 6 7
7
0
1 2
1 2
0 1 2 3
8
4 6 7
5 6 7
5 6 7
7
0
1 2
0 1 2
0 1 2 3
8
4 6
5 6
5 6
7
0 7
1 2 7
0 1 2
3 4 5
8
4 7
5 6
5 7
6
0
1 2
1 3
0 2
8
4 7
5 6 7
5 7
6
0
1 2
1 3
0 1 2
8
4 7
5 6
5 7
6 7
0
1 2
1 3
0 2 3
8
4 7
5 6 7
5 7
6 7
0
1 2
1 3
0 1 2 3
8
4 7
5 6
5
6
0
1 2 7
1 3 7
0 5 6
8
4 6 7
5 6 7
5 7
6
0
1 2
0 1 3
0 1 2
8
4 6 7
5 6 7
5 7
6 7
0
1 2
0 1 3
0 1 2 3
8
4 7
5 6 7
5 6 7
6
0
1 2
1 2 3
0 1 2
8
4 7
5 6 7
5 6 7
6 7
0
1 2
1 2 3
0 1 2 3
8
4 6 7
5 6 7
5 6 7
6 7
0
1 2
0 1 2 3
0 1 2 3
8
4 6
5 7
5 7
6
0 7
1 2 6
0 3 5 7
1 2 4 6
8
4 5 6 7
5 6 7
5 6 7
7
0
0 1 2
0 1 2
0 1 2 3
8
4 5 6
5 6
5 6
7
0 7
0 1 2 7
0 1 2 7
3 4 5 6
8
4 5 6 7
5 6 7
5 7
6 7
0
0 1 2
0 1 3
0 1 2 3
8
4 6 7
5 6 7
5 6 7
5
0
1 2 3
0 1 2
0 1 2
8
4 6 7
5 6 7
5 6 7
5 7
0
1 2 3
0 1 2
0 1 2 3
8
4 7
5 6 7
5 6 7
5 6 7
0
1 2 3
1 2 3
0 1 2 3
8
4 6 7
5 6 7
5 6 7
5 6 7
0
1 2 3
0 1 2 3
0 1 2 3
8
4 5 7
4 5 7
6 7
6
0 1
0 1
2 3
0 1 2
8
4 5 7
4 5
6 7
6 7
0 1
0 1
2 3
0 2 3
8
4 5 7
4 5 7
6 7
6 7
0 1
0 1
2 3
0 1 2 3
8
4 5 7
4 5 7
6
6
0 1
0 1
2 3 7
0 1 6
8
4 5 6 7
4 5 6 7
6 7
6 7
0 1
0 1
0 1 2 3
0 1 2 3
8
4 5 7
4 6 7
5 6
7
0 1
0 2
1 2
0 1 3
8
4 5 7
4 6 7
5 6 7
7
0 1
0 2
1 2
0 1 2 3
8
4 5 7
4 6 7
5 7
6
0 1
0 2
1 3
0 1 2
8
4 5
4 6
5 7
6 7
0 1
0 2
1 3
2 3
8
4 5 7
4 6
5 7
6 7
0 1
0 2
1 3
0 2 3
8
4 5 7
4 6 7
5 7
6 7
0 1
0 2
1 3
0 1 2 3
8
4 5
4 6
5
6
0 1 7
0 2 7
1 3 7
4 5 6
8
4 5 7
4 6 7
5 6 7
6
0 1
0 2
1 2 3
0 1 2
8
4 5 7
4 6 7
5 6
6 7
0 1
0 2
1 2 3
0 1 3
8
4 5 7
4 6 7
5 6 7
6 7
0 1
0 2
1 2 3
0 1 2 3
8
4 5 6 7
4 5 6 7
5 6 7
7
0 1
0 1 2
0 1 2
0 1 2 3
8
4 5 6 7
4 5 6 7
5 7
6 7
0 1
0 1 2
0 1 3
0 1 2 3
8
4 5 6 7
4 5 6 7
5 6 7
6 7
0 1
0 1 2
0 1 2 3
0 1 2 3
8
4 6 7
4 6 7
5 6 7
5
0 1
2 3
0 1 2
0 1 2
8
4 6 7
4 6 7
5 6
5 7
0 1
2 3
0 1 2
0 1 3
8
4 6 7
4 6
5 6 7
5 7
0 1
2 3
0 1 2
0 2 3
8
4 6 7
4 6 7
5 6 7
5 7
0 1
2 3
0 1 2
0 1 2 3
8
4 6 7
4 6 7
5 6 7
5 6 7
0 1
2 3
0 1 2 3
0 1 2 3
8
4 7
4 7
5 6
5 6
0 1 6
2 3 7
2 3 4
0 1 5
8
4 7
4 7
5 6
5 6
0 1 6
2 3 7
2 3 4 7
0 1 5 6
8
4 5 6 7
4 6 7
5 6 7
5 7
0 1
0 2 3
0 1 2
0 1 2 3
8
4 5 6 7
4 7
5 6 7
5 6 7
0 1
0 2 3
0 2 3
0 1 2 3
8
4 5 7
4 6 7
5 6 7
5 6
0 1
0 2 3
1 2 3
0 1 2
8
4 5 7
4 6
5 6 7
5 6 7
0 1
0 2 3
1 2 3
0 2 3
8
4 5 7
4 6 7
5 6 7
5 6 7
0 1
0 2 3
1 2 3
0 1 2 3
8
4 5 6 7
4 5 6 7
4 5 6 7
7
0 1 2
0 1 2
0 1 2
0 1 2 3
8
4 5 6 7
4 5 6 7
4 5 7
6 7
0 1 2
0 1 2
0 1 3
0 1 2 3
8
4 5 6 7
4 5 6 7
4 5 6 7
6 7
0 1 2
0 1 2
0 1 2 3
0 1 2 3
8
4 5 6
4 5 7
4 6 7
5 6 7
0 1 2
0 1 3
0 2 3
1 2 3
8
4 5 6 7
4 5 7
4 6 7
5 6 7
0 1 2
0 1 3
0 2 3
0 1 2 3
8
4 5 6 7
4 5 6 7
4 6 7
5 6 7
0 1 2
0 1 3
0 1 2 3
0 1 2 3
8
4 5 6 7
4 5 6 7
4 5 6 7
5 6 7
0 1 2
0 1 2 3
0 1 2 3
0 1 2 3
8
4 5 6 7
4 5 6 7
4 5 6 7
4 5 6 7
0 1 2 3
0 1 2 3
0 1 2 3
0 1 2 3
8
3 6 7
4 6 7
5 6 7
0
1
2
0 1 2
0 1 2
8
3 6
4 6
5 6
0 7
1 7
2 7
0 1 2
3 4 5
8
3 6
4 6
5 6
0 7
1 7
2 7
0 1 2 7
3 4 5 6
8
3 5 6
4 6
5 6
0 7
1 7
0 2 7
0 1 2 7
3 4 5 6
40
1 3 5 6 7 8 10 14 15 16 17 18 19 20 21 22 23 24 26 29 31 32 34 36 37 39 
0 2 3 4 5 6 7 9 10 11 12 13 14 18 19 20 21 22 23 25 26 27 28 29 30 31 32 36 39 
1 3 4 6 7 8 9 11 12 13 14 16 18 20 21 22 23 24 26 27 28 29 31 32 33 34 36 37 38 39 
0 4 5 6 7 8 9 10 11 12 14 15 17 18 19 20 21 23 25 27 28 29 30 31 34 35 36 37 38 
0 1 2 3 6 7 8 9 10 11 12 13 15 19 20 21 22 24 25 27 29 30 31 33 36 39 
1 3 4 6 7 8 9 11 13 14 20 22 23 25 26 27 28 29 31 32 33 35 38 
1 2 5 8 11 12 13 14 15 16 19 22 23 24 26 27 28 29 30 31 32 33 34 37 39 
0 1 2 3 4 5 8 11 12 13 14 17 18 20 22 24 25 28 31 33 34 35 36 37 
0 2 4 5 6 7 9 10 11 12 14 16 18 19 20 21 23 28 29 30 31 32 36 38 39 
2 3 5 6 7 8 10 11 12 13 16 17 18 19 20 22 23 24 27 29 32 33 35 38 39 
0 1 2 3 4 5 6 7 8 12 13 14 15 16 17 18 20 21 22 23 24 26 27 28 30 31 35 36 37 38 39 
0 1 2 3 4 6 7 8 9 14 16 17 19 20 21 23 24 25 27 28 31 32 34 35 37 
0 2 3 4 6 7 8 9 10 11 13 14 15 21 22 23 25 26 29 30 31 32 33 34 35 36 39 
0 2 3 4 6 7 8 9 10 11 12 14 15 16 17 20 24 25 28 30 31 32 34 35 36 37 39 
1 3 6 7 8 9 10 13 16 17 19 20 21 24 25 26 27 28 29 31 33 34 35 36 37 38 
0 1 2 3 4 5 6 7 8 9 10 11 13 16 17 18 19 20 24 25 26 27 28 30 31 34 35 36 37 39 
1 5 6 8 9 10 13 14 17 21 23 24 26 27 31 33 37 38 
0 2 3 5 6 9 10 12 15 16 18 21 22 23 24 25 26 27 35 36 37 38 
1 4 6 9 13 16 22 23 25 26 28 29 32 33 34 35 36 38 39 
0 1 4 5 6 7 8 9 11 12 13 14 15 16 17 18 21 22 23 24 26 29 32 34 35 37 38 39 
1 2 3 4 6 7 10 11 13 14 15 16 19 21 22 23 24 26 28 29 35 37 38 39 
2 3 4 5 6 7 8 11 13 14 16 18 20 24 26 27 28 29 30 31 32 35 36 37 38 39 
0 2 3 4 5 6 7 9 10 11 12 13 19 21 24 25 26 28 32 33 36 38 39 
1 2 4 5 6 8 10 11 12 14 15 16 17 18 19 21 22 25 27 28 31 33 36 38 39 
1 2 4 5 7 8 9 10 11 13 14 15 16 17 18 19 22 25 26 27 29 30 33 34 35 37 38 39 
1 2 4 5 6 8 11 12 14 15 16 19 20 21 22 23 24 27 29 30 31 32 34 37 
0 2 3 4 8 9 11 12 14 16 18 20 21 22 23 24 25 27 31 32 33 35 39 
0 3 4 6 7 10 11 12 14 15 17 18 19 21 22 23 24 26 28 30 31 33 34 35 36 39 
0 1 2 4 7 8 9 10 13 15 16 18 21 22 23 27 29 31 32 34 35 36 37 38 39 
0 1 3 6 8 9 10 11 12 13 14 15 16 17 18 19 21 22 24 25 26 27 28 31 32 33 34 35 37 38 39 
0 6 8 9 10 11 12 13 14 15 17 19 20 21 23 24 25 26 27 28 29 31 32 33 34 35 37 38 39 
0 1 2 3 4 7 8 9 10 11 12 13 14 15 16 19 20 21 22 23 25 26 27 28 29 30 33 34 37 38 
1 2 4 6 7 12 13 14 16 17 18 19 20 21 22 23 24 25 26 27 28 29 30 33 36 38 39 
0 1 2 4 6 8 9 10 11 12 13 14 15 16 17 19 21 22 23 24 25 26 28 29 31 34 35 36 37 38 39 
2 4 5 6 7 9 11 12 13 14 15 17 18 20 21 22 23 24 25 27 28 31 32 35 37 39 
0 1 2 3 4 5 6 8 10 12 13 14 15 16 17 18 19 20 21 23 24 25 26 27 28 29 36 38 
0 3 4 5 6 7 9 10 11 12 13 14 15 17 18 19 21 22 24 25 26 27 29 30 31 35 37 38 39 
0 2 6 7 8 9 11 12 13 15 16 18 19 20 23 26 28 29 30 31 32 34 35 39 
0 2 3 4 5 7 8 9 10 11 12 15 17 18 19 20 21 23 25 28 29 30 31 34 35 36 37 39 
0 1 2 4 5 6 7 8 10 11 13 14 15 16 18 19 21 23 25 27 28 29 31 32 34 35 
35
2 3 4 7 8 10 12 13 14 15 16 18 20 21 22 23 25 26 27 31 33 34 
0 2 3 5 6 7 10 12 14 15 16 17 18 19 20 21 23 24 25 26 27 30 32 34 
0 1 4 8 11 12 13 17 18 19 21 23 26 27 28 29 30 31 34 
1 2 4 5 6 7 9 10 11 13 14 16 17 19 20 22 27 29 30 32 33 34 
0 1 3 5 6 7 8 9 11 12 14 16 19 21 22 23 24 26 28 31 32 
1 2 3 4 6 8 10 11 12 13 15 18 21 25 26 28 29 30 31 33 
2 5 7 9 10 13 15 17 19 22 23 24 25 26 27 29 30 31 
0 1 3 4 5 6 8 9 11 12 13 14 17 20 21 22 23 24 25 26 28 33 34 
0 2 3 4 7 9 11 15 17 19 20 22 24 26 27 28 29 30 31 32 33 34 
0 1 2 4 5 8 12 13 14 15 17 20 22 23 28 30 31 32 
0 3 4 5 8 11 13 14 15 16 17 18 19 20 23 27 29 34 
0 1 4 5 6 14 15 16 18 19 20 23 29 30 33 
0 2 4 5 7 9 10 11 13 16 17 18 19 20 21 22 23 24 26 27 29 30 31 32 33 
2 3 6 9 10 12 14 15 17 19 20 22 25 26 29 30 31 33 34 
0 2 4 6 7 8 9 15 16 19 20 21 23 24 25 27 30 31 32 33 
2 3 4 6 7 9 10 13 16 17 19 21 22 24 26 29 30 31 32 
4 5 9 11 13 17 18 19 20 21 24 25 26 29 30 31 32 33 
0 4 5 6 7 8 10 11 12 14 16 18 19 21 22 24 26 27 28 30 32 34 
5 8 13 14 15 16 17 19 21 22 23 24 27 31 34 
1 3 4 6 7 8 10 11 12 13 14 16 17 21 23 25 28 29 31 32 33 34 
3 5 6 7 10 11 12 13 15 22 23 25 26 29 30 31 
4 5 6 7 8 12 13 17 18 20 23 28 29 30 
1 3 9 10 11 12 13 17 19 23 24 25 26 27 32 33 34 
0 4 5 7 8 9 11 13 14 15 17 18 19 20 21 22 24 27 28 29 30 31 32 33 
0 2 4 5 7 8 10 11 12 13 14 16 17 18 20 21 22 23 25 26 27 30 31 33 34 
0 1 2 3 4 5 7 8 9 11 12 13 14 15 17 18 21 22 23 24 27 28 30 33 
1 2 3 6 7 8 9 11 12 15 16 17 18 20 21 22 24 25 28 30 31 33 34 
0 1 3 5 6 7 8 9 10 11 14 17 19 20 24 25 26 28 29 33 34 
1 2 3 4 6 7 9 10 11 13 15 16 19 20 21 23 24 25 26 27 29 30 31 32 34 
1 2 4 5 6 7 8 9 10 12 13 15 16 21 22 25 26 27 30 31 32 33 34 
1 2 3 7 8 10 11 12 13 15 16 17 18 22 26 27 28 29 31 32 33 34 
0 1 5 7 10 11 13 14 17 18 20 21 22 24 25 27 28 30 33 34 
0 2 3 4 6 7 9 12 13 14 19 20 21 22 24 27 29 30 34 
1 2 4 5 7 8 9 10 12 14 17 19 20 22 25 26 27 28 29 30 34 
0 1 2 4 6 8 11 13 14 16 17 18 22 24 27 30 32 33 
30
1 2 3 4 6 7 8 9 10 14 15 16 17 18 19 20 21 22 24 25 26 27 28 29 
0 2 3 4 6 7 9 10 11 12 13 14 16 17 18 19 23 24 25 27 29 
0 1 3 6 7 8 9 11 12 13 14 16 17 18 20 21 24 25 26 28 
2 5 9 10 11 12 13 14 16 19 20 22 23 24 25 28 29 
0 1 2 3 5 6 7 8 9 10 12 13 16 17 19 20 21 22 24 25 26 27 28 
1 2 4 6 8 13 14 16 18 19 20 21 22 26 28 29 
0 1 2 3 4 5 9 10 11 13 14 18 20 22 24 26 27 28 29 
0 1 2 3 5 6 11 14 15 16 18 19 21 22 23 24 26 27 28 
0 1 5 6 9 10 11 12 13 14 15 16 17 18 19 21 22 23 24 25 27 28 29 
0 2 4 5 6 7 8 10 11 13 14 18 19 20 21 22 23 24 25 27 29 
0 1 2 3 4 5 7 8 9 12 14 15 17 19 20 21 22 26 27 28 
0 1 2 3 4 5 7 8 9 10 14 16 17 18 19 20 21 22 26 27 28 
0 3 4 6 7 8 9 11 13 14 15 16 17 20 21 22 23 24 25 26 27 29 
1 2 3 4 7 8 9 10 14 16 17 18 19 20 21 22 23 24 25 26 29 
0 2 3 4 6 9 10 12 13 15 18 19 20 21 22 23 24 25 27 28 
0 1 2 3 6 7 8 12 13 14 16 21 22 23 25 26 27 28 29 
0 1 2 3 4 5 8 9 10 11 13 14 15 17 19 22 23 25 26 27 28 
0 1 2 3 4 5 6 7 8 11 12 13 15 16 18 20 22 23 24 25 26 27 28 29 
0 2 3 9 10 11 13 14 15 16 17 19 20 22 23 27 28 
0 1 3 4 5 8 11 12 13 14 17 20 22 23 24 25 26 27 28 29 
4 5 6 7 8 9 10 11 12 13 14 16 17 18 19 21 22 24 25 26 28 29 
0 1 3 4 5 6 7 8 10 12 13 16 17 18 19 22 23 25 26 27 28 29 
0 1 3 5 6 7 8 9 10 12 14 15 17 18 19 21 23 24 26 27 28 29 
0 1 2 3 4 6 7 9 11 13 14 16 17 18 19 20 21 22 24 26 27 29 
0 2 3 5 6 7 10 11 12 13 14 15 18 20 21 22 23 27 28 29 
0 2 3 4 6 7 8 10 11 14 15 16 17 18 19 20 21 22 23 24 26 28 
2 3 4 5 6 7 8 11 13 15 16 18 19 21 22 23 24 25 27 29 
0 1 2 5 8 9 10 12 14 15 16 17 18 21 22 23 25 26 28 
1 5 6 7 8 11 13 14 15 17 18 19 20 21 22 26 27 
0 2 3 4 6 7 8 10 11 12 14 15 16 18 19 21 22 23 24 25 26 28 
35
1 5 6 7 8 10 11 12 14 15 16 18 20 22 23 24 26 29 30 32 
4 5 6 7 8 11 13 16 20 23 24 26 28 30 34 
1 5 6 11 12 15 17 18 19 23 24 25 31 33 34 
1 6 7 10 11 19 21 23 25 26 27 28 29 30 32 33 34 
1 6 11 13 14 16 18 20 22 23 26 28 29 30 33 34 
2 6 8 9 12 13 14 15 16 17 21 23 25 29 31 32 33 34 
0 1 2 3 4 9 10 14 16 17 21 22 24 25 27 31 33 34 
0 1 3 4 5 9 10 13 14 17 18 21 25 26 27 28 29 30 31 32 34 
1 4 5 6 10 11 12 14 16 17 19 20 21 25 26 28 30 31 32 
0 2 3 4 5 6 14 18 20 21 23 24 27 29 30 31 32 33 34 
0 1 5 6 8 9 12 17 18 20 21 24 27 28 30 31 33 34 
0 4 6 9 13 14 17 18 20 26 28 29 30 33 
0 1 3 7 10 11 16 17 21 22 24 26 30 31 33 34 
0 1 2 3 4 6 8 9 12 15 17 19 20 22 23 26 27 28 30 31 33 34 
2 5 8 11 15 18 21 22 25 26 27 31 32 33 34 
0 1 5 6 12 16 18 19 20 21 23 27 29 31 32 
0 1 2 3 5 7 8 9 13 15 19 22 26 27 31 32 34 
4 6 7 10 11 12 16 18 19 20 23 25 28 32 
0 1 2 6 10 13 14 15 17 22 23 27 29 30 33 34 
0 1 2 3 5 7 9 11 12 15 16 18 21 23 26 27 32 33 
0 2 5 6 9 11 12 14 16 18 22 23 24 28 30 34 
0 3 4 5 7 11 15 16 17 18 20 22 24 25 27 29 30 33 
0 2 3 6 9 10 13 16 17 19 20 24 25 26 27 28 30 31 33 
0 4 6 8 14 16 18 19 20 22 24 25 26 28 29 30 31 32 33 
0 2 4 5 6 7 8 9 10 15 17 18 23 25 26 27 28 29 31 33 
2 5 7 8 9 10 14 15 16 18 21 22 26 27 28 30 32 34 
0 2 6 7 9 10 11 12 14 15 20 22 30 31 32 34 
3 4 5 7 9 11 12 14 16 20 23 24 25 30 32 34 
1 2 5 7 10 11 15 16 18 20 26 27 29 30 31 33 
1 2 4 7 9 10 11 12 14 15 16 19 23 24 25 26 28 30 
2 4 5 6 8 10 11 12 13 14 15 16 21 22 28 29 32 
3 6 7 8 9 10 13 14 15 18 22 23 24 25 26 27 30 32 34 
0 6 7 8 9 13 14 16 18 20 21 23 25 26 27 28 29 33 34 
0 1 2 3 4 5 8 10 13 16 17 18 20 21 22 24 27 28 31 32 
2 4 5 6 9 13 15 16 18 20 21 24 25 26 30 33 
30
2 4 5 7 8 12 13 14 15 16 18 21 22 24 26 29 
0 2 5 6 9 12 13 14 15 16 18 19 21 24 25 26 29 
1 3 6 7 8 11 14 16 19 22 23 25 29 
1 2 4 5 6 8 9 10 12 14 15 16 22 24 26 29 
8 9 10 13 15 17 18 20 21 22 23 24 26 28 29 
3 6 7 8 18 24 25 27 29 
1 2 3 7 8 9 12 14 15 19 21 23 24 26 28 29 
5 6 8 11 12 14 16 18 19 20 22 24 25 26 
0 1 2 3 4 6 14 16 20 23 25 26 27 
0 4 6 7 13 14 15 17 23 24 26 27 28 29 
0 1 2 3 4 8 9 14 16 19 21 25 28 
0 1 2 4 5 9 10 13 17 18 19 22 23 24 25 27 29 
0 1 3 4 7 8 11 13 14 16 17 21 23 24 25 28 
1 2 3 6 7 9 11 14 16 17 20 23 24 26 28 
0 2 3 5 6 7 9 11 12 13 15 19 22 23 27 
0 1 5 7 10 12 13 16 17 23 28 
0 2 4 5 6 9 10 11 15 18 20 23 24 25 27 28 
0 1 3 4 5 6 8 11 13 14 15 18 19 21 22 27 
1 2 4 10 12 16 19 20 25 
0 1 3 5 6 8 11 12 15 17 20 27 
4 5 6 10 15 17 21 25 26 27 
1 4 5 7 8 9 10 11 12 15 16 20 22 27 29 
2 5 8 13 14 15 16 17 19 21 24 25 26 27 29 
1 2 3 4 5 8 10 11 12 13 15 17 18 19 22 25 26 29 
1 4 6 7 8 10 11 22 23 26 
0 1 5 13 14 17 23 27 28 29 
0 1 2 3 6 8 9 11 13 14 16 18 19 20 21 22 23 24 29 
1 4 8 9 12 15 16 18 21 22 23 24 
0 1 3 4 8 12 13 15 16 17 20 21 22 23 24 25 
1 2 3 4 5 6 8 9 12 13 14 15 17 19 22 26 
37
3 4 5 6 7 8 9 12 14 16 18 22 24 29 30 34 36 
0 2 3 8 9 10 16 17 18 24 29 30 31 32 33 
0 1 3 4 5 6 9 10 11 12 13 14 15 16 17 19 20 21 22 23 24 25 26 27 28 30 31 32 33 36 
0 8 9 10 11 13 14 15 16 18 20 25 27 28 29 33 36 
5 6 7 8 9 13 16 17 18 19 21 22 25 26 30 32 33 34 35 36 
0 9 11 12 13 14 15 16 17 18 20 22 23 24 27 29 32 33 
0 9 11 12 15 24 26 27 29 30 32 35 
0 1 2 3 8 9 10 11 14 16 17 20 22 25 26 27 28 30 31 33 
4 5 6 9 15 16 17 18 19 20 21 23 24 27 28 29 33 34 35 36 
0 1 2 3 5 6 7 8 11 12 13 14 15 18 19 21 23 24 25 26 31 33 34 35 36 
0 1 3 4 5 8 9 11 12 13 17 19 20 21 22 24 25 28 29 32 35 36 
0 1 4 8 9 13 14 17 18 19 20 21 22 23 25 26 27 28 30 34 35 36 
0 3 5 8 13 14 15 16 17 18 19 21 22 23 24 25 26 31 32 33 34 35 36 
5 6 8 10 12 21 23 24 29 30 31 33 34 35 
3 5 6 7 8 12 13 16 17 19 20 21 25 27 28 30 32 34 
1 2 3 4 7 9 12 17 18 19 20 23 24 25 27 28 29 30 31 34 36 
0 2 4 6 8 9 10 11 13 14 15 19 21 22 23 25 27 28 29 30 31 32 33 34 35 
3 4 5 7 8 9 11 12 13 15 16 18 19 20 22 24 25 26 31 32 33 34 35 36 
0 1 5 10 12 14 15 21 22 23 25 29 30 31 36 
0 2 3 5 7 8 10 11 13 15 20 21 22 23 26 28 29 30 32 33 34 35 36 
2 3 5 6 7 10 11 13 16 17 19 21 22 23 25 27 28 30 33 34 35 
3 6 7 10 11 12 13 14 16 18 19 20 25 26 27 30 31 32 33 34 35 
3 4 5 7 10 11 13 14 15 16 20 21 24 25 26 27 28 29 35 
0 1 3 4 5 6 10 11 14 15 16 18 20 21 22 24 25 31 32 33 34 
0 2 3 5 6 7 8 9 11 12 13 15 16 17 18 19 21 23 27 30 31 33 
1 2 3 5 8 9 10 11 13 14 15 16 17 18 19 21 23 26 27 30 33 34 
0 1 3 8 9 10 13 14 16 17 21 22 23 25 27 30 32 33 34 35 36 
5 6 7 9 13 14 15 16 17 18 21 22 23 26 29 31 33 34 36 
0 1 2 3 6 7 11 13 14 15 17 19 20 21 22 23 24 25 26 27 31 32 33 35 36 
0 2 3 4 5 6 9 11 12 13 14 16 17 19 21 22 23 24 25 27 28 31 34 35 36 
1 2 3 4 7 8 9 11 13 16 18 19 20 22 24 25 28 32 34 35 
2 3 4 5 9 10 11 12 14 15 19 21 23 30 32 34 35 
0 1 2 3 4 5 6 7 10 12 13 15 19 21 22 23 25 26 28 30 31 33 36 
0 1 4 5 6 7 8 9 10 11 12 15 16 18 19 23 27 28 29 31 32 36 
0 1 2 4 6 7 9 10 11 12 14 15 18 19 21 22 23 24 25 28 29 30 32 36 
0 1 3 5 6 9 10 13 14 16 17 18 19 21 22 27 29 30 33 34 36 
0 1 2 3 4 6 7 8 9 10 11 12 15 16 17 19 22 23 25 27 28 29 31 32 35 
38
2 3 4 5 8 10 14 15 16 17 19 20 23 25 26 27 29 30 32 33 34 36 
0 2 3 5 6 7 8 11 12 13 14 16 17 18 19 21 22 23 24 25 26 28 30 31 32 34 35 37 
0 1 3 4 6 7 9 11 12 13 18 19 21 22 23 24 25 27 28 31 33 34 35 36 37 
0 1 5 6 7 8 9 10 11 14 15 16 17 18 19 20 21 24 25 26 28 31 34 35 36 
0 5 7 8 9 10 11 12 13 15 16 17 18 21 22 25 28 29 31 32 33 34 35 36 
1 4 8 10 13 14 16 18 21 24 25 26 27 28 31 32 33 34 35 37 
0 2 4 7 8 10 11 12 13 14 15 16 17 18 19 20 22 25 26 30 35 37 
2 4 5 6 9 10 12 14 15 16 18 20 21 22 23 24 26 28 29 30 32 34 35 36 37 
0 2 3 4 5 6 7 9 10 12 14 15 16 17 18 20 21 22 24 27 28 30 32 35 36 37 
1 2 4 5 7 8 10 11 12 13 14 15 16 17 19 20 22 23 24 26 28 30 32 33 35 36 37 
0 3 5 7 8 9 11 13 14 15 16 17 19 20 21 22 23 25 26 27 28 33 34 36 37 
0 1 2 3 4 5 6 7 8 9 14 16 18 19 20 21 23 24 25 26 27 28 29 31 32 33 35 36 37 
1 4 6 9 10 11 13 16 17 19 21 22 23 24 25 26 27 28 29 30 31 32 34 36 
0 3 6 7 8 9 10 11 15 16 17 18 21 23 24 25 26 27 28 30 31 34 35 36 37 
0 2 4 5 6 7 9 10 11 12 16 17 20 23 24 26 28 29 30 31 32 33 34 35 36 37 
0 1 2 3 5 6 7 9 10 11 13 17 18 19 21 22 24 25 26 27 29 31 32 33 34 36 
3 4 5 8 9 12 13 14 17 18 20 21 22 24 25 31 32 36 
0 1 2 3 4 5 6 7 8 9 10 11 13 14 15 16 21 22 23 24 25 26 27 28 29 31 35 36 37 
0 1 2 5 6 10 11 12 13 15 16 19 20 21 23 24 27 28 29 33 36 37 
0 1 2 3 4 8 9 11 13 14 15 17 18 20 27 28 30 31 32 33 34 35 36 37 
2 4 5 9 11 14 15 17 19 23 25 26 28 29 30 31 32 34 35 36 
2 3 4 7 9 10 12 13 16 17 18 19 20 23 25 28 29 30 31 34 35 36 37 
0 3 5 6 7 9 10 12 14 15 16 17 18 20 23 24 25 26 27 28 30 31 33 34 37 
0 9 11 13 14 15 16 17 18 19 21 22 24 25 26 27 28 30 32 33 35 37 
2 3 4 5 6 7 9 15 18 19 22 23 25 26 27 29 30 31 32 35 36 37 
1 3 5 6 8 9 10 11 12 15 16 18 26 27 28 30 31 32 35 36 37 
2 3 4 5 6 8 9 11 12 13 14 17 18 19 20 21 22 24 25 27 28 29 30 31 32 33 34 36 37 
0 1 2 3 5 6 7 9 11 13 14 15 16 20 21 22 23 24 25 26 28 29 30 31 32 35 36 
2 4 6 7 8 9 10 12 13 14 15 16 19 22 24 25 26 29 30 31 32 34 36 37 
2 3 4 6 7 8 9 10 11 12 13 14 15 16 18 19 20 22 23 24 26 28 30 32 33 34 35 36 37 
0 1 4 5 6 8 11 13 17 19 20 21 22 24 25 27 28 32 33 34 35 
0 3 4 6 7 9 10 11 15 16 17 20 21 22 24 26 27 28 29 34 35 37 
0 1 2 3 4 5 6 7 8 9 11 14 15 16 17 19 22 23 26 27 28 29 30 31 33 34 35 37 
1 4 6 8 10 11 13 14 15 16 17 18 19 21 23 25 28 29 35 
0 1 2 6 7 8 9 11 12 13 14 18 19 20 21 22 25 26 27 30 31 32 33 35 
1 2 3 4 6 7 9 12 13 14 16 18 19 21 22 23 24 25 26 27 28 32 33 34 37 
0 1 2 5 6 7 8 9 10 11 13 14 17 19 20 21 22 25 27 28 31 32 35 
0 1 2 4 5 6 7 9 13 16 17 20 21 22 24 26 28 30 31 33 34 35 
36
1 2 3 4 6 7 9 11 12 13 14 15 17 19 20 21 22 23 25 26 27 28 29 31 32 33 34 35 
0 2 3 4 5 6 7 10 11 12 13 15 16 17 19 22 23 26 27 29 30 31 32 33 34 35 
0 1 3 5 6 7 9 10 11 12 13 14 15 16 17 18 20 21 24 25 27 28 30 31 32 33 34 35 
0 1 2 4 5 7 8 9 11 12 13 15 16 17 18 20 21 23 24 25 27 28 29 30 31 32 33 34 35 
0 1 2 5 6 8 10 11 12 13 14 15 16 17 19 20 21 22 25 26 28 29 30 32 33 34 35 
0 1 2 3 4 6 7 8 10 11 12 13 14 16 17 18 19 20 22 23 24 25 26 27 28 29 31 32 34 35 
0 1 2 4 5 7 8 9 10 11 12 13 14 16 17 18 19 20 21 23 24 25 27 28 29 30 31 32 33 35 
0 1 3 4 5 8 9 10 11 12 13 14 15 16 17 18 21 22 25 26 27 30 31 32 33 34 
0 4 5 9 13 14 15 16 17 18 20 22 24 25 26 27 28 29 31 33 34 35 
0 1 2 3 4 5 7 10 11 12 13 14 16 17 18 19 20 21 22 24 27 28 29 31 32 34 35 
0 2 4 5 6 7 9 11 13 14 15 17 18 19 20 22 23 25 26 27 28 29 30 31 32 33 34 
0 1 2 3 4 5 6 7 8 9 10 13 14 15 16 18 19 20 21 22 23 24 25 26 27 28 29 30 31 34 35 
1 2 3 4 7 8 9 10 11 13 14 15 16 17 19 20 22 23 25 26 28 30 31 32 33 34 
0 1 2 3 5 7 8 9 10 11 14 18 20 21 23 24 25 26 27 28 32 33 
0 1 2 3 4 5 6 8 11 12 13 15 16 17 18 19 20 21 25 26 28 29 30 33 35 
0 1 2 3 4 6 9 10 12 14 16 17 18 19 20 22 23 24 25 27 28 29 30 31 32 33 34 
0 2 5 6 8 10 11 14 15 17 18 19 21 22 23 24 25 26 27 28 29 30 31 32 33 34 35 
0 1 2 4 5 8 9 10 11 12 13 14 15 16 18 19 22 23 24 26 27 30 31 33 34 35 
0 2 3 4 5 6 7 8 9 11 12 13 14 16 17 19 20 22 23 24 25 26 27 30 32 33 35 
0 1 2 3 4 6 7 8 10 11 12 13 15 16 17 18 20 21 24 25 26 27 28 29 30 31 32 33 
0 1 3 5 6 7 8 10 11 12 13 14 16 17 18 21 22 24 26 27 28 29 30 31 32 34 
1 2 3 4 5 6 7 8 9 10 12 13 14 15 16 18 19 22 24 25 26 27 29 30 31 34 35 
0 1 2 3 4 5 6 8 9 10 12 13 14 15 17 18 19 20 21 24 25 26 27 28 29 30 31 32 33 34 
0 2 4 7 8 9 11 13 16 17 18 19 21 22 26 27 29 30 31 32 33 34 35 
0 2 3 4 6 7 8 9 10 11 12 13 14 16 17 18 21 22 23 27 28 29 30 31 32 34 
0 3 4 5 6 7 8 9 10 11 12 13 14 16 17 18 19 21 23 24 26 28 29 31 34 35 
0 1 2 3 4 5 7 8 10 11 12 14 15 16 17 18 20 21 22 23 25 27 28 29 30 31 32 33 35 
0 1 2 5 6 7 8 9 10 11 13 14 15 17 18 19 24 25 26 29 30 31 33 34 35 
0 1 2 3 5 6 7 8 9 10 11 12 13 14 18 19 20 21 22 23 25 27 29 30 31 33 34 
0 1 3 4 5 6 7 8 9 10 11 12 14 15 17 18 19 20 21 22 23 24 26 28 30 31 32 33 34 35 
0 1 2 3 4 6 7 8 10 11 13 14 15 16 18 20 21 23 24 25 26 27 29 31 32 33 34 
0 1 2 4 5 6 7 8 10 11 12 13 14 15 16 17 19 20 22 23 24 25 26 27 28 30 32 34 35 
0 2 4 5 6 7 8 10 11 12 13 14 15 16 19 20 21 22 23 26 27 28 30 33 35 
0 2 3 4 6 7 8 9 11 13 14 15 16 17 19 21 22 25 26 27 28 29 30 35 
0 1 2 4 5 6 11 13 14 15 18 19 20 21 22 23 25 26 27 28 29 32 33 
0 1 2 3 7 8 9 10 12 13 14 16 17 20 21 22 23 25 26 27 28 29 30 31 32 33 34 
34
1 4 5 6 8 9 10 11 12 13 14 15 16 18 19 21 24 26 29 30 31 32 33 
0 3 4 5 7 8 9 12 13 14 16 18 19 21 22 23 24 25 26 27 30 31 32 33 
4 5 6 8 9 11 12 13 14 15 16 17 19 20 21 24 25 26 27 28 29 30 31 32 33 
0 1 2 4 5 6 8 9 11 12 14 15 16 22 23 24 26 27 28 29 31 33 
0 1 3 5 7 8 11 12 13 14 16 17 18 20 22 23 24 25 26 27 28 29 30 31 32 33 
0 1 2 6 9 10 11 14 15 17 19 20 21 22 24 25 28 29 30 31 32 33 
1 2 3 4 5 7 8 9 10 11 12 13 15 17 18 19 20 21 23 24 25 27 29 32 
1 2 3 5 6 9 10 11 12 14 15 17 18 21 22 24 26 27 28 29 31 32 33 
0 1 2 3 4 7 9 11 13 14 15 16 17 18 19 20 22 23 24 26 27 28 29 30 
2 4 5 6 7 10 12 13 14 16 17 20 21 22 24 25 26 27 28 29 31 32 33 
0 1 2 3 4 7 8 9 11 12 15 16 17 18 19 20 21 22 23 24 25 26 27 28 29 31 32 33 
0 1 2 5 7 8 9 13 15 16 19 20 23 24 26 27 28 29 30 31 32 
0 1 2 3 5 8 10 13 14 16 17 18 20 21 22 23 24 25 26 27 28 29 30 32 33 
0 2 3 4 8 11 12 14 15 17 18 19 20 21 24 25 27 28 29 31 32 33 
0 1 2 3 4 5 6 7 9 10 11 12 13 15 16 17 19 20 21 23 25 26 27 28 29 30 31 33 
1 2 3 4 5 6 7 8 9 10 11 13 14 16 17 18 19 20 21 22 23 24 25 26 27 28 29 30 31 32 33 
1 2 3 4 5 7 8 9 10 13 14 15 17 19 20 22 23 24 25 26 28 29 30 31 
0 3 5 6 9 12 14 15 16 18 20 21 23 24 25 26 27 28 29 30 31 33 
0 3 4 5 6 7 9 10 11 12 13 14 17 19 20 21 22 23 24 25 26 27 28 29 31 32 33 
1 2 4 6 7 8 9 10 11 12 13 14 17 20 21 22 23 25 26 27 28 31 32 33 
0 1 2 5 6 7 9 10 12 14 16 18 22 23 26 28 30 32 
0 2 3 4 5 6 7 8 9 10 11 12 13 15 16 17 18 19 20 22 26 27 29 30 31 32 33 
2 3 4 5 6 10 11 12 13 15 17 20 23 28 30 31 32 33 
0 1 2 6 9 10 11 13 16 17 18 19 22 24 25 28 30 32 33 
0 2 3 4 6 9 10 11 12 14 16 17 18 20 21 27 28 30 32 33 
2 4 8 11 14 15 16 17 20 21 22 23 24 27 28 29 30 32 33 
1 2 3 4 5 6 7 10 11 13 14 15 16 19 20 21 22 24 25 28 29 30 32 33 
0 1 2 3 4 5 8 9 10 11 12 14 15 16 17 18 19 20 21 22 25 26 28 29 30 31 32 33 
0 1 2 3 6 7 9 11 12 16 18 19 20 23 26 27 29 30 31 32 33 
0 2 4 5 6 7 8 10 11 12 13 15 17 20 22 23 24 25 27 30 31 32 
0 2 3 4 5 7 8 9 11 12 13 16 20 21 23 26 27 28 29 31 32 
1 3 5 6 7 11 12 13 15 16 17 23 24 25 26 28 29 30 32 
2 3 4 6 8 9 10 11 12 13 14 16 17 18 21 22 23 24 25 26 28 30 31 33 
0 1 2 5 7 10 11 12 13 15 17 19 21 22 24 25 26 27 28 29 30 31 
33
1 2 4 6 8 11 12 13 14 16 17 18 21 22 25 28 29 31 32 
4 8 9 11 12 16 18 19 20 21 22 23 24 27 31 
1 3 4 8 10 12 13 16 17 18 19 20 26 29 30 
0 1 2 4 5 6 7 8 9 12 14 16 22 24 28 
0 2 3 5 6 7 8 10 12 13 14 15 16 17 18 19 21 22 23 28 29 30 32 
0 1 2 3 4 6 7 8 14 15 16 21 22 24 25 27 28 29 30 
0 1 2 3 4 7 8 9 11 14 15 16 18 21 22 24 25 26 27 28 29 30 31 32 
4 5 12 15 16 18 19 20 22 23 24 26 29 
2 5 6 9 10 11 13 14 16 19 20 21 22 23 24 27 28 29 32 
0 1 2 7 10 11 12 15 16 17 18 20 22 23 24 25 26 27 28 29 30 31 32 
0 2 3 6 8 9 11 13 14 15 16 17 18 20 21 22 23 24 25 26 27 28 29 30 31 32 
2 3 4 7 8 12 14 15 16 18 19 21 22 23 25 26 27 28 29 31 32 
0 1 2 3 9 11 13 14 15 16 18 21 22 23 24 25 26 27 29 30 
0 1 3 4 6 8 10 11 12 16 18 20 21 22 24 26 27 29 30 
0 3 4 6 8 12 17 23 24 25 26 27 28 30 31 32 
0 3 5 6 10 12 13 14 18 20 22 23 24 25 27 30 31 
0 1 3 4 5 7 10 11 12 13 15 18 22 24 25 
1 2 3 4 5 6 8 10 12 13 14 15 19 20 21 22 23 24 26 27 30 
0 3 4 5 9 10 12 17 19 22 23 24 26 27 30 31 32 
0 1 4 6 9 11 12 13 16 17 18 20 21 22 23 25 26 27 28 30 
0 2 5 6 7 8 10 13 14 15 16 17 19 21 23 25 27 28 29 31 32 
0 2 4 5 6 8 9 10 11 13 14 17 19 23 24 25 26 30 32 
0 2 4 6 7 10 11 12 14 16 18 20 21 24 26 27 29 30 31 32 
0 3 4 5 7 9 10 11 12 14 15 16 17 19 20 21 22 24 26 27 28 29 30 31 
0 1 2 3 4 5 6 7 9 10 11 13 14 19 21 23 25 29 30 32 
1 2 5 7 10 12 13 14 15 16 17 19 20 21 23 24 29 30 
3 8 10 11 12 14 15 16 17 18 19 22 25 27 28 30 32 
0 4 5 8 9 11 13 16 17 20 23 24 25 28 29 31 32 
0 5 6 7 9 10 11 14 16 17 20 23 25 26 27 30 32 
0 1 2 3 4 6 8 9 11 15 16 20 22 23 24 25 27 30 31 
0 1 2 4 5 6 8 9 10 11 12 13 14 15 17 18 20 21 22 24 26 27 31 32 
0 2 4 6 7 8 10 13 16 18 19 22 23 26 28 30 32 
0 1 2 5 6 8 11 13 14 15 16 18 20 23 24 25 26 27 29 31 
0
