1000
4 15
4 31
1 22
4 37
3 19
4 25
1 39
5 8
6 8
7 10
6 1
2 17
3 26
1 19
4 1
2 12
4 19
5 33
7 12
4 6
2 18
4 31
1 33
1 16
5 24
2 30
5 37
3 1
5 40
6 8
3 20
3 15
5 8
7 14
2 6
5 15
6 26
1 39
6 35
1 29
6 34
2 9
2 9
3 4
4 18
1 12
4 18
2 5
1 31
5 1
6 18
5 14
4 18
5 4
6 1
3 24
5 13
2 28
7 16
5 19
3 39
7 5
7 27
2 34
1 36
4 19
7 23
4 31
3 35
4 20
6 31
7 32
1 19
2 28
3 26
3 10
1 10
7 20
5 32
5 25
3 7
7 29
5 34
1 25
3 28
6 6
5 19
4 36
2 21
5 17
5 1
6 27
4 20
4 24
6 26
5 36
6 22
4 32
5 36
6 2
1 19
7 25
1 9
3 10
7 31
4 35
4 36
7 5
4 30
3 21
3 1
4 31
4 23
5 17
1 2
5 17
1 23
1 16
1 28
4 40
6 31
1 22
6 30
5 14
7 16
6 28
4 37
7 4
2 25
6 35
4 39
1 7
7 35
3 35
5 8
2 31
2 7
1 4
5 32
4 16
4 9
3 31
7 5
6 30
2 21
1 15
5 21
3 37
2 3
2 11
2 27
4 21
2 33
6 17
6 14
3 21
2 28
3 13
7 37
2 11
2 6
7 1
7 22
2 23
3 19
3 5
1 37
6 23
7 31
4 28
4 3
6 5
6 8
3 5
7 4
6 7
1 13
4 28
3 16
4 11
5 6
6 10
7 5
4 16
1 6
5 38
6 3
7 36
5 32
2 17
3 35
5 37
2 1
3 13
2 21
7 5
1 7
3 9
7 40
1 9
4 40
4 16
6 2
1 26
4 14
3 19
4 40
6 16
4 36
4 7
4 21
6 21
7 9
6 37
6 4
3 22
3 39
1 8
6 15
7 9
3 26
5 24
2 24
2 21
1 26
4 25
2 39
6 40
4 9
1 24
3 32
2 22
5 35
1 39
1 32
6 22
1 14
4 18
2 8
5 16
7 12
6 4
5 31
5 17
5 40
6 25
2 16
6 35
1 17
1 27
5 36
1 40
4 8
4 14
6 30
7 37
5 29
6 34
1 34
2 34
7 38
2 24
6 17
6 20
5 4
1 28
5 35
2 5
6 10
6 10
3 2
4 21
3 38
3 36
4 22
4 13
6 15
3 13
2 11
6 11
5 28
3 32
4 12
5 29
2 9
7 30
6 31
1 15
3 31
2 27
2 11
7 10
1 30
6 40
3 14
1 40
1 6
4 3
3 37
1 16
6 6
2 4
4 20
5 38
6 26
5 40
5 6
7 25
5 12
2 2
1 19
7 40
3 9
2 9
7 18
2 15
5 6
6 14
2 2
1 22
2 32
2 7
3 11
5 19
7 10
2 27
5 10
5 14
4 20
4 29
2 3
2 9
1 36
3 23
2 35
6 40
7 20
1 29
1 12
2 19
1 25
4 6
4 9
4 18
6 26
7 7
2 36
4 13
2 10
6 19
7 37
2 12
5 24
7 1
1 1
6 14
7 1
2 21
5 30
4 40
4 25
4 3
2 1
3 23
5 20
7 18
7 29
4 6
1 39
2 13
7 2
5 29
6 8
3 34
4 16
1 23
5 33
5 19
6 4
2 13
4 3
7 29
4 28
1 35
5 25
7 27
1 14
3 28
1 4
2 8
7 32
6 15
3 15
1 1
2 5
4 18
1 30
7 19
2 38
2 9
3 8
3 5
6 40
5 6
5 31
3 10
5 18
3 24
5 13
1 36
6 20
5 16
3 33
2 17
6 30
5 10
5 1
6 12
2 37
5 1
2 23
4 11
6 39
4 25
3 16
3 20
2 13
4 14
6 3
7 17
1 16
3 24
6 9
1 33
2 23
5 11
3 16
1 13
6 19
7 14
2 35
1 37
1 34
1 28
3 13
6 11
7 14
1 24
4 34
7 2
5 8
7 30
1 34
6 20
4 34
3 14
2 23
1 9
4 40
7 10
4 38
1 26
1 22
5 9
7 27
1 36
3 16
1 21
2 19
1 31
6 13
4 25
6 5
7 6
3 3
2 2
2 35
5 25
2 12
6 38
2 26
6 35
2 35
5 22
3 7
6 15
7 4
2 13
1 36
7 5
2 31
4 34
6 26
2 28
6 20
5 22
7 15
6 16
7 25
3 18
3 21
5 16
7 39
2 15
6 8
2 27
4 11
2 30
6 3
4 20
1 15
2 2
3 23
7 19
4 34
2 20
3 33
2 6
6 39
3 36
2 36
4 13
6 30
7 19
1 26
6 13
6 36
1 8
2 1
3 11
6 3
3 5
1 34
6 21
2 33
6 35
7 34
2 7
3 20
4 27
2 16
5 20
6 21
3 26
7 17
6 35
2 21
7 23
7 25
6 16
3 9
5 37
2 9
7 18
7 26
3 1
4 10
5 38
1 16
2 27
3 16
4 33
5 23
7 34
3 15
7 34
5 16
5 4
2 24
6 30
5 9
7 22
6 7
2 40
6 13
5 10
3 16
6 8
2 40
7 28
3 3
3 26
6 19
1 24
5 1
7 15
6 5
4 12
2 18
5 18
4 12
4 35
3 24
5 17
6 6
3 20
4 5
3 1
4 36
5 32
4 14
7 39
7 36
5 21
5 35
7 26
4 18
7 38
1 6
3 24
4 16
1 28
2 36
7 28
2 23
3 21
3 22
4 29
6 40
6 29
6 17
3 11
6 24
3 24
2 34
4 25
1 32
6 4
2 38
7 15
6 9
3 12
6 31
6 28
2 26
1 12
7 18
5 5
5 37
3 32
1 12
1 28
4 34
5 40
1 22
5 38
1 28
6 32
7 12
6 36
5 35
7 18
2 10
3 20
6 26
5 35
7 12
3 5
1 32
2 16
2 12
3 5
6 28
5 3
1 3
5 11
6 37
2 27
1 11
2 28
5 6
1 38
2 13
3 39
3 33
3 6
7 39
5 24
7 31
1 39
1 3
5 30
3 40
6 9
7 35
6 16
4 39
4 33
7 17
3 8
6 20
4 4
2 3
7 18
2 25
1 2
3 38
4 5
5 5
3 10
5 27
7 5
3 21
2 37
3 39
6 33
3 6
2 27
5 18
4 11
6 19
4 39
3 34
1 25
1 37
7 1
5 11
7 8
6 9
2 26
5 24
1 31
7 32
1 39
6 36
3 34
1 34
2 6
5 2
3 40
2 8
7 27
2 37
1 10
5 35
6 34
1 39
6 6
2 20
7 16
1 2
6 34
1 27
6 13
5 10
1 6
4 18
6 39
3 40
2 11
5 29
6 7
5 21
5 6
4 1
6 13
7 32
4 4
6 17
6 26
2 11
1 12
3 2
1 2
4 10
4 24
1 36
6 36
3 21
2 30
7 6
3 17
5 26
7 25
6 23
7 29
3 2
2 38
1 24
4 20
7 26
3 21
7 8
2 21
2 32
4 2
1 30
1 38
6 36
2 12
2 37
4 15
1 20
2 27
2 20
6 23
4 18
7 11
5 38
4 30
3 29
5 27
2 23
6 15
7 14
2 38
4 32
3 3
2 36
4 20
4 30
4 39
2 22
2 14
5 27
4 13
7 38
2 1
1 10
3 39
7 13
4 1
7 10
2 11
6 3
5 36
1 22
1 22
4 38
5 16
3 18
4 35
4 5
1 18
1 23
2 38
2 36
4 32
7 34
3 21
3 6
1 13
2 8
2 38
1 9
2 18
7 29
6 26
6 40
6 36
7 18
2 36
1 9
5 39
3 3
3 3
1 18
2 18
1 5
1 12
6 19
3 19
4 3
5 12
3 1
2 26
1 38
3 24
4 10
6 39
1 39
3 32
4 10
2 4
3 13
3 4
6 34
1 38
5 5
6 8
3 12
6 33
5 13
7 6
3 12
5 33
4 29
1 12
5 29
4 26
1 17
4 16
5 13
4 7
7 30
6 28
6 35
2 17
5 33
2 26
3 9
4 18
1 15
2 24
7 6
5 15
4 27
3 14
5 33
5 13
5 39
6 26
5 13
5 17
1 19
3 37
7 14
3 30
3 32
5 40
7 8
5 5
3 32
6 20
4 9
4 20
4 10
4 31
4 39
3 28
4 36
1 37
4 24
6 19
4 16
2 30
2 8
2 9
4 12
5 36
4 36
2 38
4 27
4 5
1 6
4 33
5 36
5 27
3 27
1 6
1 28
2 28
5 11
3 11
3 13
2 32
2 26
2 19
5 18
5 30
2 40
3 37
2 37
1 1
7 25
3 32
1 18
3 23
2 24
5 17
5 20
5 19
6 9
2 27
3 36
2 24
7 12
2 34
6 29
7 15
4 16
5 3
3 18
2 23
1 32
5 21
7 29
2 22
3 23
3 13
4 29
2 4
6 5
4 22
5 32
3 1
5 4
7 28
4 34
7 5
