80 94 65
1 2 33
63 80 17
1 6 19
1 32 22
2 3 3
2 5 15
80 49 41
5 24 88
23 5 6
24 39 48
80 8 41
39 38 13
38 63 39
15 80 26
22 23 42
60 80 8
22 72 38
18 80 3
73 72 11
67 73 19
36 80 59
26 3 2
3 28 42
6 30 27
32 11 30
32 12 51
32 14 41
55 80 21
13 14 49
15 14 5
16 12 22
41 16 23
41 70 16
70 40 38
70 42 35
70 69 18
70 74 38
69 71 38
71 65 22
21 71 45
62 71 48
61 62 13
31 30 29
7 31 32
8 7 38
75 7 21
75 34 19
34 54 33
34 43 12
52 80 27
54 55 31
54 51 20
54 57 41
56 54 18
26 25 43
80 68 8
25 37 22
37 68 26
80 64 5
28 29 23
29 27 12
27 36 33
80 66 13
27 35 38
33 35 27
4 33 10
76 4 20
77 4 30
77 66 42
21 80 64
76 64 45
61 78 28
61 20 16
78 58 18
78 59 24
59 60 40
58 52 23
20 19 12
19 17 33
80 53 34
19 18 38
51 53 25
9 80 31
43 44 21
44 45 25
43 46 27
46 79 19
46 47 29
79 50 28
79 48 50
50 49 21
11 10 32
10 9 46
67 80 3
