85 1972
79 80 92 20 34 77 28 56 48 63 37 52 96 92 64 72 15 61 2 25 14 81 16 41 13 11 100 22 52 84 62 30 64 53 50 98 30 78 53 77 41 90 29 36 81 92 7 95 53 9 20 67 90 35 7 3 46 7 24 98 91 86 27 54 38 77 52 67 54 4 44 94 94 73 29 74 64 36 69 17 45 89 83 34 23
90 1752
69 96 59 66 86 44 93 40 82 69 92 49 22 96 93 15 89 65 44 62 29 79 31 45 23 19 28 56 42 17 91 11 13 50 77 99 94 69 39 75 37 30 24 59 25 16 74 13 80 17 75 8 96 6 53 18 25 80 74 66 97 64 76 10 14 53 8 7 21 47 82 58 76 6 16 100 21 89 13 100 6 88 8 1 93 60 19 17 40 92
82 1796
56 58 46 69 10 54 76 31 100 58 88 75 63 4 75 84 93 88 84 98 75 91 99 67 50 17 84 89 8 65 25 63 23 71 32 33 24 8 64 23 66 52 98 29 55 72 12 48 60 95 46 34 85 44 1 35 60 84 24 68 49 49 31 72 19 63 5 42 70 68 64 35 19 61 63 74 33 75 21 93 69 66
26 2663
9 27 88 69 10 12 37 58 60 67 29 78 29 33 19 99 1 83 34 19 44 96 92 77 70 13
69 1920
78 95 92 87 21 80 55 30 91 91 88 50 58 17 28 87 50 47 85 50 30 19 69 73 14 61 50 84 73 18 23 50 13 14 37 33 94 91 63 84 82 50 34 40 66 61 26 16 8 11 65 37 29 34 10 43 94 59 27 66 77 49 16 89 63 52 21 56 43
83 1972
25 33 73 64 99 34 90 14 42 1 79 78 30 12 87 73 5 45 99 71 22 48 87 10 10 39 31 66 81 14 6 6 46 79 70 45 12 59 58 53 60 37 31 89 48 17 61 53 62 60 24 83 8 10 93 17 49 23 83 30 36 88 35 82 66 4 26 78 63 84 31 23 20 62 11 68 79 72 21 41 32 44 24
39 2665
16 56 2 39 39 31 74 27 65 56 92 69 81 70 32 65 1 54 85 62 65 52 41 37 72 81 68 16 4 7 69 19 62 71 57 1 1 31 27
66 4288
19 35 67 88 66 32 89 19 16 51 83 68 91 20 40 71 87 55 74 94 24 93 56 94 50 56 94 80 82 60 66 100 94 33 88 59 64 76 78 80 27 61 48 17 80 87 88 67 42 62 60 65 54 15 58 4 71 52 84 52 12 49 52 5 82 39
64 2261
15 42 25 41 2 72 58 82 59 45 48 100 6 8 65 60 23 22 64 93 74 47 44 86 96 95 90 77 34 54 22 48 95 47 89 97 19 46 79 77 91 26 77 97 34 41 57 56 63 20 48 37 66 92 22 61 87 11 38 20 65 60 68 60
6 2805
57 25 2 35 1 93
61 3854
89 94 18 45 49 80 64 97 16 30 89 37 90 75 48 28 95 13 87 63 72 93 19 29 17 21 63 18 13 23 95 2 17 12 47 65 92 11 62 8 40 50 44 30 25 92 57 20 4 44 82 76 36 100 4 53 21 67 70 33 89
65 1708
6 77 81 70 69 91 32 76 30 81 19 60 6 11 16 25 14 59 6 89 95 6 93 47 26 59 17 59 48 82 93 53 59 73 23 27 64 54 2 94 35 21 53 41 31 68 65 45 27 71 34 22 76 26 69 2 85 86 61 33 67 53 85 26 26
8 2572
89 62 54 83 96 74 35 36
5 120
1 49 30 71 83
51 2338
8 20 49 93 5 9 25 72 62 10 97 87 17 48 76 78 1 58 74 75 93 10 79 95 11 28 24 81 10 75 28 18 94 77 10 99 85 35 70 46 44 66 33 61 13 9 38 14 66 12 89
59 1055
67 53 32 95 77 13 4 52 40 22 46 17 31 44 1 65 13 47 9 79 79 69 92 87 7 5 53 18 93 11 39 60 64 71 54 41 83 58 93 23 79 38 39 10 81 39 75 94 85 84 72 64 52 63 51 58 68 3 76
60 696
15 20 78 85 74 19 67 32 11 89 11 48 28 20 29 66 95 23 51 78 94 15 30 57 65 88 24 68 63 84 82 78 3 60 62 77 78 29 8 89 18 18 36 45 38 65 11 33 87 61 11 81 75 40 37 40 28 60 7 91
44 4407
68 47 48 30 23 25 58 31 13 75 49 49 20 86 14 30 19 1 91 29 81 66 69 18 5 96 78 12 87 21 100 54 67 47 83 90 72 41 20 84 16 68 33 35
54 2287
65 72 47 55 1 27 20 70 45 24 66 22 35 52 43 35 6 10 81 88 99 53 29 19 36 44 86 69 79 39 15 43 11 61 97 11 87 16 81 32 40 46 54 75 98 96 9 3 6 90 90 4 42 19
22 3892
63 8 47 41 46 61 84 57 21 81 68 8 97 48 39 36 94 92 11 91 88 20
93 4644
9 83 97 51 1 19 29 63 27 75 4 73 36 88 29 56 68 96 63 64 44 1 100 37 93 10 27 81 30 19 73 39 1 70 89 2 89 18 64 15 93 68 88 28 55 16 83 23 12 46 87 55 47 86 91 39 96 18 19 25 37 92 63 37 62 52 38 51 70 2 66 62 70 53 90 25 68 73 47 79 18 33 34 64 19 25 3 14 42 22 39 78 13
2 725
75 54
53 1235
23 55 90 85 24 42 74 48 10 47 95 89 65 27 22 28 45 46 31 59 88 52 98 66 65 99 80 39 52 33 64 75 87 54 59 10 96 33 58 5 79 52 93 43 79 14 71 24 60 1 82 48 53
80 635
17 78 93 56 30 25 20 4 12 73 62 22 68 94 79 73 73 31 65 16 10 79 86 33 39 87 15 86 40 94 99 56 71 91 12 1 16 31 4 27 4 65 48 72 59 27 44 32 58 9 47 67 87 33 99 25 20 13 11 59 7 9 15 77 99 26 77 15 57 81 42 60 45 90 32 4 16 75 35 74
83 4089
40 70 15 38 94 35 51 5 93 57 13 7 34 12 33 11 26 89 91 67 49 36 56 81 40 72 55 75 45 38 56 85 7 71 23 1 5 73 5 97 30 17 4 64 29 37 74 54 25 65 21 74 1 77 54 40 49 9 14 93 46 70 77 53 40 99 54 44 72 58 41 2 75 45 65 4 81 39 57 6 4 78 80
4 2698
33 43 3 42
57 4744
88 26 72 40 66 71 94 9 43 52 50 44 27 95 9 30 75 48 87 81 51 64 60 55 18 93 98 20 35 54 15 22 80 87 62 45 57 55 54 100 6 4 44 33 98 52 62 73 100 48 53 51 11 13 5 29 6
3 2398
40 56 63
61 1756
49 22 80 6 77 33 5 83 36 49 15 33 100 76 6 100 23 58 50 34 71 55 63 76 57 11 15 12 73 75 48 22 97 27 27 73 60 32 55 95 80 70 28 80 45 33 79 68 91 28 2 61 82 64 37 39 75 51 51 47 26
98 3395
22 24 95 95 83 26 49 78 6 18 5 85 63 38 64 31 29 91 32 90 73 96 26 11 70 76 61 17 2 59 85 23 82 79 17 65 5 66 42 10 84 47 95 47 84 58 77 13 49 9 2 22 4 27 33 74 3 94 91 5 52 75 27 33 54 44 97 58 10 39 68 93 85 63 39 69 20 15 81 69 24 83 90 27 10 22 1 12 15 91 17 66 65 43 99 19 87 96
76 4772
34 44 89 18 7 27 87 26 42 67 94 65 49 83 92 58 5 92 70 20 83 86 85 48 29 84 66 16 79 42 11 12 85 99 30 91 26 16 17 68 83 11 32 32 94 24 90 98 16 60 17 98 46 2 45 75 85 10 90 64 51 100 75 36 99 5 27 24 21 43 91 4 53 23 35 47
46 1220
44 62 84 61 59 30 62 4 4 47 14 94 10 65 93 85 100 91 89 26 15 9 69 5 13 22 28 47 68 73 72 12 34 56 72 93 85 34 97 89 80 10 82 89 74 75
73 3655
66 62 100 80 71 68 85 83 90 12 30 58 85 1 69 19 56 41 12 41 74 8 29 53 18 11 42 91 85 15 64 50 76 63 30 47 31 14 29 20 26 58 78 11 58 47 29 14 87 40 54 60 48 82 13 65 92 55 56 77 70 19 26 45 82 56 92 13 69 20 33 95 78
10 222
36 56 34 49 42 73 2 2 21 84
15 4249
76 70 41 52 39 60 78 84 41 33 75 53 2 94 85
96 3563
95 1 7 50 34 55 92 7 57 94 27 41 8 12 17 78 52 68 16 11 46 99 52 79 74 5 80 68 89 76 39 84 77 45 33 10 100 24 16 57 17 43 98 25 55 14 2 7 82 18 18 27 17 69 6 90 73 85 57 62 61 96 45 37 41 78 47 40 1 63 97 18 5 94 43 60 7 45 66 88 63 83 15 79 51 20 68 24 5 25 85 66 20 30 3 60
7 2444
100 8 12 96 26 16 90
69 3744
97 13 41 85 75 23 99 53 74 19 21 97 24 46 82 90 65 11 93 25 18 41 24 25 52 20 51 68 9 19 43 5 31 83 89 6 6 88 59 79 7 79 75 31 24 57 20 89 68 12 13 85 53 36 10 5 56 60 73 64 78 16 69 9 99 58 14 4 45
72 4080
52 51 57 82 75 14 2 63 81 14 76 66 67 11 75 72 67 34 45 30 12 60 99 20 58 56 34 61 1 5 43 53 56 99 35 30 12 37 93 93 50 68 58 17 79 32 89 45 66 33 75 78 93 73 97 50 29 31 11 29 36 53 82 91 52 16 21 64 52 13 56 2
81 649
18 59 45 7 3 11 39 78 88 31 50 85 81 79 15 91 7 50 44 89 40 95 4 60 59 55 73 14 56 53 27 74 12 72 80 14 82 19 92 69 50 41 53 30 19 68 21 26 17 64 15 56 59 18 16 17 72 89 30 28 41 57 2 52 29 82 66 10 1 57 79 50 98 32 80 17 99 100 43 15 63
57 3533
21 74 87 38 46 75 67 74 16 24 76 67 52 57 33 62 57 90 41 7 87 72 86 4 71 86 46 86 49 3 57 70 76 43 7 22 17 74 95 33 97 70 100 49 27 32 11 84 22 51 90 8 23 76 12 93 61
57 3921
9 60 35 79 35 78 85 57 94 58 52 27 55 22 26 4 48 57 14 31 79 64 21 86 86 96 98 79 57 55 58 66 14 92 44 49 69 28 5 63 86 56 89 40 78 15 43 25 72 57 56 50 21 77 36 6 73
33 4236
29 87 42 95 100 34 38 48 3 66 53 66 51 9 55 91 86 69 34 11 40 90 67 89 10 43 24 16 15 56 1 44 43
42 1895
43 76 76 90 79 41 42 44 91 51 98 81 36 66 14 46 6 4 12 94 13 54 18 29 69 74 29 13 16 70 51 58 46 26 48 24 67 90 67 57 40 65
38 3740
31 52 21 36 55 32 30 68 86 48 96 55 21 24 67 37 94 18 95 40 43 43 63 9 32 30 66 72 95 4 47 25 56 67 61 11 98 91
78 4148
38 74 37 59 97 4 96 91 21 90 30 64 33 93 73 64 23 39 36 17 42 82 42 98 48 3 8 46 93 86 29 31 59 66 90 56 70 85 47 90 75 76 54 7 69 26 71 91 64 6 8 6 88 49 3 35 52 11 81 44 96 9 75 54 75 64 10 44 49 56 33 23 32 86 30 100 12 100
91 3752
6 98 81 93 47 84 28 98 94 8 42 90 17 17 43 92 81 53 35 29 8 68 51 39 54 81 39 65 80 29 40 85 27 21 78 74 4 5 72 98 13 14 87 30 30 30 21 10 82 55 38 90 22 89 29 75 69 67 40 49 96 80 34 22 100 11 95 4 15 67 1 28 80 88 57 9 17 77 19 99 31 56 89 53 45 17 28 14 83 67 62
78 2299
95 100 46 5 95 49 20 61 49 47 40 37 3 49 54 80 67 52 10 23 41 63 68 57 90 81 40 57 43 18 3 37 18 48 42 12 97 62 72 46 8 12 82 11 60 35 90 27 87 100 49 27 63 16 84 53 97 24 9 39 41 12 75 58 60 17 70 56 78 41 1 86 53 83 97 12 17 86
39 150
86 87 30 48 3 14 100 99 37 9 37 77 21 12 35 80 28 4 36 6 45 37 91 97 19 87 9 36 73 47 39 59 34 68 7 36 82 7 34
18 756
71 94 36 82 29 16 10 32 51 15 76 88 6 73 6 93 82 42
66 1403
80 24 62 48 30 97 29 37 31 46 52 2 40 87 83 68 2 93 100 53 7 76 41 13 48 47 5 30 88 70 58 67 94 19 15 24 16 43 60 47 89 11 48 28 98 30 96 100 23 95 53 30 70 93 42 18 39 47 47 26 17 4 93 10 23 7
34 1878
50 93 84 38 4 31 66 1 61 61 1 84 55 53 13 25 46 54 42 84 1 89 10 17 92 3 27 14 9 61 52 59 53 36
97 2809
67 62 58 28 23 58 11 78 11 23 2 56 77 44 39 77 32 49 94 24 51 21 37 60 81 89 18 34 24 14 90 90 76 47 17 98 5 28 75 15 50 77 70 27 20 9 4 51 57 98 74 7 18 11 66 99 100 84 33 23 97 23 13 73 69 30 70 74 57 45 88 6 21 58 33 40 66 36 90 23 33 64 29 50 75 95 49 74 78 81 97 75 3 9 47 72 38
16 2251
95 60 33 1 80 91 33 20 56 68 9 78 100 73 7 50
48 39
99 21 79 79 18 53 82 26 99 54 64 15 99 58 74 32 58 54 22 90 73 78 58 82 55 57 55 62 6 2 63 4 23 41 83 40 93 65 65 92 19 29 6 18 87 79 49 45
33 3513
35 6 48 92 87 3 48 41 64 54 43 27 58 65 67 41 4 59 6 69 50 25 98 56 42 84 34 91 28 67 61 62 72
8 2671
59 11 2 99 74 56 42 100
13 269
67 54 9 26 59 78 76 84 75 31 25 59 65
15 4290
31 76 48 3 83 2 61 94 3 60 68 58 1 68 71
6 1670
25 15 59 83 92 34
66 3317
65 91 25 29 6 11 60 81 58 62 64 60 22 57 62 81 24 20 81 91 90 87 24 14 1 83 97 93 17 63 59 81 54 83 9 59 94 68 39 52 30 2 11 51 59 72 31 82 92 12 73 82 98 97 96 98 79 92 91 96 55 49 76 9 32 85
67 1233
53 6 76 82 8 86 32 66 58 63 47 50 75 20 31 72 16 26 70 94 18 60 90 73 9 65 81 41 49 47 65 2 53 41 83 60 27 14 25 85 77 72 34 51 91 64 23 6 89 93 100 7 53 90 79 61 54 59 2 3 6 66 4 58 7 86 18
33 4998
42 17 77 14 51 28 4 14 51 10 3 43 10 9 95 99 87 56 53 46 57 55 51 23 59 9 30 45 26 62 45 68 79
22 4033
29 49 85 43 99 95 45 42 4 54 36 3 40 92 56 86 49 10 37 72 69 45
1 655
71
62 2880
39 41 79 19 70 28 4 12 26 98 57 67 2 10 3 5 50 95 60 35 44 70 71 15 38 16 15 51 86 77 9 24 17 87 43 86 15 46 98 40 43 54 7 45 64 10 49 13 5 8 47 48 77 17 62 14 32 76 65 18 53 73
41 3436
60 84 55 74 29 53 14 72 6 21 17 69 31 65 82 35 72 28 83 49 45 44 63 77 20 27 94 72 100 35 41 59 18 96 33 47 48 47 19 54 68
35 1103
98 99 4 33 71 31 15 19 76 59 81 52 78 7 45 50 7 79 91 66 97 86 98 43 33 45 62 86 12 96 8 9 94 11 41
65 2073
56 83 17 14 63 68 92 70 13 42 76 91 32 42 88 17 39 30 49 84 91 34 95 87 42 4 80 53 45 45 94 100 27 10 14 90 78 5 59 90 46 35 81 77 76 68 94 15 98 42 99 89 76 93 75 17 97 55 69 41 99 63 41 26 73
54 726
50 59 74 40 5 9 21 82 85 88 75 99 86 17 98 75 92 90 49 9 87 4 78 27 3 40 67 28 13 21 43 63 80 16 2 84 24 23 65 9 10 40 7 96 56 4 70 47 94 19 56 80 23 33
7 1241
73 74 53 86 95 96 48
74 545
50 57 35 72 22 43 82 61 50 77 16 54 47 63 48 65 19 28 87 52 35 12 25 8 65 10 2 60 57 76 71 6 32 6 77 54 49 58 15 98 35 30 52 81 93 100 46 11 27 33 62 61 44 87 69 9 96 71 68 52 46 38 58 78 44 34 32 92 92 46 89 27 75 41
8 3375
40 53 79 67 85 41 28 29
27 4792
37 22 67 5 73 13 43 31 90 86 65 21 77 57 66 66 83 41 6 90 9 46 43 87 12 27 27
40 2765
54 35 92 75 2 97 48 14 39 78 4 24 42 24 100 98 90 66 81 31 71 70 40 17 12 26 29 39 53 68 95 6 3 87 81 4 83 28 17 21
6 995
45 47 44 44 45 34
10 1241
65 80 95 4 97 7 29 25 46 82
92 1978
88 94 26 68 98 8 95 15 29 100 35 73 47 79 17 92 12 26 17 76 6 11 80 2 18 8 26 64 90 18 3 77 12 29 44 9 36 39 24 65 39 58 37 86 36 54 77 48 79 94 23 84 5 2 86 22 10 11 85 100 29 88 76 40 16 20 49 52 59 72 16 97 30 53 83 65 6 59 12 85 52 35 68 57 37 54 78 46 64 63 46 93
50 1039
32 66 41 81 17 99 52 33 96 81 86 78 46 91 37 57 76 89 91 44 45 28 97 22 73 61 85 18 53 34 39 85 99 79 65 16 78 17 49 73 97 34 50 43 25 86 99 100 74 90
43 882
17 39 40 90 100 24 8 52 58 46 36 57 25 1 72 3 17 20 75 14 54 25 56 78 10 55 78 84 44 20 2 61 59 41 51 58 64 58 10 21 4 46 77
29 2285
49 31 63 69 6 76 22 30 31 100 40 85 77 24 29 97 25 90 56 65 40 14 29 97 23 50 1 69 27
29 693
76 60 77 44 65 52 66 95 83 65 34 68 42 57 97 39 81 86 94 46 25 7 75 22 30 24 22 98 51
51 591
26 10 88 69 75 40 35 69 22 99 2 90 41 59 86 79 40 71 73 85 96 80 59 18 10 83 40 8 33 90 20 59 100 7 27 74 47 61 42 69 60 44 58 1 2 43 80 41 14 52 26
10 1554
85 27 41 67 66 48 100 56 67 58
56 3674
85 29 20 46 71 88 6 14 45 6 15 88 85 56 1 37 81 11 68 66 37 8 32 3 56 32 59 23 90 14 96 75 43 16 20 14 3 26 27 48 31 42 36 16 98 37 53 79 47 20 44 84 28 76 87 83
7 2242
5 97 59 1 71 2 16
91 726
19 16 42 67 47 83 2 63 80 39 15 58 85 34 2 69 62 77 55 45 83 100 49 80 59 50 50 60 65 41 74 84 57 16 50 3 98 52 65 78 90 79 36 75 13 37 43 75 13 98 19 96 97 67 76 55 17 26 14 81 66 88 65 22 3 14 25 1 65 90 79 55 68 15 29 81 52 72 55 65 69 73 61 65 40 36 19 56 61 33 37
27 1037
1 48 24 15 73 25 80 62 4 34 30 18 62 10 69 33 65 34 2 38 94 66 78 29 85 34 90
18 3499
16 39 71 64 62 86 36 87 65 97 90 98 26 8 60 36 77 93
1 483
94
38 149
60 15 32 45 48 21 62 18 37 1 89 100 63 74 35 49 39 32 39 37 58 46 96 93 23 89 94 32 83 31 35 42 46 67 87 94 88 49
11 1169
49 100 23 11 74 58 59 13 89 98 49
46 2154
45 39 66 33 32 98 16 63 33 58 8 99 44 1 86 92 12 10 40 12 33 50 86 90 9 98 79 6 46 25 49 90 63 15 23 95 12 38 57 44 95 65 43 39 66 29
30 3854
38 70 89 70 19 74 60 28 71 38 34 17 62 83 6 25 97 28 20 9 66 77 53 61 41 95 99 6 23 28
83 3038
97 72 31 16 45 90 44 16 28 77 32 90 60 38 14 56 66 34 65 31 10 17 91 50 11 90 56 34 17 39 95 14 10 26 30 55 16 73 71 43 50 3 32 9 40 46 65 5 79 29 36 88 45 27 38 56 16 94 90 33 32 84 46 42 9 76 97 25 48 67 67 97 69 99 5 9 45 69 13 24 97 49 11
42 3758
49 97 91 42 87 24 74 71 70 15 80 45 11 4 92 78 70 89 47 69 93 55 13 62 68 36 59 16 47 1 91 96 98 82 37 84 6 11 54 75 25 33
19 1792
36 11 14 6 100 60 74 92 14 86 54 81 22 12 97 68 12 88 63
9 3466
100 93 75 10 46 49 35 78 68
71 662
79 84 19 78 44 92 70 58 78 24 38 99 36 35 66 47 23 29 56 92 29 49 66 39 94 15 73 72 83 44 85 62 28 4 40 71 95 9 28 72 32 66 71 67 100 37 14 23 65 70 14 94 19 80 32 12 95 4 84 77 48 69 39 75 72 78 45 67 87 72 39
19 1866
9 86 38 45 100 60 10 70 73 3 88 52 34 100 46 38 83 23 85
0 0
