10 5
1 2 3 4 5 6 7 8 9 10
3 2
3 2 1
94 18
0 1 2 3 4 5 6 7 8 9 10 11 12 13 14 15 16 17 18 19 20 21 22 23 24 25 26 27 28 29 30 31 32 33 34 35 36 37 38 39 40 41 42 43 44 45 46 47 48 49 50 51 52 53 54 55 56 57 58 59 60 61 62 63 64 65 66 67 68 69 70 71 72 73 74 75 76 77 78 79 80 81 82 83 84 85 86 87 88 89 90 91 92 93
84 10
-1458 -1303 1188 -89 7125 -606 8009 -3175 -8058 1105 -7494 -476 -5064 5524 5556 2285 -3589 3969 567 -6539 -710 -2167 86 -1040 8482 -1073 3441 -3186 9702 8857 -292 -1756 1274 -5384 -8125 -1602 4011 -6396 5223 9674 4709 -8551 -803 -6635 -9306 -1526 5650 826 -7558 -62 4287 5454 7771 -5627 -5587 9973 7021 7854 507 6722 6710 -9785 -5035 1705 -1448 561 -9898 -3717 4165 9047 -322 2594 -9505 8875 5960 -5090 1069 5330 5737 7233 -1012 23 2686 -3242
4 1
-3269 5137 8673 7238
77 13
-8827 -9456 807 3447 1106 4631 9730 -1009 7398 -593 -8415 -8387 2003 -8735 -3476 -3208 -9685 -7740 -2255 -696 6004 -5849 9783 4121 -5030 234 -743 -2637 1193 -5164 -3534 2366 -4619 -9007 -467 -9793 9345 2984 2919 6742 -3889 8225 8356 -8166 9490 -1400 -1373 -6474 860 -9908 2830 584 -5756 2612 -5296 -786 -7154 7683 6578 7760 -3761 -3236 3846 5341 1478 -6621 5548 823 6363 2188 1285 -7527 412 -360 -1971 -98 -8040
15 2
6541 6748 -22 -2875 -5288 -3690 1829 3927 2877 3232 4225 636 9472 -5291 -5518
59 12
-2139 4081 -2991 -2056 -3732 -7985 4138 6680 1655 -7834 302 3616 -7458 -2550 156 -6989 -8852 -8999 -2277 -2541 6552 -4630 -5944 -217 -6685 4693 2975 -1976 -7105 1508 -5789 4477 -4412 4941 -7580 5577 6956 -9722 5977 2332 -3834 -3721 -332 2429 7450 -6456 9161 -7681 -5454 -3116 3499 -8903 5975 7555 4601 9291 5968 -2424 1035
11 2
5246 3339 -1608 3908 9480 -6032 863 -6521 9945 -3085 -355
9 3
-4206 1115 -6152 -5045 3434 -1606 5560 653 3212
100 17
-2188 4545 -5825 9109 -4420 -3242 8192 -5454 -9903 304 8454 -6703 4272 -683 -3224 7938 9953 -9859 1602 6536 -4064 -7284 -9617 4612 9871 2498 171 523 -4291 -8296 -7549 7242 9971 347 6351 -4450 7105 8263 96 -9078 2288 -1450 -5780 280 -8413 4717 -1783 -8461 8580 -6460 -8205 -1764 -23 -4101 -7153 -152 8397 3018 -5909 -2174 8443 263 -1211 8413 -9391 -1140 -2317 -8565 843 7780 -7643 -6870 50 298 3411 1637 -4985 -4652 6897 -6406 -1112 -7587 1830 8866 -1688 8398 2434 430 1415 -9755 -8024 3578 509 765 1991 4839 9625 -6606 6274 4189
77 13
7319 4944 -1071 729 301 7665 6078 -2802 -5021 -1314 -389 -9471 1272 -8357 8927 -6295 2073 4062 -2328 7771 -2360 8181 -1465 -6649 6740 1881 -3255 3014 -3931 1640 5366 -6613 -3417 -1985 7838 6885 -4320 7636 -2197 659 42 -8866 1189 -8686 -7223 3836 -4981 8572 -2102 2691 6342 5538 4592 -1403 -7391 1332 -9523 -646 -1934 267 -5286 -6569 7376 1298 1446 5213 1903 -9154 6569 9706 5227 -3390 -9161 136 -2076 -2663 -6029
100 13
1869 3076 -7751 1127 -2332 847 3736 -7280 5045 -3189 4507 -4688 1525 7938 -7313 -3457 3104 -8380 8446 3951 8189 -8129 2898 -1481 -7290 -6967 6444 48 -2996 6829 9677 -7406 -96 -8074 3721 -8708 6494 1178 -5988 1538 -8291 8519 -9430 6955 -9824 -6743 -6502 3281 -1402 -4336 952 -3214 -2464 -6151 5306 3967 -3118 5470 -5986 7607 2298 -6309 -9800 -7799 -662 7643 -6506 -4169 2541 1227 -8911 4250 3467 -8340 1204 7364 -1362 8423 4365 7237 -5913 -4684 -2257 5344 2886 -3231 -690 -6512 -4041 7046 -5184 8257 -5543 -4984 -5821 7516 -3621 1394 -2933 8920
21 2
6890 -6472 3537 1815 -9108 -4104 237 5257 -6868 8045 -5706 4596 3388 -9100 -4914 -3581 -5611 1045 -2815 -795 -698
38 2
7202 -843 -5679 -1405 6224 -3039 8657 -1900 -2428 -7815 -8363 9387 -6923 -2467 3344 -7946 4386 1389 -3652 2702 -1503 -2751 7788 8637 5359 -1167 -4179 -1716 -8145 -8817 -3775 9057 4061 4267 1372 4005 -5051 3749
58 4
5934 -2537 5628 -7269 8717 -1029 -1493 6823 -5920 4855 -476 2578 -4176 -2688 4935 -5097 9866 -9244 3187 -8280 -4340 -6867 -5503 9722 7400 9590 3726 -3931 3338 9552 8590 2993 -2986 4217 9445 -549 -3091 -2049 -3727 989 -3473 9519 -6434 6072 551 -7778 -9025 416 -7022 7883 5857 2359 -8985 -5926 2080 -7864 -2616 -4194
19 6
-922 516 7435 6093 -1547 6880 -736 5362 -1449 5538 -3649 5078 5056 3638 1150 -673 5860 2125 9743
89 11
9320 4918 4744 -6607 718 6880 4498 -9756 -1195 8940 -677 9321 -9905 -4585 -2226 -9305 4679 -3144 -754 3937 6928 -5676 2713 566 5474 -7961 146 1319 -4498 6426 -4954 -5179 5064 9790 1935 -4219 -9611 -3568 -3974 -805 -4628 5349 2236 -4533 -5516 -6270 -3838 -7117 587 9129 6821 -2486 -6548 3254 -8200 -7354 5294 5668 7686 -5484 2093 -7268 -662 -2844 -3758 -8728 2937 353 1426 -7317 -6732 -9482 8032 5504 -4015 -7485 9235 5868 -880 3542 4996 -4060 -5224 -7831 -7086 -3423 -5185 -8072 -7756
79 3
8058 -1046 5783 -1066 8917 -9225 -8130 -731 5922 -5446 2537 6440 -3694 1762 -7576 2543 996 -7988 -8338 -5463 7009 1323 -687 9178 4237 9611 -2287 6166 -4425 3935 -7390 -2647 -3391 -7887 6287 -4474 8158 8516 -7469 -3568 4774 8971 2738 -3465 -4884 -999 -8749 -2872 663 -491 -2143 -8015 -7458 755 6223 -4126 8469 6109 1449 2403 8719 8803 9013 -5448 8810 -1741 1161 6967 495 3692 -2881 -4732 2663 -6422 5524 7779 2579 6775 -1373
82 1
6485 -1052 2547 -2761 -4830 8421 -4293 -8722 3590 -8169 -6283 6113 -5436 -1731 4923 6544 9431 5610 -2962 6843 -3550 2307 -495 28 1551 1004 -3673 2047 9632 3290 -7950 9837 -7762 8318 -2925 -2592 -9542 6504 2408 4049 -7945 9846 3882 -3381 -1885 2525 -6838 1266 -1865 200 -1892 8306 -3773 -8666 -1667 7779 6059 8381 -175 9411 1671 5596 9247 3909 3914 43 -4963 4372 -3454 -8835 2141 -1399 -8989 -256 8941 2847 -7732 -4177 -5888 4124 6023 5941
11 5
-9005 -5518 -2530 7055 -7137 -8985 6465 4534 6611 9433 -1558
53 9
7200 2338 6021 8366 -5522 -1658 9377 7943 1003 2223 -9789 6826 -9945 8056 2848 9717 485 -7461 -9288 4967 9 -8513 -8450 1024 -8328 6084 1356 -8896 -1754 -4400 579 -4554 7938 320 -2468 -3863 -7618 -3092 -5921 3385 -7149 -1989 210 -3373 -3933 -3221 64 -9728 -682 776 5239 -6952 5984
65 13
7657 6594 -852 8761 -1439 8470 3061 7728 6407 -6620 -4741 -7457 -516 2167 344 -7132 8739 8355 3079 -4635 -5579 -6422 9150 -1586 2896 -74 -2626 9665 -370 -2116 7458 -2714 -1802 326 -232 6759 -1205 -7172 4486 -1077 -71 9745 5187 9413 5632 -4470 -3998 4370 -6115 -7199 -6545 2027 -3621 -7395 -9559 -7005 6252 -2185 -7340 -398 9420 -6162 6889 -2383 4164
78 5
-3320 3205 -7418 5603 -3146 -7673 789 -12 -8321 -9960 5990 9771 -6075 -7489 -3054 9673 -1110 3272 -6166 1885 3244 5370 4545 -7154 4789 -7897 9735 -3873 6268 111 503 -3332 -2964 6806 -7730 7611 -7147 6780 -2402 -5467 6820 -2692 -5697 -5535 -181 4970 -2141 -7571 -1758 1693 4315 -8515 784 2580 -5669 -707 4684 -2214 5420 4672 7897 -357 -8661 -1347 -3551 -2670 -3736 -698 -2170 7583 7556 -5350 -1388 -4421 2836 -7849 -9451 -9306
6 1
6109 -7384 3997 -3108 5196 8329
20 8
-3886 5326 -1729 -2268 -1311 3331 6385 8859 -5619 -7352 -1839 2212 -6048 -563 -9418 2564 5017 3418 4715 5566
39 9
-1923 221 -8089 -7927 -9167 -9172 -5878 -9262 4428 237 9785 -3580 -8311 -1526 -6529 8074 1053 -2147 -5557 9214 -6215 -1605 2372 -5633 -5321 -2612 -8495 9394 -3326 5618 -7590 8472 -441 -1958 -9456 392 2591 -1612 4852
88 4
4636 7160 -5966 -3170 -9370 -7893 7884 2204 271 -9183 9710 -7614 3189 -5924 -2935 -5703 -4418 180 971 -5080 2590 -558 4480 -5648 3708 -1408 -9336 -4184 -6557 1404 -1839 -8200 -1437 2195 -1370 2914 8023 234 -1161 -1706 4773 -1452 680 -2039 6346 7746 5980 -4352 1646 671 568 -2044 -6166 -1232 2308 7542 7361 2972 -2922 -9197 -5625 5239 -7397 6659 -2567 4955 3294 -824 -4812 -7868 7470 9961 1871 1643 746 3337 -2378 6394 -5018 -7987 -3038 2938 -4153 9451 -1034 -2891 6811 -4341
96 10
34 -575 -6062 414 -9422 8893 -6293 -245 -2198 -4161 945 1483 -9761 -7185 -3154 986 9873 8189 1100 -5146 -9798 8062 -8488 -3951 -8767 479 3159 8044 6138 -2655 9379 -108 -9509 -6683 -5974 -8931 -4070 -2267 4545 7453 7293 -4510 -1064 7533 2026 5782 2239 1899 3971 -6662 -9527 4173 -4879 -4293 -9779 -3646 6186 7101 -5603 6044 -5554 -2503 -344 -5063 814 3683 -273 -9536 -8585 -2007 7918 8709 3483 -3147 9962 -771 -3645 2200 -5152 -9675 9259 -957 8219 -5621 4750 -7839 733 4656 9262 8852 699 -3652 -9646 2365 -9118 4037
2 1
5453 3806
10 4
1009 3558 7843 -9763 9914 3763 -1193 -6041 3021 7850
50 6
6320 -1940 1854 975 -2679 4426 -8327 4750 -5506 -4252 835 -903 -6494 6648 4165 -7321 453 7149 -9440 -8539 707 -7877 -4580 4341 5886 7948 8300 2627 9518 -5802 3748 5837 5979 -677 -3189 -6700 -2531 2205 -8230 1964 2605 -8940 -4821 -747 5225 -2142 -6574 6095 2139 -5112
98 6
4029 -8859 3868 1976 -6839 -3505 1493 1081 -9758 -2671 -2941 3286 7861 4080 -9245 3786 5850 2719 9180 2176 7500 -5641 -8572 6446 5938 -5146 2540 -1923 3463 -6939 -7662 -2509 -2077 9928 9467 1084 -3578 4680 -4115 385 -4271 6666 -2608 -6411 745 -1853 -8905 316 -5414 -9725 -7509 -7915 -1645 -6081 -7749 -1987 2494 4791 6090 -322 -8428 -7851 7169 -505 -7924 -9644 -5700 2219 8757 185 -3676 -5514 -3150 3716 -1925 -8684 -8138 2892 1632 169 6888 7844 5976 -1037 -4517 8227 6976 7977 6739 3066 -2346 8311 8936 -1456 -2194 -5268 2621 2106
97 15
-3989 -3005 5863 2862 -9289 -2341 7899 -3706 -5729 3251 6464 -8842 1094 2439 121 6577 4386 817 8274 1124 -2397 -4072 -565 -3462 8193 7241 1270 4534 -654 1941 -4090 5357 -7343 -4506 1939 -2911 6874 3558 3383 -8856 -3192 3567 -7698 7902 -274 6144 4478 -5888 681 2752 5236 8285 -7600 -5330 -5178 -5687 -4369 9814 8847 8698 5475 -1523 7776 -8148 3971 -286 -1059 844 -3007 -3955 5709 3801 9612 -8269 5424 3059 7875 3622 7171 -1444 94 6127 561 2494 -5482 9104 -9473 149 8917 -6906 -1153 8113 1572 -3378 9965 -737 -9944
33 6
770 8672 9537 -5429 -7997 -8732 -6285 5062 -7137 7337 5953 5140 -2569 2080 -4300 -6355 -9682 -5196 -2106 4188 -2559 988 -6966 -726 -7441 3377 -761 1823 7155 -8135 9372 1645 -5743
70 1
-3740 -6104 -6349 -8678 -3240 -9012 7275 -4380 2140 3075 1321 5785 3393 9846 -6322 -2419 -2714 8388 4336 6561 -9054 1434 -480 6490 2309 5106 5861 -6047 9363 8490 -6110 -4378 -7615 1262 665 2866 2250 1661 8487 -1890 -5265 3528 -2384 -8151 3373 5015 3151 -5621 3402 1207 -5340 4349 -7360 7901 4559 8670 3006 4141 -3656 6089 6351 3955 -4568 -7544 -4784 6097 5323 -8813 -2243 7530
5 3
1057 6913 8063 -1850 1928
59 9
-4671 -7581 -9090 -6602 -1219 8811 -8322 1171 5538 5819 7515 1626 5890 1469 -9222 8346 6686 6876 7389 -8407 -1647 4918 890 -5434 -305 -2197 -3651 -8435 -6549 7562 7816 -1220 -6298 8726 5900 6204 -8744 7578 -2626 6794 7117 -1390 2141 3006 -6201 2919 1351 -9516 3515 -1260 -4202 -4411 -2622 6689 155 7074 -1788 6505 8639
81 5
-9826 -5837 -4791 8900 -9938 -8588 -6123 -8640 2508 -9330 8477 -8883 6532 5203 -5084 3172 -3446 -878 407 9015 4920 5996 113 5329 -3849 907 -6460 -3624 3267 -5838 3441 9367 3093 6062 -6851 4505 9939 -5490 733 -5671 -7014 5571 -9139 8190 -9513 7754 -1536 3330 -1840 1199 1970 -2123 -8689 -2701 7749 5940 839 -5876 -794 -237 2007 -7354 -871 -1180 8708 2278 -6675 8646 6788 7779 -7025 -6505 3350 -2443 -4595 7558 -969 3869 887 -9089 -1212
25 1
3820 3876 -3464 -241 -1564 4381 8965 8199 109 -8389 -2673 8929 -5961 -6675 -4026 -7315 -6166 -6247 -619 -2671 -9177 -9342 2734 8381 -311
76 11
600 -7169 5844 -6891 6651 3441 3366 -3590 -8124 1468 -4626 -9926 -4703 706 1122 -2054 4746 4447 3921 -8849 -7999 -8606 532 -670 -4062 1190 -4216 -5682 -5401 9828 7306 5199 -7342 6870 -7972 9310 310 5395 -560 5907 -3138 4814 5981 2159 -4480 823 -9896 -6014 -4730 7746 -4863 992 -7140 5669 -9678 -1202 579 -173 3116 5178 3376 4142 4097 6034 1012 6126 9064 -8679 5241 -1497 7229 -7898 -2962 6930 7982 6279
83 15
-9736 6744 9553 -4599 -2265 -3867 -5210 1778 4932 5369 -8395 1768 4267 8702 -4090 -1637 4735 6922 -1791 7520 -8037 -6551 -257 9192 -728 6781 9843 -2747 3059 -2405 -940 3323 -1941 2333 -7556 9515 8466 -2766 1293 3397 -7398 6619 -1114 -9411 5320 4796 2674 3775 5438 -9118 5015 7401 -1947 -5242 -9687 -8955 -4741 -9845 -1701 8319 1471 -8921 5362 9530 3412 -8473 9044 5598 -1239 4057 -1005 5085 675 -8399 5674 -285 6397 -1653 -2789 1834 2951 -7775 -766
70 9
-453 -4231 2243 3423 4068 4282 -5107 8868 3364 -1857 6000 4891 908 1598 -2627 -5036 -5687 -7543 9361 -4086 -8149 2796 -7690 199 -9994 7865 -3130 -7768 819 1594 2936 -9634 7363 -1101 7510 5152 -6820 -7597 4019 -9735 546 3740 5156 -8547 -4663 -3751 139 -350 -1294 3220 5564 558 -3985 -8406 -5523 -3978 9459 5068 1975 277 -3339 -5090 4364 -2256 3810 1874 -7105 -9290 7998 -9365
74 6
8096 9853 3718 -6568 -3899 -2423 6803 8529 -9204 2366 2807 532 7681 -8996 6554 7139 6072 -1472 1136 -7268 7160 -779 4197 4690 -8906 -9187 5400 9092 -4831 -9904 1355 -6736 9949 -1207 -3304 -230 -9910 -6502 2019 -9114 9585 -5175 1419 7265 -4171 1693 8124 -4379 -6058 2980 2074 -5178 -7800 -3729 9512 -2985 -2916 4911 -173 2253 5007 -8818 5517 8676 3696 -4067 2167 3787 3152 -5815 8394 2736 2732 3533
30 1
-4774 1844 -2097 2889 -5177 -6303 7711 745 -32 7222 7760 -9228 5853 -2413 6746 4581 2490 5983 3256 -94 -8085 -857 -6308 5067 7050 -4193 1523 3502 9340 -4757
9 2
-9193 -2594 -8826 -4369 1104 -7395 -9904 -5208 9827
38 5
9401 -837 -3969 3981 -4627 -7986 957 5280 -2350 -9900 -7308 -3562 7150 -1501 7961 651 1560 -3075 154 9846 -2268 7561 -5259 7084 2385 1067 7180 -9103 4615 8757 -3538 4015 -2081 6215 -2005 3293 8229 8952
29 4
9052 4985 6037 9922 -2795 7719 4293 8765 -5357 -5553 -7670 6096 -4272 792 3180 -8167 -8141 4080 -7270 6474 2836 2914 488 -9245 -872 8483 7769 1077 -8846
57 9
-9794 -1234 6713 -6152 5971 8152 8142 8456 -3485 -3691 -9214 -7390 2037 5299 9511 7591 7158 3591 -9680 7352 -3574 3234 -2161 902 -3918 42 2391 7159 1197 -3828 7835 5124 4939 8268 -7308 909 -9861 -9167 -635 -3346 863 3872 2985 -3380 -830 2496 -5790 -3672 -193 -1748 -2600 9954 -8515 5240 4577 1289 -998
26 4
-6081 3140 2 -7237 -1922 1990 -4544 -7293 5850 10 5793 -7497 -9127 -336 9210 1214 -7445 1705 5425 2604 -4768 -6324 -9997 -4815 -1118 5243
32 8
-2034 450 2339 5606 -2690 -3939 8370 9109 -8228 -2454 -8185 7622 7556 -8671 -9875 -7851 993 -6945 3364 3548 4760 2509 -3849 -6288 6185 -3845 2618 -1213 -4882 6101 2679 6805
60 11
2411 7581 4799 4501 6689 6571 -7954 -7776 4193 -6678 -6447 8039 -807 8268 -8907 -3723 5536 9574 8786 -4592 -2994 8691 1563 9624 1198 -9599 5724 -6124 -9073 -4006 2614 3338 -6426 -2587 -2162 -6017 3605 -3792 -8104 6927 3482 -6345 -3881 1749 -1531 6117 -2715 1763 4902 6414 8769 7313 1697 8393 -1489 2098 4116 6108 6746 -9890
29 1
-2595 6135 -8359 1389 -6162 8967 -8683 -544 5894 4799 3111 -4267 269 -8420 -8150 -8726 7064 -9528 7688 5833 -8494 -616 4225 3738 -4798 2061 -155 -8052 2171
69 1
-6703 8422 -8886 4686 -7740 -9920 6003 1716 9695 4522 -1453 -851 -1489 3848 4720 -215 912 8913 -2528 -3256 -9582 -9424 -5311 7877 -4221 6750 -2278 1448 -1079 9 -2801 2218 -1569 2034 624 4412 2115 347 -3873 5530 -1411 8395 -5322 7101 2243 9398 -3115 -3125 8311 8079 3619 -7551 -7625 8308 -9674 -1846 5057 1769 -6678 -2302 -8223 4243 -6364 208 -3724 7981 -1660 -7889 -1673
15 6
-9363 6583 -7681 7738 2546 -4562 -5378 9421 -2531 -3579 6760 -82 -1203 5067 244
38 6
-4267 -6006 -4737 -2489 8237 2620 -8561 -5488 4322 -220 -3376 -3631 -2033 -2014 -2994 -5451 305 -5257 7095 9464 3087 -9765 -3068 9508 6995 6851 -1696 5782 815 2697 -374 6549 6691 8610 -2220 4927 4950 -781
36 8
8999 3504 5641 687 -8511 -7354 8957 5516 -2610 6052 4979 -5803 6287 -8089 -6296 7003 -7518 5730 2784 7018 -1574 -3870 7287 -4884 -5261 -4934 -6237 9690 8007 643 2681 -9275 -5853 -1679 1412 -4364
2 1
-5128 -7922
51 1
-3725 148 -4517 3700 -2850 1686 -571 9935 2424 -8425 -3936 -289 412 4525 8498 4175 7935 6504 -1461 615 7230 2686 8937 -1359 -7958 7346 -7270 -3085 -6856 2871 487 3140 -6981 9691 -3161 3890 5097 9990 3824 -2480 -8436 -6391 7231 5698 8134 5729 3593 6068 5953 -7869 -3318
76 13
-661 -4456 6860 -3316 -1726 -2505 -172 -5134 -8298 -7033 1606 -8608 3528 -4505 -9791 3517 9320 -2271 8802 -7072 -1319 4499 -8939 -1870 -1908 -9151 -5918 223 -2469 7265 -1239 -9409 -3471 -659 -2725 4803 6836 -9176 -6611 8538 -2488 4995 -6350 -8961 -9510 -6141 4556 -6470 5309 7079 179 -6011 1577 1240 2119 5810 9923 3613 -6660 7187 -7627 -2348 -2564 1714 8649 -4041 2270 9473 -651 4528 -3016 -5657 -8102 -1976 -1446 -522
58 10
-5214 -6622 -7738 -1224 8677 7223 -5385 -7935 3032 -5463 5678 -9907 -4556 -8229 -2255 2880 7206 114 -7440 3196 -414 1909 1444 -9709 6252 3342 2036 -1473 -7181 8336 -9390 1327 -4565 -7127 -6177 -5889 -9905 -1562 -103 6849 6697 -704 6942 -4139 1067 -1593 -7538 1994 8522 -4978 -4811 1828 6931 -9646 2119 6903 3696 -2125
18 2
-68 -3960 1563 5367 2634 5386 -6802 6450 -2456 3095 7019 -2039 -7610 7681 3823 7179 -3912 6285
54 1
-8694 8082 -6122 -8043 -7844 9719 8860 5853 -2407 -1990 9810 7525 7771 5093 6612 404 478 -6470 574 -8258 6626 -296 -7264 -4727 -6474 9915 5082 -6469 2807 -2868 -5163 4610 1011 -3206 6766 729 -626 6339 8322 -8896 6148 9568 8875 1240 9900 2999 -4562 -6570 -2706 -2819 -9945 4887 -9395 -7209
9 1
-3573 8963 1383 -7046 -3906 6220 7564 7105 -3266
98 13
9829 4389 3597 -9067 4258 3164 -6472 -782 3063 -9752 4657 6493 -2458 -4442 -9732 -7572 -116 -3219 -3692 7736 6929 -1009 -882 9883 5086 -4663 -8833 5911 5792 9218 -2535 9341 7327 -5218 -6006 1584 7946 -2477 -9198 4729 -2229 9180 4943 5313 -5263 8932 -8539 4621 -4288 -2231 2356 -3639 -9519 -4806 -3756 5567 531 1132 5198 43 349 -3617 -617 1396 1165 3378 -7020 2831 -5379 -2497 1281 6113 -3318 -3777 1425 5140 -4846 2886 3481 4588 -5625 -4164 -9052 -5144 1030 913 -5857 -4719 -7956 -6938 9045 6114 3166 2148 -2490 -5669 -754 4211
29 5
-8287 2163 -21 2116 8386 -4876 -2745 -2739 -8270 -9265 -4431 -173 292 238 8404 -4958 -8849 -3732 4044 -3084 -670 6809 -3249 -7505 -1044 7982 547 8203 5913
60 7
7626 -6408 -510 3462 -4301 4614 -9284 2960 -9935 -4828 8529 -108 9185 2487 -1705 -5774 3638 8284 -8010 -5725 -2387 8799 4747 3830 1475 6449 -1903 -323 2361 9527 -812 -14 -3160 8678 -6553 2539 7012 -2116 -781 7077 6777 1468 689 5961 -6046 -7295 -6093 -8687 -9012 -4103 -4412 -1398 -1584 -5945 -3848 9891 -9497 4249 3289 2864
25 2
-3430 -5664 -8847 3738 6875 8165 -4658 -3907 8963 -7882 7561 -349 8079 -8486 2356 -4294 -3452 3345 5324 5857 -4333 -6261 9912 1819 -2650
74 12
-9362 6999 -2716 -3165 -2711 1620 -2012 -8974 2215 -126 -3632 -7972 -1164 2207 -6691 -7793 4006 -5176 4564 9712 5093 1629 8756 950 7296 -7506 861 2835 3566 4997 -7378 7925 5716 3628 -5240 -6995 -4753 2748 -2248 -8817 -3658 4121 -6789 5178 48 -3479 7386 -5946 5066 5670 -2514 158 -2702 -3758 -8893 -1686 2457 5690 -8852 -3978 686 -2509 -6053 122 -8882 -1293 3127 87 -4825 -9121 1270 1518 8721 4481
59 3
-5278 1522 6543 9788 912 -5971 3667 8210 271 4774 -3477 -7273 463 1392 -1250 -5131 8884 6418 4992 -9999 -1155 1839 88 4020 2718 -4922 -742 5159 -6720 9675 -2352 -1998 4917 -5810 1511 -4171 -1781 -4823 -2241 8490 9951 8004 -5062 4135 -605 7409 -7276 -1722 3826 7716 2001 -7330 3276 -4191 -9590 -286 888 -331 -5127
36 5
2521 -4110 1701 -9569 7401 7530 2372 -7423 -990 4582 -3751 -2987 9520 -5896 6408 6928 -3172 -1593 4474 -1735 -9593 7144 -8460 -63 -8725 1254 -9176 4665 9848 8713 1449 6089 -1676 -6851 6521 -4276
13 2
2023 3410 -2806 -8008 -9578 -3286 -183 6830 -6359 -9635 -1043 -8164 -1370
55 1
3891 9302 -6025 -1134 -6154 8640 -1287 -3720 88 -1477 4604 6959 -4957 -5952 -8642 7656 9792 8489 -5151 -4496 8911 5284 5321 9461 -7354 9408 -1582 -5518 1758 -8498 -2818 -4351 -5476 4879 8236 2092 3518 -3052 8372 -2673 5471 6696 -1994 -5766 -5536 -636 -4390 -2023 1573 4181 7202 483 3185 6244 3664
92 5
-4198 -5967 -2592 -2695 1216 6778 5550 -3906 5013 -2359 -6668 -4318 -267 4380 -5127 -3572 -7615 2829 4614 5470 8439 -3689 -2958 6340 -6488 -8755 3246 9756 4910 -924 5406 -9289 3110 -7186 1737 -1954 -6688 -2713 7861 8326 4928 -5087 -5993 -5339 9294 -1120 4810 -4601 -8292 3144 -9131 -6132 9455 1632 -6072 -7033 2878 7174 -3557 1508 -29 -8151 5940 -3199 -1616 -2323 4847 1696 8685 6428 3742 3612 -8660 7749 -8007 -5646 -3371 -9476 -246 2058 3668 623 5926 6844 -4025 -6425 -6469 8853 -9252 -26 360 719
75 10
7520 -6073 7698 6087 9345 6382 2514 3086 3714 7576 835 5708 -8071 -8816 9953 1683 6963 7341 -3974 6610 4184 2002 -9816 7715 4575 -5347 1410 -1344 5373 -3047 8677 6613 4602 6374 6421 3946 6476 -1066 -2969 189 230 -8414 -383 2160 -3509 -431 -2437 -2825 -3090 7311 -6216 -5186 -688 -2311 -3750 -2393 2342 7660 6263 1435 -5388 4939 1769 9214 5033 -1811 6880 1508 -9157 -2368 -4582 1074 -782 5035 -6767
44 10
4517 -3395 8956 1827 4110 -2510 -5141 -8202 3740 2467 4140 1399 2450 -704 9733 -2611 -8936 -7334 -3858 -747 -6733 -8629 96 899 -3211 -8831 -6163 -4456 -1877 -3012 7590 -7360 3593 6545 8188 -2298 -2244 -6953 3221 -8505 5514 -2639 6616 -2037
37 3
9073 7721 -3545 -4785 694 -278 -3414 -9211 -9380 7096 -8041 -1821 -7361 3803 5167 -6050 6443 2481 -5785 4631 -6097 1971 -8602 7125 3467 6912 -1794 -1405 -1417 3871 1389 24 -9675 -9676 -9283 48 631
56 11
-2274 -2814 -7433 4086 -9011 7735 8036 -8848 215 -4028 9504 4118 7943 -9099 4963 1409 7813 -6832 -4789 129 1751 -7198 -4762 -8226 -6872 -4438 -7509 6897 6193 -2281 1285 -2361 4905 7574 -4555 9615 5308 -2798 -9233 -757 3174 -9730 -2919 1116 -8828 -7956 -3754 -7295 -4788 5178 6555 -9316 7981 -8208 -7542 -5171
84 10
-8275 -2733 6390 3010 8627 5015 583 -2207 4630 -389 4995 5397 -7426 1889 9388 -344 -3275 -9441 5421 2971 -3014 -5647 1870 -6460 -4963 -150 -4667 1217 8400 6408 -6392 -9876 -2604 9998 6855 -257 8733 1159 7536 3362 -9231 6251 2479 -2935 1860 5588 -9559 8586 6147 5862 5277 -3147 -6065 -2854 394 2694 -9284 9448 -2369 9116 9576 1239 -7040 -3029 4957 9816 -9565 3689 974 -8309 772 5464 7943 -3751 3523 -7442 -3310 2108 -7574 -3728 -2615 -721 3929 8252
33 6
8969 -7160 4253 -8196 -7584 -4509 -5235 3108 -9553 -1699 3543 7857 9275 5235 -1372 8459 6898 9321 -5292 420 -8122 5119 -7472 -1975 -4888 3634 7305 9041 1885 -5582 -4338 4574 -2741
46 4
-325 -874 -5136 -7218 3294 3165 6326 1150 6160 5281 -6501 8339 2178 -7181 -3233 -7403 -1582 -8114 -1154 -9836 719 -7521 -8811 -241 8086 -4393 5421 2659 2866 -7224 2758 -3739 1902 7622 -956 -1084 4507 -910 -6214 666 -1909 -2715 2726 -9732 3825 9493
51 11
-4901 5433 -3872 5818 -8368 1038 -703 9718 6645 -1562 6098 -489 1214 -1145 5772 -3164 198 -1464 5752 -5296 -8654 9539 9092 -563 544 5538 3426 -1910 5030 -9988 7775 -6150 9166 -2377 -6612 -9203 8661 2686 -5764 5305 -8877 -9667 2338 2909 -1971 9174 -6894 -9715 8647 1532 8185
48 2
2449 -119 -1784 -9462 -5090 -1772 -7967 2481 -2607 -344 5870 1911 -1684 2276 9868 -2658 3399 -6079 5878 -543 6831 -2373 -1369 -6343 -2087 998 8910 3266 2903 3253 -1945 -4649 -6867 6271 -389 1765 -5502 1644 -5755 5612 -8700 -6165 1244 -384 6111 1111 6958 -490
83 14
-7313 5584 -5817 5039 -7039 5817 -3964 -8129 -918 8939 8845 7138 -5710 -8022 3408 7622 3743 -8373 -735 -8292 -9041 565 -4456 5924 -6098 -8346 -2965 -5420 4885 -4212 -8864 7573 -4908 -959 2611 1774 -5143 8648 7366 3940 7586 6211 4798 -4404 -8091 -1795 -6783 5652 3553 2483 7360 8234 -3232 -3376 4157 4391 -1721 -5088 8972 -3116 700 -6172 -5544 9513 6590 -9212 5008 -4832 9436 2373 9108 -9259 2304 7626 59 4213 -449 3276 -136 -6896 -521 945 -4942
28 10
9215 4359 -432 -5873 7051 6453 8548 -5400 -5371 -8219 -5090 -4583 6789 78 -1427 2882 2906 3036 -4814 531 -6906 9399 -9918 6370 2984 -3093 -430 -2351
79 5
-1062 1179 -2383 8507 9027 -1611 8680 7575 2989 -6692 -6924 7899 2447 9865 1698 -8981 6467 -5397 4055 -8348 5135 7149 -5228 5217 7240 7756 -7877 -3191 -875 7809 -9933 8063 -1013 -2316 -9711 1735 6073 8969 3030 2782 -4002 6106 4402 8445 9691 -3901 -6816 6157 4423 7810 -443 8109 -3698 -1506 9069 -2222 4338 -402 6903 2146 -335 4965 -5146 -8930 5255 6589 -9137 7944 -382 7367 -6059 -4277 1768 -7615 -4587 -8413 -709 -4710 6010
87 11
-712 -1641 3122 7782 1149 -9101 2120 -9254 -8478 -2014 4133 -9792 2840 8924 9184 -572 -6493 7127 -7234 -9127 -5211 -1511 6362 895 7623 7949 -9815 -3366 7680 436 3454 -3033 8796 -3424 -1531 -56 1196 -5691 4411 6440 2296 -1457 6648 -1144 1187 5831 -7995 4695 6678 -5229 5568 -8534 6982 5651 2362 8325 7320 2547 -5042 4999 -7017 8413 -4314 -4501 -1291 4156 9164 -6375 8465 7295 -9936 760 -441 -9568 9617 -9255 9984 -4658 5440 6662 113 4729 -8152 -2906 379 7931 -860
95 2
4098 -3582 7182 6231 5825 -3599 -5061 -20 -715 2286 -1555 -3421 2350 -7075 6138 6504 -3738 6884 6487 1604 6044 6869 -4562 772 8718 6253 -5129 6648 -4608 -9989 846 9491 150 1748 9442 -4026 8149 -1898 5955 -2567 -9613 -1880 7734 6458 4766 3871 2961 -8972 4475 -552 6353 519 -3684 -8210 -4989 -1246 8044 3604 -4598 -6565 3615 9969 -3354 -6236 1717 -191 -262 -135 7911 -587 -8981 8298 7533 8753 4755 6020 6344 1437 7048 819 -5395 3400 -8663 4642 8912 -3652 -6604 6955 9952 2519 -5890 7287 2487 4478 -8950
10 2
4510 -8490 -4083 -6078 -7471 -5786 -4824 -4998 -7311 -8805
92 9
-8037 2164 -7549 9084 7222 7094 -8285 -6430 -9511 8670 -2758 6729 -3499 -1750 2936 -5301 -700 -9140 2706 -2470 -7630 8623 5174 -1380 -3443 -9651 3622 -754 -4735 8688 -2907 949 852 3265 3753 -1927 358 5469 5364 4568 7859 -3673 1296 -5641 4577 -2047 2779 -2403 -1187 -4516 5128 1183 -2173 301 9803 4384 4371 7145 -6370 -6644 5832 4444 8026 404 -2292 1778 -7802 -8213 -2754 -8718 -9925 -4895 -2391 5093 3185 -4094 -6955 -4036 7225 1858 5169 2352 -3239 -7004 -3627 284 -8900 -5536 -2572 -5270 1541 -3020
8 1
7385 4324 -8657 9583 9832 2311 -5415 9907
11 1
4999 4321 -8179 -8236 -5995 9046 7343 9175 5118 -5897 -4109
68 13
-3009 -325 -4465 5443 -8785 2516 -7943 4502 3621 -9899 5846 6924 9933 -1844 -8492 -6440 -708 7424 -7721 -6388 -7034 -5956 -2382 -4268 -8614 513 -5429 -4510 -9876 -218 -6403 836 -6822 2854 -3722 -1886 -4631 2057 -7384 -7290 2158 -7818 9634 2091 4059 -5138 5651 -6650 -7714 7930 683 -1027 -4306 -7979 4705 -2919 6255 -7004 6292 -9901 2779 -6391 936 9678 6463 -9066 -2209 -8169
77 6
-5459 -4851 6310 -2105 -9040 368 2758 -9669 7439 8765 -8019 1843 -2263 -2324 3864 -3838 8478 3840 -841 4769 3939 -4342 8378 -1405 -4665 8562 -470 3126 -9608 -3759 -2746 -1345 5111 -6437 -9730 6071 3932 3028 -9878 1370 5513 -7896 -6788 -3030 3501 -9203 3133 5699 8358 -3988 4188 6017 1670 2565 -5388 7005 4847 7863 3851 5240 -5897 -8896 -2385 9215 -5332 1606 9006 8600 -1645 9129 3690 -6133 -5047 -9377 838 -7826 -4859
30 3
-2781 3703 2060 -6765 -4628 -1655 1568 -3903 -6808 -570 9948 -7848 3534 -8948 3488 2748 -559 -4907 1753 1761 3448 4602 -4550 -8964 9555 -206 1874 -4551 8656 9565
60 4
6988 5381 -890 -7641 -6274 -9323 2177 639 108 2124 2791 -2638 3176 -3722 -6170 -7384 1371 9304 8098 -1460 3906 -6452 -424 7181 7063 -8551 -7370 5719 -5266 -4049 -8408 -8279 -4947 4423 -2199 2500 5101 9978 -6862 -1071 5822 5929 -9989 2719 -4073 -6159 9056 -8982 -6856 7154 -442 -9230 -9299 9134 7952 -8516 -5697 -5698 7203 2758
28 5
8200 9027 6939 -4000 1526 2039 -302 4664 -5312 -4480 4313 -5301 8239 -9761 -1460 -8986 -8742 5406 8168 816 6176 -7411 3671 4127 -5926 -8306 8429 -8724
6 1
-6208 2652 1429 -9269 -7627 -3324
57 8
-8661 -5100 -8689 9374 -401 -6730 9613 -8140 -5715 -5409 7266 -7548 9129 3441 -4958 2799 1289 -884 4493 3438 4113 2666 -439 -8374 -4682 -5289 -3922 -2309 1387 -7432 -6518 6447 -2532 -1485 5820 -9212 1785 9154 -7352 9791 -6256 -6366 -7757 -7128 -9205 1006 9392 2084 -6158 7606 -757 7955 271 8804 -6699 9310 -2765
81 4
8622 1948 4204 5069 -6864 -3561 4609 -6076 8224 3762 293 -8265 -8773 3927 -2301 -2180 4723 8705 933 527 -7454 -1462 9770 -5779 -7471 -7706 1244 -8161 -471 -9378 2560 -1849 2570 484 -3060 9428 6923 -8452 -6649 8868 9032 7366 -9398 -9742 1292 -1699 -1922 -3986 726 9011 6542 6993 1269 -9969 -5066 3799 -7675 6178 9359 5576 6801 5639 -6274 3091 -156 4387 2518 -3234 9656 9591 -646 8687 6956 -44 8945 1968 -8023 744 -8297 2703 3475
0 0
