500 400 10 20 15
0 0 0 0 1
0 0 1000 1000 1000
50000 50000 1 1 1
47923 50000 0 0 1
48927 49927 1 0 0
49283 49827 0 1 0
49999 49997 0 0 0
749 603 13 8 15
1426 417 30 0 0
924 2962 55 23 20
2763 2942 1 74 48
4687 861 43 98 3
2161 1907 89 25 91
6664 1238 73 93 21
3556 7494 111 77 91
1031 1513 0 41 153
6765 6859 57 171 102
5700 1662 102 213 163
4015 1445 22 28 199
4128 1923 40 210 12
9843 7857 62 202 39
6027 12836 19 21 175
1463 11625 80 91 147
216 4770 286 161 217
16874 2682 39 320 18
18135 18977 159 352 261
10801 10566 293 46 211
1999 14483 239 415 213
6403 586 102 20 31
6159 180 132 41 405
10847 16751 63 260 125
6585 24151 83 204 394
24789 15590 453 504 124
13812 5363 38 52 496
361 19290 68 255 275
8159 28667 169 528 347
4328 5935 205 227 62
6829 7846 168 321 341
21299 17941 430 151 583
23867 12015 169 377 25
22110 27674 190 463 102
29062 31341 558 576 677
13988 19807 140 92 350
15428 23042 18 117 613
3081 22911 591 148 664
8461 6796 502 757 398
31050 20787 549 369 612
5251 14668 338 560 143
11941 38028 700 434 83
26557 25283 285 774 447
37080 6856 531 766 721
13683 31394 23 231 389
41882 237 732 487 895
42002 26103 400 227 265
44991 42627 184 246 276
18242 12521 482 195 640
6545 20289 581 442 734
0 0 0 0 0
