4
1 1 1 2
3 4 5 4
5 7 5 7
10 10 19 10
5
0 0 0 0
1 3 1 3
4 10 11 10
2 2 3 3
0 1 0 1
1
695 154 888 531
1
86 642 86 642
25
203 155 378 155
149 565 149 875
287 523 287 351
328 622 38 622
150 115 6 115
319 998 47 998
92 268 161 268
221 923 999 923
666 880 457 880
619 978 619 851
728 862 728 372
939 939 103 939
895 427 573 427
606 546 26 546
527 862 527 248
991 697 991 963
298 603 298 351
107 896 755 896
157 463 938 463
892 805 892 372
416 885 416 184
809 887 266 887
263 193 263 783
886 182 794 182
908 426 114 426
25
1000 0 0 1000
0 0 1000 1000
0 1000 1000 0
0 1000 1000 0
1000 1000 0 0
0 0 1000 1000
1000 1000 0 0
1000 0 0 1000
0 0 1000 1000
0 0 1000 1000
1000 1000 0 0
1000 0 0 1000
0 0 1000 1000
1000 1000 0 0
1000 0 0 1000
0 1000 1000 0
0 0 1000 1000
0 1000 1000 0
1000 1000 0 0
0 0 1000 1000
0 0 1000 1000
0 0 1000 1000
1000 1000 0 0
1000 0 0 1000
0 1000 1000 0
50
748 697 901 578
569 683 795 1000
661 690 430 670
62 513 294 143
580 541 742 469
855 668 537 858
921 965 274 782
392 934 1 760
180 163 97 260
897 991 529 964
477 311 53 189
185 324 990 903
684 744 238 801
447 879 229 515
419 941 646 790
876 307 949 741
175 237 643 392
389 162 566 309
956 617 935 90
463 45 585 406
704 271 35 879
557 488 913 568
1000 786 824 652
638 505 799 17
509 441 445 305
902 288 736 66
794 762 871 266
603 471 703 928
195 21 427 752
786 19 398 473
230 734 767 482
297 857 6 406
985 410 57 776
457 450 528 197
980 432 56 977
289 820 845 934
742 91 915 114
36 612 62 783
906 882 915 427
266 17 849 19
324 466 628 94
195 884 780 87
66 492 145 159
789 978 766 728
214 593 104 714
32 929 673 878
492 660 852 257
100 217 498 886
472 622 496 708
169 513 416 492
100
358 573 358 835
453 126 2 126
296 317 296 86
476 813 476 268
41 232 41 157
996 327 11 327
598 669 598 275
170 446 389 446
779 370 454 370
396 328 185 328
418 17 418 694
832 592 102 592
981 267 981 497
606 223 57 223
252 794 252 293
355 278 888 278
900 332 561 332
401 967 401 730
87 54 87 563
750 954 789 954
578 170 578 65
646 742 646 877
128 77 241 77
688 50 688 357
819 690 819 439
748 625 748 512
488 40 488 6
719 987 719 173
280 982 280 375
429 132 112 132
716 679 397 679
656 155 656 992
52 685 341 685
434 457 434 951
827 262 35 262
890 933 890 673
751 968 47 968
971 353 135 353
468 704 468 39
604 983 404 983
39 537 904 537
501 62 501 801
580 178 580 103
796 914 789 914
993 624 993 364
273 111 839 111
306 480 247 480
492 103 492 225
542 909 542 209
321 757 321 686
730 911 730 463
845 579 35 579
820 370 820 112
650 114 510 114
267 524 267 677
381 877 381 846
495 241 58 241
807 908 807 483
425 718 425 64
608 966 160 966
161 939 552 939
262 728 919 728
404 474 404 521
291 308 351 308
524 766 702 766
925 877 925 638
623 199 623 630
920 525 493 525
639 492 639 528
76 87 515 87
935 597 345 597
103 518 103 35
5 466 5 686
521 35 521 267
24 202 24 301
836 648 836 329
361 517 609 517
400 595 577 595
712 217 712 873
363 556 751 556
68 135 88 135
655 282 655 362
295 940 295 344
136 690 136 305
737 1000 737 908
404 0 447 0
782 386 527 386
926 399 348 399
619 758 619 890
667 22 667 846
562 28 57 28
150 34 113 34
295 185 295 660
847 812 189 812
210 531 210 377
617 470 866 470
497 83 15 83
743 109 743 959
703 678 266 678
463 627 48 627
100
1000 0 0 1000
1000 0 0 1000
0 0 1000 1000
0 0 1000 1000
0 1000 1000 0
0 0 1000 1000
0 1000 1000 0
1000 1000 0 0
0 0 1000 1000
1000 1000 0 0
0 0 1000 1000
0 0 1000 1000
1000 1000 0 0
1000 0 0 1000
0 0 1000 1000
1000 0 0 1000
0 0 1000 1000
0 1000 1000 0
1000 1000 0 0
0 1000 1000 0
0 1000 1000 0
0 0 1000 1000
1000 0 0 1000
0 0 1000 1000
1000 0 0 1000
0 0 1000 1000
0 1000 1000 0
0 1000 1000 0
1000 0 0 1000
1000 1000 0 0
0 1000 1000 0
1000 0 0 1000
1000 0 0 1000
0 0 1000 1000
1000 0 0 1000
1000 0 0 1000
1000 1000 0 0
1000 0 0 1000
1000 0 0 1000
0 1000 1000 0
0 1000 1000 0
1000 1000 0 0
0 0 1000 1000
0 0 1000 1000
0 0 1000 1000
1000 1000 0 0
0 0 1000 1000
1000 0 0 1000
0 0 1000 1000
1000 1000 0 0
0 1000 1000 0
0 1000 1000 0
1000 0 0 1000
1000 1000 0 0
1000 1000 0 0
1000 0 0 1000
0 1000 1000 0
0 0 1000 1000
1000 0 0 1000
1000 0 0 1000
0 1000 1000 0
0 0 1000 1000
1000 0 0 1000
1000 1000 0 0
1000 0 0 1000
1000 0 0 1000
0 1000 1000 0
1000 1000 0 0
1000 1000 0 0
1000 0 0 1000
0 0 1000 1000
0 0 1000 1000
1000 1000 0 0
1000 0 0 1000
1000 0 0 1000
0 0 1000 1000
0 0 1000 1000
0 1000 1000 0
1000 1000 0 0
0 0 1000 1000
1000 0 0 1000
0 0 1000 1000
1000 1000 0 0
1000 0 0 1000
1000 1000 0 0
0 0 1000 1000
0 1000 1000 0
0 0 1000 1000
1000 0 0 1000
1000 1000 0 0
1000 1000 0 0
0 1000 1000 0
0 1000 1000 0
1000 0 0 1000
0 1000 1000 0
0 0 1000 1000
0 0 1000 1000
0 1000 1000 0
0 1000 1000 0
0 1000 1000 0
250
885 660 633 500
794 582 975 620
715 693 501 429
174 614 607 369
246 11 754 854
410 868 893 758
679 627 378 906
718 514 942 738
750 804 225 204
575 703 407 101
4 807 172 398
144 822 671 911
29 235 816 147
615 648 539 958
553 839 88 662
271 350 487 536
86 699 946 82
57 654 17 410
754 505 270 501
109 374 319 202
661 247 203 646
228 648 181 832
88 980 575 342
185 436 743 112
477 899 493 211
891 234 574 41
652 528 286 176
454 645 404 663
879 20 411 467
869 460 914 219
333 270 875 72
440 593 94 373
211 368 855 766
157 875 996 455
932 7 740 907
136 952 844 334
439 263 638 737
716 392 919 239
634 780 169 469
632 337 896 921
781 655 126 517
194 436 494 692
898 193 872 383
161 588 144 263
429 897 682 728
688 548 495 443
951 751 786 506
530 443 201 332
918 432 579 554
983 342 554 67
448 115 762 871
692 275 547 75
361 688 998 89
136 285 939 2
663 533 861 161
0 237 169 778
458 798 671 452
153 394 5 39
387 544 570 668
476 469 334 205
910 924 495 103
64 1000 17 230
469 820 222 907
289 590 696 694
857 302 457 353
272 674 279 579
611 977 418 250
815 445 479 556
778 187 837 838
970 740 662 773
192 670 492 414
616 489 248 792
424 877 426 626
575 692 699 381
905 122 204 400
971 888 820 434
599 810 167 88
235 296 210 224
970 525 928 222
601 189 61 998
710 797 860 438
300 345 718 340
661 890 749 123
822 609 462 34
284 437 407 930
569 984 315 342
175 608 520 761
296 31 28 764
640 476 178 409
339 49 291 492
838 656 393 724
982 531 814 843
914 260 203 378
690 774 143 409
711 586 897 87
841 693 475 734
986 994 870 453
864 728 765 583
470 729 76 144
666 102 403 591
211 619 557 947
398 594 799 685
563 78 337 571
313 679 231 761
897 689 881 764
908 182 839 127
774 699 243 494
726 977 699 936
516 999 9 782
935 707 535 763
893 243 528 19
995 831 625 196
727 376 118 729
96 843 332 862
734 651 36 203
23 398 736 943
832 971 109 393
747 139 856 970
111 774 41 530
918 324 961 204
59 668 608 997
84 989 38 772
444 183 435 814
383 882 911 478
353 10 459 873
689 897 209 442
435 385 802 392
800 203 872 735
431 690 17 929
646 875 280 735
543 232 523 176
665 295 948 445
418 698 613 132
591 266 215 650
850 275 60 939
366 841 536 350
384 949 754 892
849 948 316 556
588 254 371 948
896 371 803 736
658 806 462 701
367 378 470 381
94 900 68 520
491 158 962 441
469 145 835 31
740 420 821 348
158 137 486 549
174 893 983 975
606 374 374 638
321 920 41 659
706 296 336 637
648 631 727 542
172 175 233 178
428 418 128 702
189 355 583 329
392 405 797 679
968 509 83 372
144 743 480 755
646 830 72 504
112 665 930 647
522 37 169 933
356 917 339 618
312 804 884 698
989 328 1 821
687 883 936 848
682 923 57 981
674 915 902 31
272 643 337 537
476 607 526 413
661 665 889 367
490 364 313 343
56 413 869 140
202 377 657 557
843 846 619 734
640 866 657 115
960 534 307 942
799 332 967 464
70 878 800 897
769 987 873 549
127 450 35 148
55 732 383 372
352 255 497 988
183 297 336 215
852 467 530 538
405 634 62 694
855 17 740 173
85 228 246 914
714 301 419 173
340 959 814 971
220 61 101 11
182 911 573 849
959 173 439 870
460 421 642 33
394 128 486 722
796 42 236 751
541 637 324 466
430 221 612 348
870 518 547 21
557 353 844 219
158 298 275 959
629 829 968 172
597 448 959 471
81 612 145 523
269 747 839 704
157 597 903 64
289 439 754 967
279 344 417 416
89 324 9 573
257 385 655 46
330 751 815 846
140 127 242 990
668 354 807 363
638 874 109 487
581 826 850 248
55 70 183 629
795 467 85 940
67 602 443 63
1 905 623 840
732 154 299 283
894 385 256 959
652 910 660 803
304 454 883 704
518 152 76 723
796 80 489 573
729 269 837 367
556 572 825 253
492 610 905 695
920 105 593 294
17 545 744 285
512 990 429 536
621 602 41 632
193 548 477 895
197 0 892 223
733 418 490 13
59 776 172 172
481 448 268 522
253 526 53 712
653 465 16 297
648 857 179 720
412 182 880 747
735 470 868 206
706 901 383 109
526 960 435 770
320 749 972 22
69 521 493 350
583 905 631 554
942 440 508 253
733 272 128 690
10 571 504 494
375 573 538 837
250
463 354 463 354
924 15 924 15
786 634 786 634
181 937 181 937
333 302 333 302
652 938 652 938
890 283 890 283
362 155 362 155
368 142 368 142
767 958 767 958
366 706 366 706
462 445 462 445
734 879 734 879
576 291 576 291
427 925 427 925
492 472 492 472
991 100 991 100
425 780 425 780
24 135 24 135
562 619 562 619
207 256 207 256
362 608 362 608
253 130 253 130
956 292 956 292
164 280 164 280
990 96 990 96
846 971 846 971
817 789 817 789
801 911 801 911
529 960 529 960
223 996 223 996
259 168 259 168
38 345 38 345
2 641 2 641
166 217 166 217
385 771 385 771
2 593 2 593
4 122 4 122
472 578 472 578
550 48 550 48
428 852 428 852
741 86 741 86
308 643 308 643
773 199 773 199
984 681 984 681
194 84 194 84
737 895 737 895
786 589 786 589
702 934 702 934
433 205 433 205
21 368 21 368
321 955 321 955
405 809 405 809
925 811 925 811
181 317 181 317
133 336 133 336
553 183 553 183
363 466 363 466
61 659 61 659
349 336 349 336
555 705 555 705
172 77 172 77
325 249 325 249
968 42 968 42
426 659 426 659
427 392 427 392
339 493 339 493
339 671 339 671
556 473 556 473
157 960 157 960
146 792 146 792
493 412 493 412
837 183 837 183
753 596 753 596
51 960 51 960
852 624 852 624
920 920 920 920
939 717 939 717
831 759 831 759
682 252 682 252
339 582 339 582
192 610 192 610
629 486 629 486
843 467 843 467
178 590 178 590
69 334 69 334
186 472 186 472
533 972 533 972
63 19 63 19
351 707 351 707
247 256 247 256
935 801 935 801
878 773 878 773
253 227 253 227
836 392 836 392
224 796 224 796
725 377 725 377
557 988 557 988
723 678 723 678
56 638 56 638
741 363 741 363
809 133 809 133
593 751 593 751
584 739 584 739
776 703 776 703
711 829 711 829
882 620 882 620
539 325 539 325
569 285 569 285
164 627 164 627
398 955 398 955
386 674 386 674
546 531 546 531
434 689 434 689
416 643 416 643
853 863 853 863
463 203 463 203
913 278 913 278
668 8 668 8
159 756 159 756
548 912 548 912
206 279 206 279
215 738 215 738
827 446 827 446
740 748 740 748
755 62 755 62
612 20 612 20
140 18 140 18
23 894 23 894
33 33 33 33
273 880 273 880
506 472 506 472
804 543 804 543
915 655 915 655
397 384 397 384
786 331 786 331
812 210 812 210
313 219 313 219
898 538 898 538
383 117 383 117
255 475 255 475
389 716 389 716
404 265 404 265
587 410 587 410
27 424 27 424
688 827 688 827
441 476 441 476
451 367 451 367
849 749 849 749
42 84 42 84
981 234 981 234
239 411 239 411
231 186 231 186
965 947 965 947
423 553 423 553
41 422 41 422
221 999 221 999
32 784 32 784
438 848 438 848
562 738 562 738
379 250 379 250
704 268 704 268
189 553 189 553
552 126 552 126
329 754 329 754
974 510 974 510
276 458 276 458
181 588 181 588
581 134 581 134
824 744 824 744
309 162 309 162
350 633 350 633
465 457 465 457
187 988 187 988
463 398 463 398
772 842 772 842
107 241 107 241
325 971 325 971
282 382 282 382
896 558 896 558
588 51 588 51
105 482 105 482
39 290 39 290
978 5 978 5
185 208 185 208
841 465 841 465
846 660 846 660
339 171 339 171
594 169 594 169
435 870 435 870
881 185 881 185
920 722 920 722
796 770 796 770
622 365 622 365
508 161 508 161
913 958 913 958
644 724 644 724
295 702 295 702
843 103 843 103
901 470 901 470
814 139 814 139
478 273 478 273
995 885 995 885
962 866 962 866
0 657 0 657
263 5 263 5
976 234 976 234
830 380 830 380
975 690 975 690
248 94 248 94
639 657 639 657
724 498 724 498
80 903 80 903
869 181 869 181
201 39 201 39
780 567 780 567
550 995 550 995
998 154 998 154
757 353 757 353
740 500 740 500
530 550 530 550
896 530 896 530
157 444 157 444
367 990 367 990
145 692 145 692
951 974 951 974
492 690 492 690
648 50 648 50
907 468 907 468
733 765 733 765
604 439 604 439
968 120 968 120
489 117 489 117
237 4 237 4
319 354 319 354
138 803 138 803
542 100 542 100
78 171 78 171
285 443 285 443
96 452 96 452
92 463 92 463
63 450 63 450
599 471 599 471
918 417 918 417
859 289 859 289
692 227 692 227
798 734 798 734
194 784 194 784
904 463 904 463
404 996 404 996
500
198 1000 968 151
817 951 398 433
56 444 344 766
116 576 32 851
567 88 736 985
951 397 595 7
429 400 42 389
843 307 670 735
667 145 824 659
833 24 188 210
64 862 449 312
434 548 876 130
417 17 549 947
910 717 11 988
422 670 45 376
127 761 987 377
23 905 736 254
41 482 528 786
841 989 588 697
293 691 229 807
969 381 847 996
404 260 155 740
171 979 28 532
766 201 730 8
488 164 950 641
132 240 590 725
944 678 156 152
496 601 879 551
310 887 175 953
393 999 576 597
259 501 24 627
556 130 696 260
412 11 657 666
848 263 823 773
288 819 755 411
141 601 110 824
937 949 532 367
53 126 704 243
146 567 140 345
525 997 237 863
418 331 723 237
909 994 678 81
226 186 753 859
924 977 165 387
362 887 122 754
144 39 181 475
975 192 492 205
13 497 749 353
104 540 743 509
991 122 806 439
804 434 263 201
464 477 587 401
769 5 122 291
729 572 904 744
619 750 79 49
695 431 47 762
771 544 802 497
751 0 418 512
795 379 800 902
671 464 831 779
526 557 522 219
320 977 43 50
168 180 67 704
652 880 389 598
180 138 184 52
738 36 877 414
70 625 594 326
58 448 7 314
751 495 547 385
620 103 441 130
554 564 132 846
821 882 1000 158
226 432 887 527
306 320 97 450
715 265 643 7
923 29 912 38
596 641 231 127
423 179 854 490
659 994 854 571
812 3 441 622
433 646 190 352
321 730 283 669
235 259 500 355
318 111 693 142
866 268 183 291
521 87 778 547
226 586 368 407
260 160 202 479
63 36 22 745
145 419 251 901
840 893 728 899
336 368 29 921
808 93 376 155
673 110 522 74
758 94 6 854
588 32 517 258
992 292 676 908
711 651 361 957
10 663 887 916
163 359 274 521
189 921 147 70
139 33 492 636
167 323 813 707
161 802 403 698
305 922 712 209
381 201 329 113
895 899 121 270
622 526 608 610
612 878 324 286
313 481 938 153
882 641 370 278
720 826 650 693
321 2 289 445
662 180 193 496
954 983 962 274
5 639 215 244
203 512 42 344
30 207 451 190
507 232 541 362
976 884 210 790
402 226 424 352
548 722 920 893
688 746 655 871
620 462 674 247
74 680 54 84
196 500 766 822
518 755 359 507
152 25 333 268
621 32 42 657
390 565 167 650
764 100 908 495
552 860 700 920
93 584 535 228
931 126 829 857
596 23 838 131
672 114 656 188
21 854 649 188
562 708 89 272
980 641 632 773
555 146 230 815
812 54 184 522
778 768 818 332
784 114 337 523
651 135 235 706
472 198 840 103
987 249 532 393
541 236 764 210
132 528 641 802
369 266 526 878
814 52 66 477
245 197 704 475
103 117 131 858
83 357 375 817
782 389 962 990
67 593 866 179
824 228 156 478
76 414 179 930
315 849 423 948
282 668 16 572
359 318 112 264
604 446 251 411
820 278 206 493
695 737 84 333
666 113 21 360
290 156 729 271
185 601 732 233
195 763 430 625
401 332 66 827
95 312 625 200
490 607 836 308
985 855 93 658
322 444 816 744
768 810 886 661
120 814 534 54
311 377 173 797
295 525 574 397
119 885 590 846
993 507 22 493
448 680 207 35
180 913 485 599
916 8 904 582
497 994 953 323
768 461 816 635
906 772 851 379
417 42 981 462
625 351 837 316
72 751 782 933
411 784 839 2
874 747 747 80
482 442 943 45
613 828 265 114
136 806 983 64
600 985 479 886
9 606 33 227
492 395 312 631
573 429 174 264
20 327 37 879
318 87 78 507
877 776 880 135
435 718 162 414
488 991 756 825
5 259 353 528
667 785 458 494
979 842 832 794
174 36 237 489
178 258 953 789
265 67 90 925
930 949 754 910
654 133 40 454
111 419 743 123
547 339 365 436
385 353 538 339
521 2 124 176
800 446 152 581
26 109 328 739
526 953 835 0
731 258 273 822
560 186 701 720
587 468 382 942
767 838 502 765
4 137 28 938
970 297 540 518
154 10 419 714
24 684 228 865
910 829 362 126
747 996 696 164
704 803 906 321
473 681 539 753
321 458 75 497
473 590 444 971
437 547 994 949
207 295 582 336
665 277 201 268
308 143 398 360
887 950 188 7
860 718 549 892
53 541 163 542
971 880 138 436
115 488 609 490
524 657 546 364
76 150 166 775
953 31 815 365
238 825 744 156
970 279 222 693
856 638 204 133
964 268 937 900
355 545 287 980
638 521 212 688
912 626 472 793
874 107 224 584
38 892 436 924
525 502 352 844
646 989 147 831
487 728 81 792
832 768 139 480
323 416 755 61
506 885 781 390
451 829 374 324
594 969 668 571
734 259 923 868
127 244 408 273
912 328 857 54
265 675 96 562
778 667 351 189
862 88 416 863
213 630 321 479
829 758 678 51
253 773 514 46
452 730 78 703
576 485 321 306
194 44 360 635
272 490 369 403
398 516 368 232
502 216 89 39
503 350 949 501
894 100 287 566
725 18 26 932
277 224 848 590
716 797 73 805
803 769 525 817
16 971 590 177
769 32 747 45
235 708 230 148
966 841 36 91
933 440 461 241
199 603 206 883
61 481 435 633
285 542 180 635
399 518 929 95
684 736 693 175
274 427 439 380
639 755 342 117
571 964 489 436
118 877 500 61
3 828 622 151
242 622 483 491
329 823 207 560
477 302 898 254
556 311 871 960
354 854 271 475
563 608 959 106
216 630 30 768
478 344 919 975
394 389 908 739
621 439 693 432
306 753 946 672
335 509 514 544
936 285 881 93
225 571 9 817
308 930 601 369
856 783 629 477
485 227 999 761
611 754 164 690
723 426 609 57
27 160 218 775
317 58 536 55
449 590 985 93
17 173 225 98
476 839 948 931
133 587 601 292
225 638 62 598
391 106 935 466
511 727 427 301
279 581 322 580
143 171 497 645
160 501 377 202
417 627 706 824
55 985 784 703
885 492 811 521
558 441 352 320
42 158 628 116
372 585 900 680
225 613 20 518
652 942 431 130
936 868 441 360
381 975 711 973
388 273 850 979
512 810 229 272
209 40 150 303
839 419 715 966
32 575 551 253
925 434 475 40
367 799 936 125
270 715 325 192
466 886 936 180
490 321 236 361
977 155 852 582
873 171 464 992
751 926 757 220
81 630 62 636
552 533 57 632
734 533 122 766
708 182 921 897
391 861 920 425
483 87 787 430
403 613 774 137
163 516 520 184
396 542 713 317
955 365 29 496
171 471 381 89
537 548 855 960
87 462 108 973
517 872 196 996
688 4 246 955
383 843 76 822
813 680 620 275
266 254 986 127
964 92 716 9
831 465 767 546
747 106 626 264
166 554 547 573
424 379 257 919
469 270 355 548
219 391 58 53
292 102 261 352
922 772 771 921
308 318 951 702
411 137 283 734
446 836 73 494
553 798 13 472
466 348 67 131
692 777 280 693
579 297 945 662
339 784 983 548
831 658 40 142
434 151 661 551
967 710 674 284
335 435 128 860
182 875 89 698
151 542 956 514
589 78 999 150
74 996 903 206
384 385 893 808
725 221 14 687
19 765 111 344
699 409 580 194
822 122 919 674
668 330 304 819
141 863 985 494
291 554 73 670
315 204 115 339
778 437 913 12
975 30 284 695
17 476 420 69
627 701 906 599
502 838 741 561
273 719 955 208
749 35 65 455
370 194 814 871
126 334 271 68
924 488 123 207
574 874 615 832
282 855 561 0
609 385 99 833
609 346 854 792
455 355 290 841
620 10 122 183
551 647 906 893
10 941 793 357
883 331 681 629
51 593 591 68
219 825 144 738
93 873 894 479
220 167 636 645
942 233 652 483
379 203 130 260
228 575 724 675
178 382 436 214
226 47 329 348
431 877 299 858
526 547 867 168
116 149 543 812
889 396 294 268
257 385 50 918
709 65 409 337
582 403 937 807
379 228 854 923
491 899 200 186
729 214 776 190
209 687 763 301
869 563 923 750
222 622 285 445
658 794 2 412
557 973 273 293
386 928 852 383
547 560 442 767
2 502 232 779
915 996 666 939
575 730 288 243
967 410 727 673
994 29 268 112
858 416 201 256
586 909 786 501
836 337 682 569
813 544 295 576
186 562 97 126
337 217 971 659
806 507 339 644
398 57 617 512
102 691 674 978
245 803 907 634
407 450 96 759
485 407 540 851
863 780 632 12
817 294 724 346
633 341 864 969
921 649 864 367
760 765 161 386
884 743 108 233
112 747 777 294
579 725 701 688
869 544 362 275
826 541 895 976
537 76 854 974
935 712 757 904
547 971 766 839
424 690 906 330
933 832 238 363
586 586 531 394
794 882 477 769
852 76 642 860
416 151 59 360
194 219 303 537
322 304 77 304
219 54 938 966
668 461 750 67
598 226 957 813
461 980 626 925
54 458 173 140
747 235 958 460
561 526 799 266
996 60 221 621
142 521 637 605
615 722 727 113
582 474 843 346
790 464 150 784
702 984 320 875
620 938 335 128
65 487 924 896
55 533 940 364
500
984 247 984 247
536 12 536 12
956 906 956 906
356 768 356 768
25 118 25 118
5 640 5 640
703 663 703 663
803 723 803 723
431 907 431 907
739 355 739 355
312 602 312 602
435 98 435 98
407 438 407 438
353 644 353 644
351 421 351 421
97 126 97 126
14 525 14 525
175 178 175 178
19 311 19 311
494 474 494 474
599 329 599 329
773 889 773 889
782 896 782 896
644 794 644 794
465 735 465 735
429 207 429 207
979 839 979 839
179 766 179 766
93 8 93 8
572 26 572 26
992 161 992 161
159 812 159 812
255 532 255 532
900 153 900 153
407 482 407 482
896 372 896 372
656 562 656 562
392 989 392 989
391 168 391 168
37 229 37 229
796 848 796 848
999 766 999 766
971 395 971 395
385 356 385 356
978 566 978 566
668 191 668 191
664 325 664 325
7 714 7 714
716 287 716 287
106 516 106 516
870 641 870 641
581 829 581 829
618 308 618 308
255 301 255 301
614 467 614 467
265 396 265 396
661 296 661 296
196 531 196 531
666 506 666 506
536 606 536 606
417 810 417 810
927 236 927 236
266 254 266 254
333 796 333 796
677 975 677 975
152 124 152 124
840 120 840 120
564 660 564 660
312 985 312 985
468 479 468 479
46 40 46 40
513 414 513 414
258 781 258 781
904 998 904 998
649 855 649 855
293 413 293 413
836 768 836 768
622 312 622 312
14 544 14 544
38 407 38 407
189 286 189 286
345 55 345 55
937 251 937 251
661 680 661 680
798 799 798 799
279 128 279 128
350 242 350 242
363 960 363 960
518 711 518 711
891 351 891 351
400 935 400 935
105 204 105 204
456 436 456 436
328 724 328 724
38 70 38 70
588 820 588 820
560 275 560 275
282 715 282 715
758 841 758 841
978 959 978 959
696 116 696 116
819 122 819 122
18 745 18 745
717 301 717 301
416 8 416 8
216 565 216 565
862 853 862 853
426 569 426 569
602 822 602 822
250 154 250 154
134 95 134 95
365 895 365 895
248 334 248 334
557 753 557 753
339 17 339 17
410 168 410 168
917 238 917 238
164 772 164 772
894 501 894 501
911 108 911 108
318 756 318 756
871 657 871 657
949 152 949 152
747 316 747 316
578 891 578 891
965 673 965 673
90 785 90 785
150 852 150 852
493 974 493 974
188 75 188 75
710 550 710 550
47 454 47 454
840 649 840 649
767 668 767 668
693 213 693 213
101 142 101 142
249 823 249 823
773 984 773 984
224 75 224 75
213 591 213 591
374 975 374 975
301 100 301 100
100 400 100 400
167 67 167 67
644 741 644 741
537 183 537 183
543 605 543 605
872 856 872 856
773 730 773 730
91 227 91 227
898 933 898 933
173 589 173 589
224 201 224 201
767 993 767 993
419 763 419 763
258 470 258 470
785 581 785 581
966 819 966 819
732 447 732 447
546 983 546 983
42 527 42 527
223 132 223 132
504 128 504 128
760 192 760 192
95 987 95 987
430 149 430 149
588 426 588 426
548 976 548 976
83 145 83 145
896 862 896 862
171 503 171 503
995 631 995 631
866 589 866 589
775 495 775 495
412 505 412 505
95 752 95 752
324 92 324 92
575 833 575 833
854 752 854 752
596 136 596 136
894 620 894 620
828 36 828 36
893 74 893 74
375 771 375 771
24 285 24 285
714 707 714 707
123 610 123 610
26 331 26 331
277 561 277 561
751 740 751 740
133 331 133 331
574 477 574 477
170 426 170 426
748 8 748 8
996 246 996 246
509 125 509 125
427 860 427 860
529 36 529 36
3 709 3 709
841 329 841 329
359 821 359 821
704 157 704 157
797 222 797 222
44 609 44 609
439 429 439 429
164 340 164 340
573 626 573 626
591 5 591 5
281 621 281 621
400 456 400 456
669 291 669 291
143 495 143 495
301 609 301 609
94 247 94 247
25 617 25 617
358 149 358 149
204 977 204 977
971 240 971 240
997 561 997 561
246 51 246 51
344 132 344 132
645 722 645 722
742 19 742 19
186 305 186 305
50 377 50 377
207 207 207 207
87 276 87 276
343 392 343 392
11 706 11 706
433 819 433 819
433 168 433 168
429 142 429 142
159 464 159 464
921 796 921 796
260 251 260 251
200 52 200 52
526 511 526 511
3 866 3 866
775 8 775 8
41 286 41 286
863 261 863 261
576 134 576 134
333 710 333 710
384 626 384 626
948 287 948 287
518 301 518 301
123 54 123 54
524 255 524 255
116 816 116 816
336 739 336 739
1 811 1 811
426 917 426 917
519 956 519 956
672 165 672 165
706 976 706 976
474 901 474 901
112 216 112 216
26 303 26 303
977 191 977 191
165 3 165 3
28 541 28 541
825 744 825 744
836 445 836 445
633 625 633 625
752 471 752 471
618 378 618 378
146 946 146 946
651 270 651 270
421 229 421 229
62 326 62 326
843 244 843 244
244 621 244 621
216 273 216 273
892 649 892 649
1000 640 1000 640
826 506 826 506
436 112 436 112
182 509 182 509
507 463 507 463
579 150 579 150
977 75 977 75
430 222 430 222
425 678 425 678
170 702 170 702
905 673 905 673
73 76 73 76
769 573 769 573
515 746 515 746
311 150 311 150
345 0 345 0
779 265 779 265
696 877 696 877
170 721 170 721
336 573 336 573
218 72 218 72
91 689 91 689
84 44 84 44
293 796 293 796
206 367 206 367
327 954 327 954
551 287 551 287
532 54 532 54
197 765 197 765
382 689 382 689
27 705 27 705
381 767 381 767
483 30 483 30
157 923 157 923
956 637 956 637
402 840 402 840
336 513 336 513
419 283 419 283
943 177 943 177
477 91 477 91
328 461 328 461
239 801 239 801
358 240 358 240
982 109 982 109
679 256 679 256
777 982 777 982
373 665 373 665
884 205 884 205
436 623 436 623
695 341 695 341
327 590 327 590
795 545 795 545
79 550 79 550
560 403 560 403
322 247 322 247
45 230 45 230
870 436 870 436
505 927 505 927
159 594 159 594
860 42 860 42
988 241 988 241
479 262 479 262
863 378 863 378
30 590 30 590
728 985 728 985
107 705 107 705
898 256 898 256
908 983 908 983
920 305 920 305
55 175 55 175
275 352 275 352
592 634 592 634
457 544 457 544
546 101 546 101
728 451 728 451
856 224 856 224
220 818 220 818
66 243 66 243
180 503 180 503
77 379 77 379
774 748 774 748
319 279 319 279
510 679 510 679
552 655 552 655
392 844 392 844
604 873 604 873
937 927 937 927
483 288 483 288
95 250 95 250
629 42 629 42
543 822 543 822
150 699 150 699
580 922 580 922
795 442 795 442
777 454 777 454
696 721 696 721
320 110 320 110
411 278 411 278
633 218 633 218
807 338 807 338
47 239 47 239
185 756 185 756
662 353 662 353
693 665 693 665
76 6 76 6
600 157 600 157
320 28 320 28
635 9 635 9
93 937 93 937
471 110 471 110
62 656 62 656
495 509 495 509
373 711 373 711
203 915 203 915
493 634 493 634
2 370 2 370
689 858 689 858
183 893 183 893
719 647 719 647
567 490 567 490
413 537 413 537
721 43 721 43
967 586 967 586
694 566 694 566
195 387 195 387
571 102 571 102
486 120 486 120
603 956 603 956
821 343 821 343
839 130 839 130
120 987 120 987
915 40 915 40
978 272 978 272
944 839 944 839
635 652 635 652
212 649 212 649
800 862 800 862
823 227 823 227
795 385 795 385
123 161 123 161
938 528 938 528
210 985 210 985
316 36 316 36
816 647 816 647
356 320 356 320
817 291 817 291
870 808 870 808
747 785 747 785
221 595 221 595
70 713 70 713
294 914 294 914
509 486 509 486
253 98 253 98
392 356 392 356
268 281 268 281
894 967 894 967
915 904 915 904
247 154 247 154
734 739 734 739
660 93 660 93
129 435 129 435
69 710 69 710
718 904 718 904
843 396 843 396
90 71 90 71
706 518 706 518
166 811 166 811
453 345 453 345
558 365 558 365
301 853 301 853
400 697 400 697
804 406 804 406
378 21 378 21
513 607 513 607
918 107 918 107
336 384 336 384
772 237 772 237
372 79 372 79
256 806 256 806
370 837 370 837
900 724 900 724
347 928 347 928
960 613 960 613
791 20 791 20
286 231 286 231
956 249 956 249
175 486 175 486
38 659 38 659
737 119 737 119
245 132 245 132
194 801 194 801
83 23 83 23
990 327 990 327
441 264 441 264
701 299 701 299
695 616 695 616
542 667 542 667
852 827 852 827
876 824 876 824
345 608 345 608
440 859 440 859
806 751 806 751
970 597 970 597
361 768 361 768
627 187 627 187
277 755 277 755
417 198 417 198
302 564 302 564
744 521 744 521
485 720 485 720
428 135 428 135
954 677 954 677
338 188 338 188
126 418 126 418
668 777 668 777
247 287 247 287
974 601 974 601
83 604 83 604
388 598 388 598
130 430 130 430
13 88 13 88
967 199 967 199
975 355 975 355
142 471 142 471
100 390 100 390
998 591 998 591
1000
757 92 588 236
490 98 142 323
169 37 453 565
657 790 112 57
622 316 468 756
142 754 401 783
268 369 320 446
280 243 843 145
977 874 666 467
57 933 45 46
336 796 840 757
101 811 239 3
321 154 120 429
831 417 733 307
850 674 286 746
903 319 81 412
655 892 53 600
656 283 609 307
985 0 686 180
563 68 22 801
625 489 674 411
449 432 401 910
463 24 323 931
337 485 513 903
631 469 97 861
237 256 553 639
623 376 884 53
19 363 819 312
811 514 898 534
31 607 241 645
384 509 827 338
413 269 785 907
508 19 583 846
78 424 471 232
895 131 13 257
186 419 839 93
874 517 415 723
940 739 90 164
800 382 985 566
308 967 408 794
150 499 422 754
407 720 224 794
134 977 281 573
220 368 966 617
702 106 208 224
122 158 98 891
633 235 417 981
24 469 743 99
934 847 119 734
566 543 319 90
91 424 457 899
66 769 452 645
423 698 370 593
323 316 105 215
381 495 791 351
886 981 179 223
951 472 875 763
590 462 695 359
249 538 434 940
537 67 42 554
638 110 718 280
897 524 429 8
606 125 64 181
411 353 741 500
1 295 221 926
72 510 490 632
381 985 584 224
121 781 445 648
691 63 561 139
545 136 101 7
717 866 154 54
881 546 162 213
424 535 112 390
583 780 825 434
89 839 48 613
65 122 356 168
155 424 140 149
918 486 999 11
417 830 558 715
306 299 200 691
77 782 43 211
807 429 129 376
789 830 117 389
754 828 338 260
851 916 5 494
513 568 177 760
471 883 513 125
772 81 558 74
667 518 307 26
680 935 742 665
435 260 193 765
913 784 469 853
713 667 565 263
672 935 553 72
116 616 250 491
719 293 199 31
595 686 728 53
932 880 83 660
251 185 295 327
348 645 481 35
719 428 277 49
737 785 578 897
757 864 38 487
725 652 552 657
982 393 384 529
284 738 116 610
603 144 300 801
587 416 616 575
673 378 977 223
310 52 978 553
552 224 190 792
765 435 552 911
500 546 393 387
835 255 291 508
503 946 370 448
710 866 322 749
67 632 299 295
222 348 487 709
202 516 700 89
418 404 929 956
103 816 845 12
18 250 50 692
582 209 550 212
56 892 995 309
178 317 321 631
831 917 624 681
598 932 745 494
901 621 601 257
861 431 779 578
734 984 818 75
611 395 964 89
28 432 236 736
554 60 434 64
256 984 26 106
866 610 444 962
190 812 731 280
892 294 756 904
162 448 762 215
968 496 765 27
160 250 920 172
304 457 795 902
680 586 126 125
875 725 801 100
709 96 397 860
639 560 118 347
197 245 780 660
406 698 825 886
278 370 818 781
452 55 851 860
900 659 359 856
839 180 92 936
477 939 413 653
339 356 870 271
794 208 802 759
764 974 574 589
642 73 258 102
627 370 848 160
413 346 224 669
459 761 731 576
509 808 407 565
167 156 7 123
822 34 183 434
411 28 770 234
686 898 506 553
983 497 212 924
940 180 807 928
761 86 669 891
264 644 468 44
532 620 662 489
969 914 542 475
52 225 995 855
150 997 106 278
261 411 827 757
112 909 973 608
311 148 130 855
330 291 521 1
58 310 356 740
401 784 689 417
420 24 38 41
671 27 201 79
649 795 365 709
239 145 443 57
854 744 69 24
171 469 195 734
191 587 372 844
838 491 190 772
375 786 706 666
275 155 581 135
590 912 344 152
926 586 829 742
398 9 621 702
147 940 693 181
439 22 897 329
941 264 821 404
505 767 998 533
69 46 48 697
298 700 417 17
956 369 783 55
530 308 181 587
912 572 473 366
639 347 500 144
543 27 470 817
211 776 924 151
562 690 338 332
566 126 463 273
193 510 801 433
778 883 568 298
245 209 474 219
973 854 677 664
554 96 898 611
609 169 51 55
127 887 350 427
123 547 349 804
964 132 460 108
853 410 269 93
27 298 834 285
630 892 221 847
263 467 792 592
930 16 173 622
174 507 898 867
697 355 21 32
680 437 136 323
741 614 234 205
8 735 560 614
639 726 531 653
412 320 210 306
71 949 821 154
488 839 785 58
693 588 527 638
397 621 699 270
500 578 175 92
690 240 857 92
641 823 849 278
930 767 96 763
995 951 704 444
348 280 938 102
81 836 414 812
154 958 799 755
864 504 471 273
729 79 570 997
549 74 179 496
164 557 878 234
133 81 548 255
658 98 993 991
142 479 850 146
973 277 943 303
393 597 579 778
885 445 760 15
687 272 651 58
664 577 836 168
538 589 456 66
306 827 270 635
263 47 130 951
54 644 427 601
140 37 478 462
342 778 83 239
13 378 8 323
601 962 684 403
288 967 157 713
397 420 528 606
438 188 200 658
626 844 326 231
906 600 37 732
799 973 956 255
170 867 454 289
847 133 843 629
427 419 261 312
401 554 509 59
764 101 994 182
331 568 704 161
686 213 962 580
237 650 124 275
407 852 479 390
202 771 504 211
671 576 822 314
566 332 631 474
990 602 787 527
48 506 760 596
512 633 252 744
850 156 322 829
288 702 423 678
442 290 888 960
9 961 558 359
337 218 856 690
637 809 196 425
950 499 989 210
483 414 989 354
789 133 497 620
273 822 320 805
889 380 782 318
33 221 69 440
419 874 926 11
211 993 70 604
240 615 503 949
60 57 504 961
134 559 713 134
517 965 597 590
538 6 357 263
726 767 111 270
219 902 315 979
344 974 543 333
585 987 731 675
333 190 897 816
595 923 900 311
469 862 698 114
68 185 978 742
659 209 0 371
451 112 574 753
867 585 75 464
32 888 87 885
487 7 267 933
265 21 700 503
895 229 578 414
197 101 361 629
708 230 601 123
740 231 763 984
645 856 622 446
127 923 380 158
882 84 101 762
136 756 955 41
757 77 856 486
387 943 773 378
852 377 434 355
375 770 82 372
270 847 477 393
955 67 678 463
589 367 774 775
530 133 366 771
415 616 802 581
46 585 897 780
487 631 596 595
394 23 177 437
772 284 583 257
716 569 169 764
815 330 204 19
154 147 998 28
326 638 399 514
834 122 199 894
79 335 487 889
895 668 164 889
474 145 890 604
926 585 383 30
37 931 747 461
125 315 147 187
23 141 157 896
142 419 809 474
507 870 578 61
828 333 130 476
635 158 88 517
870 570 265 114
510 642 364 580
160 954 934 267
935 626 163 749
182 557 374 957
543 557 77 777
332 49 8 546
524 956 544 744
452 651 407 613
83 262 266 697
144 246 293 947
370 618 811 623
442 673 872 954
225 780 649 863
732 931 582 75
558 944 899 715
719 736 734 24
668 210 704 905
862 862 779 339
911 96 959 44
998 24 366 172
997 13 144 19
772 582 359 129
225 724 850 356
821 818 91 999
338 1 22 192
396 752 972 286
334 474 202 489
235 94 474 289
745 503 304 866
462 452 787 729
467 333 545 348
447 524 423 444
410 181 536 66
143 630 407 464
492 308 922 489
509 682 55 361
416 271 859 175
487 785 761 100
347 958 327 793
418 445 959 466
608 100 381 556
848 159 662 183
827 122 955 862
586 260 856 143
463 896 645 533
230 631 173 996
257 629 902 340
988 254 965 966
145 853 137 639
453 768 409 785
184 998 673 629
602 988 961 380
989 743 442 385
647 740 970 456
960 114 224 894
333 731 225 751
741 828 113 656
882 302 415 642
935 842 559 179
396 49 847 87
210 878 36 232
986 103 492 795
489 330 809 326
817 177 363 668
875 241 817 991
51 174 125 723
164 469 446 731
712 140 801 377
798 78 220 259
729 94 310 103
469 761 173 313
870 464 837 586
478 730 15 692
676 866 547 370
141 530 407 39
671 73 417 134
476 133 87 405
504 582 19 546
103 572 346 647
751 962 599 686
141 540 711 554
202 321 507 184
690 509 1000 381
313 434 138 202
764 785 777 335
966 117 263 525
300 438 778 497
198 932 599 845
60 366 98 484
601 947 560 40
886 385 544 428
766 362 61 777
780 605 108 802
66 796 578 640
113 190 278 75
598 804 990 341
725 877 895 511
657 269 331 905
881 564 798 689
456 343 953 300
393 141 790 322
419 716 524 249
686 752 234 181
440 381 985 156
758 396 720 959
817 133 115 166
998 162 556 133
769 780 288 614
830 215 955 525
720 300 235 721
467 219 743 75
316 457 343 121
982 530 58 273
602 901 145 696
863 627 85 504
396 972 0 100
911 694 870 329
430 730 53 850
513 623 252 719
287 807 718 801
533 235 983 265
343 139 489 1000
978 629 763 830
115 778 74 444
573 966 84 449
304 845 205 191
737 86 464 80
75 601 407 650
945 473 223 428
415 4 43 852
707 579 449 168
247 7 450 820
817 632 324 648
545 895 906 521
461 727 147 437
618 974 721 40
964 710 48 975
538 912 857 252
380 535 347 385
154 560 15 339
896 590 534 681
839 289 604 467
459 97 831 123
272 969 316 568
506 778 627 148
376 855 652 911
260 57 579 668
469 105 174 723
522 646 953 719
168 590 28 251
621 506 274 483
825 982 956 4
451 634 317 935
366 846 448 139
283 888 54 465
374 192 662 954
255 51 393 618
131 47 118 551
554 30 267 949
424 227 291 239
716 788 702 703
200 411 544 617
684 433 728 947
774 406 357 236
212 192 417 261
683 131 337 56
996 966 790 611
838 234 227 715
794 669 871 570
568 881 219 975
248 455 759 447
53 729 186 409
434 249 250 196
220 18 750 493
847 456 105 380
728 927 513 617
530 444 511 252
692 94 718 590
135 483 419 352
439 213 452 336
478 405 638 918
619 85 541 159
509 22 307 397
418 170 371 304
504 606 674 397
618 953 649 376
598 224 815 438
441 680 777 248
777 859 358 49
885 278 431 232
473 513 824 735
134 605 142 718
66 474 692 241
185 817 517 520
37 220 942 735
143 622 294 762
660 533 240 363
787 235 806 257
111 354 566 524
353 402 984 142
596 628 288 902
947 431 567 463
567 294 235 677
679 540 375 923
797 802 370 684
464 398 137 209
837 391 679 79
929 556 50 815
22 596 605 470
278 166 91 575
375 812 332 218
702 66 307 509
378 980 713 620
289 57 397 548
339 888 170 365
338 539 732 361
121 91 343 415
816 389 912 252
633 947 263 422
238 179 462 899
76 601 338 184
619 505 374 695
6 91 402 487
139 139 895 900
214 250 952 832
170 558 35 262
463 79 759 239
151 899 506 981
668 381 218 184
37 380 366 209
132 155 77 763
431 833 110 52
400 990 997 504
275 275 651 591
586 741 511 927
49 194 494 828
683 990 67 346
996 309 916 489
96 912 970 725
769 982 733 251
476 678 209 373
274 940 314 15
233 832 704 801
4 185 819 225
123 168 278 423
946 259 546 538
435 89 80 336
201 933 697 239
207 777 67 738
854 395 244 399
416 730 735 156
735 652 934 412
386 600 993 368
847 8 274 5
612 939 314 289
263 401 728 846
589 656 11 584
880 661 482 698
70 211 662 35
293 991 879 959
756 638 773 997
525 25 556 842
176 377 23 800
943 57 802 279
290 822 31 638
154 738 463 477
896 315 432 617
882 934 29 691
704 592 70 859
3 846 861 47
809 426 210 636
627 805 748 423
201 827 317 231
360 813 401 286
80 902 746 172
78 473 138 512
4 492 975 491
390 934 40 738
271 420 917 735
851 501 612 970
210 661 501 467
420 593 310 525
729 286 517 618
664 782 638 890
238 458 78 914
543 401 767 34
130 96 363 390
302 808 906 589
480 932 220 621
71 816 596 779
578 278 215 127
312 262 58 801
120 394 561 51
870 157 338 680
330 176 619 46
14 782 115 283
972 550 558 609
366 809 875 875
601 753 718 305
892 465 958 963
478 585 154 888
972 694 979 84
868 708 119 298
21 783 681 950
847 516 285 961
106 128 350 849
440 977 366 145
739 267 650 416
483 125 189 409
482 749 562 96
340 169 982 641
917 288 340 5
840 512 923 864
477 59 485 433
299 104 19 4
959 338 569 89
60 582 924 41
968 232 333 165
48 597 640 75
804 439 474 544
44 125 564 585
180 180 845 404
941 95 444 140
704 113 948 133
109 233 71 882
863 960 503 407
122 105 552 702
936 264 787 713
427 164 785 445
929 399 121 632
629 247 5 430
856 116 137 317
852 893 537 264
472 781 404 220
778 575 53 332
560 791 539 235
12 119 632 455
623 881 60 932
707 566 19 212
756 84 466 830
171 935 985 487
105 704 85 218
345 427 463 507
310 271 546 889
214 350 972 678
340 461 454 421
371 641 116 725
874 660 997 713
261 148 207 573
270 509 637 553
301 596 231 316
774 238 273 228
341 683 90 650
734 668 170 314
134 504 799 582
746 766 542 750
480 693 514 461
915 324 507 404
305 279 932 360
286 76 306 489
255 176 889 791
59 625 877 923
666 972 951 530
49 394 67 701
957 598 364 814
111 161 737 125
235 153 696 91
30 156 859 669
774 888 712 558
832 971 399 452
156 534 754 709
942 853 799 114
600 912 551 23
482 492 954 131
563 334 199 488
569 257 318 426
933 280 802 578
697 281 100 505
773 998 274 402
723 504 390 729
415 824 309 283
833 203 904 98
544 873 194 724
244 993 376 509
604 776 354 387
477 660 229 170
14 314 566 83
994 240 692 926
301 909 768 625
547 78 9 678
755 843 27 655
889 276 634 925
970 907 716 95
930 145 44 510
55 251 486 752
666 298 304 472
980 286 837 704
279 251 947 928
624 831 277 352
526 985 755 487
354 638 356 200
252 215 980 652
516 300 669 175
534 537 859 639
25 829 506 473
635 647 549 380
517 62 955 558
424 563 7 385
661 516 213 193
79 572 746 162
871 231 125 951
85 914 372 827
266 0 257 246
388 821 575 931
414 605 834 982
989 670 54 686
751 447 815 897
256 395 854 706
92 607 484 196
152 380 329 9
990 969 93 730
54 803 487 246
703 843 678 311
513 849 820 948
669 497 632 934
429 33 339 523
183 189 849 206
249 621 433 331
857 992 708 896
363 550 471 799
182 811 205 57
126 803 629 310
870 356 189 147
594 406 664 743
329 405 768 86
766 915 44 792
320 494 237 795
45 840 84 448
929 334 19 22
838 499 712 347
402 637 139 630
197 681 811 771
78 216 871 112
281 58 203 220
199 793 19 57
911 985 741 364
535 366 157 70
673 756 118 207
679 584 731 391
32 291 206 758
249 101 726 316
668 705 81 186
449 750 598 490
611 315 519 181
67 519 14 195
532 112 820 923
913 456 499 156
130 989 959 467
181 343 621 163
811 410 961 49
216 937 210 197
941 191 305 468
960 626 864 585
224 465 881 897
156 189 589 264
223 423 298 160
390 46 277 169
322 442 841 726
956 972 174 894
901 804 641 310
553 614 820 446
614 693 422 241
234 916 467 598
789 577 954 542
826 969 502 720
110 477 992 11
718 23 874 765
331 723 349 918
741 213 306 631
604 103 943 429
742 546 809 174
387 532 886 46
586 126 898 951
138 336 215 836
298 2 43 361
739 868 154 96
403 844 735 304
135 407 647 400
510 720 947 184
818 232 824 494
456 189 709 874
827 961 448 902
711 188 724 518
402 58 923 661
129 89 821 260
264 991 574 734
836 170 391 914
206 321 259 801
148 22 473 616
385 743 719 937
866 712 802 529
712 844 692 866
775 138 398 368
990 776 575 364
946 765 973 18
471 394 738 736
224 358 473 29
529 993 65 953
351 582 5 551
782 226 744 801
843 4 149 370
756 445 989 6
865 114 180 212
294 684 861 473
381 66 434 321
255 449 107 292
833 595 494 914
137 573 890 345
519 617 788 363
906 579 264 827
674 693 921 165
724 776 516 570
805 789 652 26
734 631 682 987
707 889 660 435
919 424 691 75
999 353 960 294
81 690 169 426
589 824 125 14
104 850 856 203
266 190 148 932
72 748 13 648
585 365 171 62
408 90 958 359
548 551 165 210
481 653 295 602
309 555 350 313
591 50 523 364
596 217 16 623
18 792 908 843
962 13 512 25
707 338 415 447
7 368 280 160
344 625 557 567
330 67 319 483
772 825 268 659
939 638 789 125
50 704 911 362
65 181 135 618
340 200 223 204
895 883 871 652
14 105 512 915
979 159 280 41
569 580 219 825
11 591 147 672
711 844 242 445
846 293 205 422
888 464 868 808
521 32 160 176
648 552 789 931
961 226 341 432
580 762 865 777
449 84 135 171
957 153 930 106
714 330 33 960
717 713 960 819
39 262 386 241
198 792 523 321
421 671 250 28
308 881 889 574
103 830 241 882
70 982 517 255
56 530 906 317
188 909 501 140
655 79 807 768
781 418 599 190
850 662 101 330
553 346 745 800
295 114 315 212
959 786 677 58
382 113 746 31
520 860 742 255
685 405 55 668
667 885 943 123
754 247 222 182
243 804 34 856
698 479 351 168
657 370 740 806
65 145 981 925
88 220 754 734
924 875 253 780
416 781 269 492
369 632 737 119
901 674 846 536
263 990 456 456
7 616 746 880
379 298 636 78
88 238 82 25
622 852 413 528
447 197 26 234
366 255 295 320
534 291 993 49
69 788 678 698
293 420 523 977
934 988 674 478
588 432 515 676
821 502 588 223
198 259 791 184
186 661 80 516
293 185 9 904
388 705 448 748
551 238 526 524
645 274 374 374
705 170 159 18
618 159 800 936
152 485 950 833
10 243 975 585
124 652 547 279
355 746 344 498
866 668 847 79
597 170 324 429
440 374 729 189
40 493 670 940
777 585 638 109
580 428 879 488
907 16 69 837
967 508 464 84
175 448 516 548
327 509 985 365
332 439 105 662
757 531 31 319
317 894 248 758
841 129 753 499
402 288 511 445
263 141 194 164
722 658 980 452
632 530 430 201
623 725 721 960
21 774 674 154
528 611 302 205
341 578 190 664
264 605 825 553
301 669 758 397
876 126 634 134
943 718 148 759
822 560 542 958
334 311 91 134
848 966 402 211
992 330 467 212
636 651 972 326
1000
891 297 891 297
662 204 662 204
698 117 698 117
302 677 302 677
398 579 398 579
834 499 834 499
560 781 560 781
546 220 546 220
620 315 620 315
152 178 152 178
697 195 697 195
29 322 29 322
891 593 891 593
499 164 499 164
302 703 302 703
364 493 364 493
166 709 166 709
180 33 180 33
657 966 657 966
74 248 74 248
173 584 173 584
180 349 180 349
110 997 110 997
734 946 734 946
131 693 131 693
274 637 274 637
522 817 522 817
742 785 742 785
662 402 662 402
486 743 486 743
138 152 138 152
832 404 832 404
20 51 20 51
396 77 396 77
4 225 4 225
705 705 705 705
616 679 616 679
728 139 728 139
331 49 331 49
486 692 486 692
623 680 623 680
598 130 598 130
585 415 585 415
475 989 475 989
766 567 766 567
519 160 519 160
782 888 782 888
324 452 324 452
380 426 380 426
237 704 237 704
561 899 561 899
791 697 791 697
771 483 771 483
707 797 707 797
290 648 290 648
662 970 662 970
973 585 973 585
887 525 887 525
356 167 356 167
416 962 416 962
792 158 792 158
116 777 116 777
534 935 534 935
336 795 336 795
9 270 9 270
137 293 137 293
589 630 589 630
811 838 811 838
824 945 824 945
375 486 375 486
471 512 471 512
925 593 925 593
383 786 383 786
898 103 898 103
833 419 833 419
916 841 916 841
652 663 652 663
534 791 534 791
612 319 612 319
64 416 64 416
232 852 232 852
636 800 636 800
115 178 115 178
378 302 378 302
774 882 774 882
771 795 771 795
1000 746 1000 746
590 797 590 797
615 890 615 890
414 866 414 866
555 599 555 599
313 883 313 883
821 555 821 555
794 534 794 534
422 669 422 669
537 29 537 29
986 803 986 803
782 189 782 189
872 693 872 693
575 936 575 936
633 344 633 344
54 858 54 858
591 72 591 72
186 379 186 379
558 660 558 660
757 788 757 788
743 561 743 561
231 733 231 733
541 842 541 842
274 860 274 860
426 401 426 401
248 962 248 962
656 933 656 933
231 44 231 44
497 513 497 513
782 982 782 982
929 206 929 206
645 728 645 728
507 875 507 875
481 260 481 260
260 580 260 580
357 273 357 273
135 875 135 875
588 319 588 319
89 926 89 926
596 784 596 784
753 267 753 267
945 886 945 886
472 134 472 134
116 428 116 428
66 294 66 294
993 225 993 225
895 821 895 821
838 510 838 510
645 140 645 140
815 313 815 313
622 528 622 528
397 635 397 635
231 232 231 232
36 985 36 985
107 255 107 255
945 944 945 944
722 654 722 654
457 278 457 278
517 759 517 759
653 481 653 481
466 214 466 214
886 387 886 387
157 108 157 108
651 54 651 54
392 604 392 604
200 319 200 319
456 732 456 732
201 466 201 466
774 947 774 947
32 283 32 283
400 689 400 689
61 487 61 487
457 121 457 121
753 142 753 142
425 549 425 549
232 988 232 988
903 33 903 33
93 329 93 329
705 384 705 384
267 972 267 972
86 743 86 743
959 535 959 535
638 556 638 556
266 266 266 266
189 763 189 763
976 653 976 653
671 214 671 214
262 354 262 354
296 475 296 475
829 748 829 748
740 695 740 695
823 336 823 336
484 555 484 555
509 960 509 960
711 466 711 466
229 170 229 170
488 96 488 96
653 561 653 561
975 757 975 757
495 239 495 239
659 355 659 355
568 175 568 175
990 555 990 555
411 752 411 752
7 600 7 600
852 470 852 470
432 912 432 912
583 713 583 713
741 525 741 525
51 740 51 740
405 280 405 280
327 529 327 529
870 734 870 734
29 183 29 183
47 512 47 512
348 855 348 855
235 793 235 793
807 770 807 770
627 895 627 895
589 440 589 440
443 905 443 905
240 387 240 387
426 546 426 546
94 327 94 327
478 27 478 27
764 749 764 749
394 705 394 705
432 837 432 837
142 502 142 502
709 259 709 259
99 663 99 663
252 32 252 32
211 520 211 520
187 456 187 456
265 384 265 384
136 180 136 180
221 117 221 117
270 996 270 996
524 581 524 581
79 271 79 271
743 817 743 817
209 966 209 966
866 75 866 75
977 838 977 838
329 623 329 623
555 883 555 883
624 350 624 350
693 662 693 662
925 740 925 740
627 30 627 30
682 289 682 289
866 777 866 777
362 130 362 130
807 507 807 507
280 320 280 320
159 8 159 8
177 868 177 868
683 379 683 379
952 940 952 940
928 499 928 499
167 893 167 893
276 499 276 499
647 136 647 136
844 779 844 779
820 281 820 281
101 161 101 161
698 309 698 309
257 855 257 855
842 61 842 61
871 267 871 267
705 885 705 885
813 867 813 867
826 233 826 233
793 429 793 429
680 481 680 481
696 400 696 400
786 655 786 655
299 736 299 736
90 425 90 425
107 288 107 288
448 825 448 825
946 230 946 230
935 621 935 621
139 58 139 58
369 45 369 45
129 903 129 903
861 601 861 601
203 695 203 695
102 139 102 139
319 249 319 249
814 144 814 144
421 53 421 53
782 902 782 902
899 263 899 263
243 320 243 320
612 473 612 473
343 380 343 380
179 933 179 933
276 275 276 275
939 212 939 212
755 630 755 630
514 98 514 98
308 658 308 658
220 665 220 665
108 512 108 512
423 803 423 803
204 319 204 319
391 61 391 61
381 598 381 598
518 440 518 440
946 839 946 839
254 787 254 787
41 184 41 184
693 267 693 267
898 445 898 445
573 961 573 961
21 935 21 935
827 542 827 542
324 698 324 698
714 59 714 59
579 890 579 890
766 901 766 901
510 557 510 557
51 530 51 530
337 605 337 605
949 666 949 666
623 878 623 878
468 345 468 345
769 712 769 712
627 785 627 785
686 281 686 281
646 824 646 824
578 193 578 193
603 939 603 939
409 336 409 336
59 862 59 862
990 862 990 862
885 156 885 156
236 30 236 30
94 438 94 438
932 659 932 659
151 380 151 380
644 511 644 511
283 81 283 81
880 499 880 499
91 228 91 228
329 517 329 517
213 500 213 500
60 311 60 311
784 488 784 488
886 723 886 723
954 217 954 217
256 956 256 956
982 516 982 516
586 738 586 738
75 280 75 280
399 464 399 464
357 478 357 478
346 530 346 530
711 358 711 358
33 124 33 124
301 540 301 540
352 941 352 941
717 789 717 789
146 56 146 56
127 183 127 183
801 140 801 140
403 744 403 744
442 886 442 886
667 239 667 239
415 533 415 533
593 642 593 642
367 941 367 941
433 762 433 762
386 128 386 128
297 96 297 96
467 291 467 291
48 595 48 595
751 1000 751 1000
765 974 765 974
675 814 675 814
899 180 899 180
703 173 703 173
772 694 772 694
88 985 88 985
93 411 93 411
372 273 372 273
249 940 249 940
823 209 823 209
818 842 818 842
343 970 343 970
238 191 238 191
273 680 273 680
125 589 125 589
413 320 413 320
79 643 79 643
808 192 808 192
66 367 66 367
288 425 288 425
119 335 119 335
116 937 116 937
429 165 429 165
855 306 855 306
464 494 464 494
31 450 31 450
303 631 303 631
908 161 908 161
187 291 187 291
774 380 774 380
926 696 926 696
584 148 584 148
677 701 677 701
524 693 524 693
883 659 883 659
991 725 991 725
578 625 578 625
684 780 684 780
165 631 165 631
609 789 609 789
319 777 319 777
921 7 921 7
295 338 295 338
194 413 194 413
656 193 656 193
30 178 30 178
508 842 508 842
781 451 781 451
619 479 619 479
749 326 749 326
532 482 532 482
824 770 824 770
428 759 428 759
159 107 159 107
465 886 465 886
632 316 632 316
587 514 587 514
246 932 246 932
592 528 592 528
198 552 198 552
7 686 7 686
409 857 409 857
262 512 262 512
864 681 864 681
340 398 340 398
27 178 27 178
632 116 632 116
898 914 898 914
330 607 330 607
382 666 382 666
643 888 643 888
951 344 951 344
649 251 649 251
429 796 429 796
208 327 208 327
163 494 163 494
385 264 385 264
786 451 786 451
748 853 748 853
539 588 539 588
951 65 951 65
793 78 793 78
496 828 496 828
73 270 73 270
961 332 961 332
460 630 460 630
788 883 788 883
146 137 146 137
627 351 627 351
270 78 270 78
826 611 826 611
542 958 542 958
600 321 600 321
601 205 601 205
81 759 81 759
409 134 409 134
309 614 309 614
330 528 330 528
772 804 772 804
457 910 457 910
50 822 50 822
870 975 870 975
929 941 929 941
396 559 396 559
205 71 205 71
746 979 746 979
263 746 263 746
234 729 234 729
953 296 953 296
309 666 309 666
206 597 206 597
978 159 978 159
981 671 981 671
31 585 31 585
939 631 939 631
666 90 666 90
206 70 206 70
769 194 769 194
894 74 894 74
289 789 289 789
195 56 195 56
718 961 718 961
955 738 955 738
855 408 855 408
983 85 983 85
754 263 754 263
887 692 887 692
621 307 621 307
112 880 112 880
278 917 278 917
722 685 722 685
645 119 645 119
117 213 117 213
836 911 836 911
693 83 693 83
30 213 30 213
722 303 722 303
132 774 132 774
95 291 95 291
636 886 636 886
683 278 683 278
787 399 787 399
114 227 114 227
957 69 957 69
589 498 589 498
345 641 345 641
362 763 362 763
147 929 147 929
49 223 49 223
618 298 618 298
953 653 953 653
668 429 668 429
127 651 127 651
8 801 8 801
628 796 628 796
196 824 196 824
193 915 193 915
980 966 980 966
3 677 3 677
800 948 800 948
109 343 109 343
788 528 788 528
48 622 48 622
167 118 167 118
129 474 129 474
906 358 906 358
797 906 797 906
778 748 778 748
830 19 830 19
372 804 372 804
827 749 827 749
943 121 943 121
46 130 46 130
846 710 846 710
271 545 271 545
868 760 868 760
620 469 620 469
480 299 480 299
14 765 14 765
237 851 237 851
749 412 749 412
934 383 934 383
45 716 45 716
295 422 295 422
421 223 421 223
726 703 726 703
296 64 296 64
568 574 568 574
681 873 681 873
781 547 781 547
917 994 917 994
753 814 753 814
869 482 869 482
494 919 494 919
658 701 658 701
515 600 515 600
50 734 50 734
605 758 605 758
281 323 281 323
210 737 210 737
781 755 781 755
176 532 176 532
246 571 246 571
793 176 793 176
853 426 853 426
54 878 54 878
980 271 980 271
179 71 179 71
595 412 595 412
24 920 24 920
100 476 100 476
928 268 928 268
1 69 1 69
744 714 744 714
475 658 475 658
157 512 157 512
566 896 566 896
465 931 465 931
197 404 197 404
805 157 805 157
678 585 678 585
730 746 730 746
829 218 829 218
660 359 660 359
760 168 760 168
446 952 446 952
440 90 440 90
25 491 25 491
672 563 672 563
963 412 963 412
342 396 342 396
224 413 224 413
31 830 31 830
357 288 357 288
146 470 146 470
260 77 260 77
79 498 79 498
402 17 402 17
22 1 22 1
909 742 909 742
707 647 707 647
259 886 259 886
129 992 129 992
700 334 700 334
964 206 964 206
855 175 855 175
220 860 220 860
550 564 550 564
11 390 11 390
579 120 579 120
892 385 892 385
648 184 648 184
291 582 291 582
829 42 829 42
807 669 807 669
932 598 932 598
66 823 66 823
555 248 555 248
487 84 487 84
497 337 497 337
164 595 164 595
773 550 773 550
459 92 459 92
777 955 777 955
365 841 365 841
366 901 366 901
89 107 89 107
452 182 452 182
854 592 854 592
128 895 128 895
798 696 798 696
363 752 363 752
96 36 96 36
955 561 955 561
496 892 496 892
281 755 281 755
203 590 203 590
230 974 230 974
300 815 300 815
0 560 0 560
560 127 560 127
699 301 699 301
113 969 113 969
915 498 915 498
127 566 127 566
834 436 834 436
274 92 274 92
517 852 517 852
238 877 238 877
190 53 190 53
215 395 215 395
838 635 838 635
670 141 670 141
244 770 244 770
518 87 518 87
559 393 559 393
749 947 749 947
69 300 69 300
822 225 822 225
784 102 784 102
381 434 381 434
543 474 543 474
413 690 413 690
947 628 947 628
63 207 63 207
460 241 460 241
76 476 76 476
624 345 624 345
900 104 900 104
538 789 538 789
613 679 613 679
933 507 933 507
384 472 384 472
189 206 189 206
923 260 923 260
476 846 476 846
664 571 664 571
425 80 425 80
980 740 980 740
424 35 424 35
375 744 375 744
739 655 739 655
512 563 512 563
770 538 770 538
95 446 95 446
354 109 354 109
332 501 332 501
594 498 594 498
238 830 238 830
415 222 415 222
137 4 137 4
114 361 114 361
212 942 212 942
585 602 585 602
770 978 770 978
716 402 716 402
326 314 326 314
428 828 428 828
874 713 874 713
385 535 385 535
355 862 355 862
184 913 184 913
815 38 815 38
727 137 727 137
172 333 172 333
764 96 764 96
362 709 362 709
973 549 973 549
959 479 959 479
634 845 634 845
105 842 105 842
715 633 715 633
69 101 69 101
880 522 880 522
770 195 770 195
89 119 89 119
385 510 385 510
729 274 729 274
860 890 860 890
567 991 567 991
453 281 453 281
6 669 6 669
383 885 383 885
856 531 856 531
983 219 983 219
482 697 482 697
732 552 732 552
595 944 595 944
286 817 286 817
218 528 218 528
748 99 748 99
229 650 229 650
783 928 783 928
913 460 913 460
804 459 804 459
440 812 440 812
472 363 472 363
670 197 670 197
84 421 84 421
241 716 241 716
161 158 161 158
875 281 875 281
65 586 65 586
226 92 226 92
759 953 759 953
974 689 974 689
168 596 168 596
894 814 894 814
314 478 314 478
758 671 758 671
172 943 172 943
482 664 482 664
981 457 981 457
899 699 899 699
38 326 38 326
588 617 588 617
539 270 539 270
624 930 624 930
700 675 700 675
30 814 30 814
275 693 275 693
730 341 730 341
365 805 365 805
8 36 8 36
835 513 835 513
663 492 663 492
821 315 821 315
645 615 645 615
555 679 555 679
572 421 572 421
930 408 930 408
972 781 972 781
336 399 336 399
428 123 428 123
21 223 21 223
498 934 498 934
176 990 176 990
355 443 355 443
422 940 422 940
158 152 158 152
870 687 870 687
562 912 562 912
369 259 369 259
476 723 476 723
332 644 332 644
592 134 592 134
602 275 602 275
473 111 473 111
156 824 156 824
765 394 765 394
889 77 889 77
575 696 575 696
859 803 859 803
19 75 19 75
650 192 650 192
348 74 348 74
283 477 283 477
501 804 501 804
335 929 335 929
292 46 292 46
377 831 377 831
887 5 887 5
285 250 285 250
758 619 758 619
488 600 488 600
314 258 314 258
869 159 869 159
666 537 666 537
919 606 919 606
229 156 229 156
578 892 578 892
885 225 885 225
825 605 825 605
343 829 343 829
221 487 221 487
731 900 731 900
665 567 665 567
88 24 88 24
38 468 38 468
240 826 240 826
49 114 49 114
395 951 395 951
917 634 917 634
375 215 375 215
888 700 888 700
661 49 661 49
957 154 957 154
526 838 526 838
798 740 798 740
957 560 957 560
351 408 351 408
770 362 770 362
325 12 325 12
465 99 465 99
359 77 359 77
576 924 576 924
990 805 990 805
932 556 932 556
518 104 518 104
371 159 371 159
433 454 433 454
14 142 14 142
830 604 830 604
246 122 246 122
681 373 681 373
945 34 945 34
2 697 2 697
437 109 437 109
265 441 265 441
313 135 313 135
16 920 16 920
301 572 301 572
174 161 174 161
2 804 2 804
436 235 436 235
827 777 827 777
736 124 736 124
182 310 182 310
740 337 740 337
996 341 996 341
149 748 149 748
798 503 798 503
598 256 598 256
5 419 5 419
648 277 648 277
164 681 164 681
853 146 853 146
362 61 362 61
574 409 574 409
446 466 446 466
397 986 397 986
313 320 313 320
633 867 633 867
508 694 508 694
739 224 739 224
921 528 921 528
515 762 515 762
973 89 973 89
712 309 712 309
55 871 55 871
456 243 456 243
368 275 368 275
845 627 845 627
920 891 920 891
89 68 89 68
978 436 978 436
371 210 371 210
225 900 225 900
990 300 990 300
401 646 401 646
698 680 698 680
214 98 214 98
282 405 282 405
195 563 195 563
207 860 207 860
572 793 572 793
596 62 596 62
730 232 730 232
563 991 563 991
72 300 72 300
867 335 867 335
136 899 136 899
48 297 48 297
9 381 9 381
251 638 251 638
4 628 4 628
87 211 87 211
299 950 299 950
640 904 640 904
132 425 132 425
203 564 203 564
582 962 582 962
867 124 867 124
514 993 514 993
277 61 277 61
819 465 819 465
888 188 888 188
897 582 897 582
164 798 164 798
435 156 435 156
213 544 213 544
831 187 831 187
98 356 98 356
675 357 675 357
190 606 190 606
431 780 431 780
206 339 206 339
915 292 915 292
152 839 152 839
853 248 853 248
133 369 133 369
878 997 878 997
481 961 481 961
589 959 589 959
978 679 978 679
945 399 945 399
872 35 872 35
286 731 286 731
273 586 273 586
796 410 796 410
679 960 679 960
229 558 229 558
346 960 346 960
899 721 899 721
749 811 749 811
556 78 556 78
214 530 214 530
664 147 664 147
615 382 615 382
478 148 478 148
8 676 8 676
602 177 602 177
925 71 925 71
439 633 439 633
744 903 744 903
886 376 886 376
518 999 518 999
212 207 212 207
178 172 178 172
588 459 588 459
12 241 12 241
809 695 809 695
43 544 43 544
725 979 725 979
666 749 666 749
140 631 140 631
807 886 807 886
409 132 409 132
503 663 503 663
37 290 37 290
552 789 552 789
75 334 75 334
448 929 448 929
894 185 894 185
919 273 919 273
40 391 40 391
441 715 441 715
351 338 351 338
753 427 753 427
888 326 888 326
790 765 790 765
820 918 820 918
364 988 364 988
675 394 675 394
150 138 150 138
85 514 85 514
407 568 407 568
731 702 731 702
586 635 586 635
335 334 335 334
657 782 657 782
63 337 63 337
956 604 956 604
472 115 472 115
591 675 591 675
0

