24
96 65 10 3
72 84 9 1
15 4 17 4
82 39 17 4
38 83 4 3
55 52 5 1
12 41 1 2
95 65 12 3
74 49 24 2
73 87 17 1
90 57 20 4
99 45 29 2
72 34 10 4
26 72 29 4
53 1 24 2
31 65 16 4
62 27 7 3
85 79 10 2
69 16 19 3
89 86 14 2
39 67 27 1
90 95 7 1
16 66 16 1
32 94 18 3
12
0 0 12 3
22 0 10 4
0 20 8 2
40 0 8 3
0 36 8 4
58 0 10 2
0 53 9 3
73 0 5 4
0 65 3 2
85 0 7 3
0 73 5 4
97 100 16 2
24
53 100 24 3
45 87 30 2
78 18 30 1
42 69 28 4
52 63 4 1
95 75 24 4
81 69 26 4
18 29 10 2
47 53 18 1
50 38 23 2
69 40 24 2
97 52 1 2
83 26 19 3
17 51 25 1
99 0 18 4
59 23 9 3
20 14 8 1
44 36 16 2
49 18 14 1
19 56 22 3
14 75 1 3
99 86 6 4
67 84 15 4
10 86 13 3
6
2 76 6 4
16 76 6 4
30 76 6 4
1 3 6 4
12 3 6 4
23 3 6 4
24
21 23 12 2
87 81 9 1
56 30 29 3
71 58 16 3
11 63 28 4
34 46 5 4
57 13 1 4
38 16 15 1
91 8 23 3
10 98 14 2
66 4 8 4
87 58 10 1
72 34 25 3
66 8 1 2
19 46 25 1
1 57 25 1
74 28 10 1
4 63 21 4
73 46 15 3
80 93 21 2
35 17 20 3
86 27 16 4
30 68 27 2
80 92 18 2
24
69 37 21 1
11 58 12 3
7 78 8 2
66 54 28 2
11 5 8 1
14 90 26 4
11 42 3 4
19 22 8 3
5 68 24 4
26 98 4 3
82 29 19 1
64 13 18 4
27 21 15 2
12 36 26 2
66 6 26 1
67 33 22 1
37 79 26 3
64 94 1 4
44 100 15 2
12 68 23 3
96 92 14 3
79 33 29 2
83 39 2 1
92 60 26 4
24
1 43 7 1
21 43 8 3
81 63 10 4
61 43 7 3
1 83 9 2
81 43 10 1
61 23 5 2
1 23 9 4
1 63 5 2
61 63 8 1
21 23 6 3
21 63 9 1
81 23 10 1
21 83 8 4
81 3 6 3
41 83 10 1
41 23 6 2
41 63 10 4
41 43 6 2
1 3 10 3
61 83 5 4
61 3 10 2
41 3 9 4
21 3 10 3
24
21 100 25 3
27 3 5 2
94 56 9 2
28 35 17 4
18 11 22 2
49 55 30 4
65 74 24 4
26 48 22 1
51 38 21 1
91 22 4 3
97 36 16 4
1 3 18 3
1 73 8 1
16 8 14 1
73 73 5 1
8 36 15 3
20 20 16 2
42 57 8 3
90 17 1 2
84 55 17 1
66 9 4 2
52 93 8 3
26 36 5 4
56 56 14 4
24
10 44 1 2
66 60 24 1
78 6 3 1
16 42 11 3
5 68 24 2
19 98 13 4
35 48 5 4
32 33 13 3
93 5 23 4
97 64 20 4
74 1 7 2
47 15 9 4
12 98 19 2
15 29 17 2
48 39 18 3
76 98 1 3
83 20 2 1
14 27 11 3
71 9 4 2
45 32 8 1
43 55 25 1
44 29 27 3
25 75 27 1
47 91 7 4
4
47 50 30 1
59 59 15 1
21 50 4 1
47 24 4 1
24
0 4 6 3
80 24 8 3
80 44 8 2
0 44 7 4
0 24 8 4
60 4 10 1
20 4 5 2
80 4 6 2
80 64 5 2
40 24 5 3
40 64 6 4
40 44 9 3
20 64 5 3
20 44 6 4
20 24 5 2
60 64 8 4
60 44 8 2
60 24 10 1
0 64 9 4
40 4 5 3
0 84 9 1
0 84 8 1
0 84 7 1
0 84 10 1
24
99 54 26 4
85 37 12 2
65 84 14 1
27 30 27 4
53 19 26 2
98 52 24 1
100 25 1 4
51 59 2 2
82 81 6 3
89 89 18 1
4 22 27 2
98 95 5 3
71 4 2 4
10 38 23 1
8 64 30 1
32 91 6 3
6 66 10 4
20 46 30 3
93 64 2 2
48 80 5 4
18 23 6 1
84 26 10 3
36 43 8 3
49 69 7 2
1
46 55 70 2
8
17 66 53 3
17 66 53 4
17 66 53 4
17 66 53 2
17 66 53 3
17 66 53 1
17 66 53 2
17 66 53 1
24
91 63 15 1
98 10 14 4
14 15 21 1
57 88 3 1
58 41 18 2
33 1 27 2
2 88 5 1
51 68 22 1
84 98 3 3
27 85 16 2
78 81 10 3
31 78 24 4
95 54 13 4
99 60 18 2
66 8 16 3
96 100 26 3
53 65 18 2
79 37 4 4
15 38 19 3
55 69 14 4
76 40 5 4
48 74 9 2
83 36 29 1
85 32 30 3
24
68 58 29 4
84 2 29 4
63 47 2 2
38 86 21 3
42 20 29 1
62 60 12 2
17 22 27 2
91 64 7 3
21 79 16 2
60 66 27 3
45 25 15 4
68 70 13 2
74 99 20 4
69 7 14 1
88 97 26 3
32 86 21 3
5 92 1 1
93 19 5 1
88 60 18 4
21 62 4 4
28 56 11 2
88 57 16 3
10 14 30 1
60 28 6 1
6
0 1 3 1
12 10 12 2
17 22 1 3
29 38 19 1
41 54 1 2
47 62 9 3
16
97 76 6 1
97 76 7 3
97 76 9 4
97 76 11 2
97 76 16 1
97 76 21 3
97 76 23 4
97 76 28 2
97 76 33 1
97 76 35 3
97 76 38 4
97 76 43 2
97 76 47 1
97 76 52 3
97 76 57 4
97 76 58 2
24
28 10 11 2
65 66 7 3
78 38 23 3
12 54 1 1
52 11 7 3
66 99 21 2
93 76 13 2
2 65 18 4
33 44 17 3
39 96 6 1
47 84 4 2
54 28 27 4
58 89 11 4
46 29 10 1
19 71 2 4
71 63 13 3
27 60 9 1
32 35 4 2
44 68 14 4
79 53 4 2
73 39 21 4
11 53 9 1
40 50 19 3
94 65 23 1
2
33 0 13 2
65 100 92 2
0
