1 0
1 1
2 0
2 1
2 2
2 3
3 0
3 1
3 2
3 3
3 4
3 5
3 6
3 7
4 1
4 5
4 9
4 13
5 1
5 6
5 11
5 16
6 1
6 7
6 13
6 19
7 1
7 8
7 15
7 22
8 1
8 9
8 17
8 25
9 1
9 10
9 19
9 28
10 1
10 11
10 21
10 31
11 1
11 12
11 23
11 34
12 1
12 13
12 25
12 37
13 1
13 14
13 27
13 40
14 1
14 15
14 29
14 43
15 1
15 16
15 31
15 46
4 14
4 10
4 6
4 2
5 30
5 25
5 20
5 15
6 62
6 56
6 50
6 44
7 126
7 119
7 112
7 105
8 254
8 246
8 238
8 230
9 510
9 501
9 492
9 483
10 1022
10 1012
10 1002
10 992
11 2046
11 2035
11 2024
11 2013
12 4094
12 4082
12 4070
12 4058
13 8190
13 8177
13 8164
13 8151
14 16382
14 16368
14 16354
14 16340
15 32766
15 32751
15 32736
15 32721
4 8
5 16
6 32
7 64
8 128
9 256
10 512
11 1024
12 2048
13 4096
14 8192
15 16384
5 16
5 8
5 29
5 0
5 9
5 14
5 5
5 0
5 0
5 4
5 14
5 26
5 0
5 0
5 31
5 14
6 56
6 54
6 28
6 21
6 7
6 16
6 60
6 25
6 48
6 60
6 6
6 26
6 38
6 31
6 0
6 30
7 124
7 49
7 1
7 80
7 103
7 93
7 121
7 46
7 94
7 104
7 100
7 4
7 24
7 34
7 2
7 22
8 46
8 224
8 184
8 185
8 240
8 218
8 67
8 197
8 128
8 0
8 171
8 130
8 90
8 104
8 164
8 90
9 98
9 285
9 104
9 264
9 118
9 464
9 496
9 200
9 245
9 84
9 449
9 73
9 65
9 182
9 25
9 40
10 99
10 788
10 420
10 550
10 10
10 426
10 754
10 840
10 343
10 963
10 640
10 142
10 752
10 868
10 826
10 700
11 41
11 1616
11 1760
11 1959
11 534
11 87
11 349
11 647
11 385
11 1280
11 998
11 26
11 1351
11 706
11 1430
11 1196
12 1562
12 2106
12 3558
12 2204
12 3280
12 593
12 35
12 3466
12 137
12 1462
12 3303
12 510
12 4093
12 3590
12 1984
12 2333
13 7322
13 6841
13 1154
13 1642
13 6848
13 4827
13 3618
13 3466
13 2200
13 1690
13 5845
13 7680
13 6308
13 4552
13 3182
13 2628
14 3992
14 12532
14 11785
14 11502
14 470
14 15021
14 11850
14 4151
14 13046
14 6024
14 7728
14 6782
14 3072
14 13093
14 12939
14 10778
15 25294
15 9796
15 27160
15 1522
15 8666
15 2278
15 20138
15 13078
15 23772
15 32328
15 10482
15 19878
15 11766
15 20432
15 29632
15 4941
0 0
