100
11133344455667788999988766644322110000
111233555678888999887532000
27451278486547965416472177068530808
47756280410874074142136322902830693394852978
1111112222233334555555566677788999999988888776666554322211000000
1682
1224458997610
1112223344555666788899999998877666666544433322110000000000
1111112345555666788889999999998887776555555444333333211000
467996100
12345567889998777666665443100000
479564547204147972873680
42050699240573654207348472911009036706217739
12233444666669997776554443321100000
2222233456777889998886544333222110
10
31071560583788463722609152857687341748
340823924582
124456789977753
6634132022126498279589160196911738
1123455677999877666554443322210000
105535389978076676
396067547809644079
1266896655552200
4522190525121937143399833107052483308910362702406795793749921674356574
1122233333445556677888999998866555444444332211100
40771665575424898338959409
112223334455566677788888899987666555544433322210000
50650015301184290636049504275405978355889296856324091342116624739
1112334477888899876544433210000
36547
1904182392690120379132798836640345520660981249812003612
2498
11223444455666678999999888776666655444443322211111000000
8643236159870592153882014733588438227544820822622150153098908748709
3251078720740230435155809714337723249552022
578556068119501972599335021442
1204700054082582658
478355884516446003069625292238748374100389985779967066444690802918
13344566999977764422210
111234444777778999888777666666554433322222111000000
225
1336677899754442210
22456679776665210
598355294309534916942287809830845926045529855842
1112223333334566777999999888776666666555544443322222211110000
1223445556667777788899998888766555544443333333322211111000000000
30942941050388230936559175483896470715796441780933112548113
2222444566666677778899999887777766555544333322221100000
3363995298580268729458243446147650070220598159959386222370488507
111344455666788999988775443332221100
1122222233344555667777777888999999999887777666666665554333332222111000
22222333445555677888888889999975555444444443333221111100000000
11840383541021111701887602381848161955956633851157432588362602381
1414582731429432
1222333455555666777888889999999888887655554433322222221111100000
69487
26831
111111111113333344445566677778889999999766655533322211110000000
112445799999988866332100000000
217913162575189456185006440799258241094322147680826077091
11111222334445555566777888888999999977766665333333222211000
4885785107969674954
449257709964111872896825662182821887
1112223334444566667777778889999999998888766666655553322111000000000
53056
95478590899143
11123444555555666777888999988887777666654443322111100000000
33
9649640314240081636163
82839380526869131500524131
437150122886453144764023990702099131841997923295127
1111222223344445566688899999866554444433222221110000000
11122344456678999888877777666554443332210000000
268266145711456686103409827546149305145448060668110073781
4455677778889997766654331
6649700986368456014249448371749460374777869
51541111142519980528969892
40721953359141761058403318981782777341932160033314660039938781206344
80518648934223516532337422066249566
932338337244877569091771847110191325491052393098231767164
112223445677999887777766555422221110000
1111333344555666778999886655543332221100000
1222222333334444566677789999997776666555555544422221100
64716989635333361945727779709162613
8245334257406956
1199697721842113028810555797224343826983952218725528755911683053
84525463969755859950932084312052619278
1133444455667777889999986665444322211100000
23345667888877665544322110000
4023154999547982285229583491058468743499265
228745569385862686646327557907133143795269455280706461036383
13445556778899888887776644444321000
112222233455677788889977666655554443222211100000
11111233345556778889999888777766655554433222111100000
11223334447998776666554300
2467888966320
212724288159896441785289260815832
95107980832934688190506995714376785685438818019311981
11122233333444455566667778899999877666554443333211110000
