5 3
2 3 1 5 4
helol
16 804289384
13 10 2 7 8 1 16 12 15 6 5 14 3 4 11 9
scssoet tcaede n
8 12
5 3 4 2 1 8 6 7
encoded?
80 9699690
73 70 68 10 14 30 43 38 44 28 15 25 62 63 59 4 47 8 54 80 46 76 56 53 40 32 51 13 48 41 64 6 33 58 20 57 66 17 1 52 72 31 24 65 12 37 26 71 75 39 61 2 16 78 23 55 67 60 35 27 36 34 45 49 29 79 7 19 42 21 11 18 50 69 74 5 9 3 22 77
mludfykgruowzgiooobppleqlwphapjnadqhdcnvwdtxjbmyppphauxnspusgdhiixqmbfjxjcvudjsu
80 9699690
79 75 33 5 18 78 45 10 16 11 51 35 17 55 49 70 65 38 64 50 42 30 54 25 34 22 12 21 1 68 44 53 56 14 61 29 27 19 58 71 13 57 63 80 46 59 4 77 37 6 15 36 60 31 40 3 47 67 39 23 73 41 76 74 72 28 8 26 69 62 24 48 7 20 32 2 9 66 52 43
kskfojnewxgxnnofwltwjwnnvbwjckdmeouuzhyvhgvwujbqxxpitcvograiddvhrrdsycqhkleewhxt
80 9699690
71 20 32 54 26 65 11 17 49 77 41 64 9 68 10 75 23 5 3 6 25 52 69 53 78 57 80 44 34 19 29 56 8 70 4 1 24 2 48 66 74 36 21 60 47 61 15 58 13 39 46 51 73 22 67 14 18 33 37 27 79 45 28 50 38 16 12 31 55 30 35 72 7 40 62 63 59 42 43 76
zjchpdnlunmppnlgjznkewwuysgefonexpmmsbaopmdgzqmkqzxuvtqvnxbslqzkglzamzpdnsjolvyb
80 9699690
36 25 14 31 35 7 37 43 70 47 53 80 20 15 55 54 17 68 52 78 64 58 21 38 12 46 11 18 51 13 19 61 39 76 48 8 71 30 29 56 23 62 69 72 1 57 40 41 24 77 60 63 26 4 33 27 9 79 32 5 2 66 45 65 3 42 50 74 16 67 6 22 75 59 10 73 34 49 44 28
hrynqxqqmlfotpqhvokiiammqmvxjvbsoaifzyxnjcberrnmixxsyjhovengbpyqrixqgwdrygxrxkfh
80 9699690
67 17 31 26 19 73 54 32 35 16 48 64 2 12 53 46 79 51 80 8 43 60 71 33 6 36 41 14 24 23 37 34 61 55 78 74 11 38 18 30 45 72 52 70 28 9 59 21 69 65 75 57 3 49 68 13 42 5 62 39 29 47 1 27 66 22 40 56 63 4 44 10 50 7 76 25 58 15 20 77
ltqtmpyyeqtujuiokcowswqyxntndxqqsgkhvihbaawjugagloddktdjizynyoesuozryityjrifximk
80 9699690
51 48 80 45 57 73 20 72 56 10 34 6 67 3 53 41 60 75 43 54 28 63 47 55 44 12 15 78 8 68 37 65 46 33 4 32 62 22 38 2 58 50 14 18 9 1 70 79 19 11 29 49 71 31 39 69 61 35 26 21 27 25 66 17 36 24 5 52 74 7 30 42 59 76 23 64 13 16 40 77
zaizniccozwknwyhzgpqlwfkjqipuujvwtxlbznryjdohbvghmyuiggtyqjtmuqinntqmihntkddnalw
80 9699690
59 23 25 14 37 11 40 68 8 6 18 67 46 78 42 43 56 54 77 53 71 74 10 9 61 15 16 31 44 41 1 33 7 2 35 32 19 3 62 13 80 36 60 73 27 12 5 21 79 20 29 66 55 76 70 57 64 24 58 50 38 63 28 30 45 34 69 47 26 51 48 75 72 65 22 52 39 49 4 17
pdjslkoelfynzeavaaceazuimydypvmgyxblhppuunkttkqtmvanuuvjvahmvvuvsvhzkywhmgchqvdc
80 9699690
39 59 63 64 4 68 2 5 26 22 44 55 32 27 57 20 56 41 66 38 51 3 79 13 45 36 23 29 21 60 72 65 70 76 73 37 17 61 62 53 50 47 31 69 8 42 25 49 67 33 75 71 48 43 9 78 7 40 30 77 46 1 24 16 80 18 11 34 6 19 58 52 10 74 28 54 12 15 14 35
qsdmzohydtuotjyysttlknmqdyvdpbxftatuqastvphoahpsdifnxrfbqaghdfoyhhsxhntdcctcmiup
80 9699690
55 56 37 4 66 38 39 27 7 80 42 49 20 60 25 33 70 17 12 41 76 61 63 68 16 2 79 8 51 54 14 72 71 21 46 23 32 75 22 11 13 58 59 18 43 45 6 35 78 48 34 28 3 77 47 44 9 40 69 67 52 73 19 31 10 1 62 5 29 26 64 53 36 65 30 50 74 15 57 24
rqgjhmjqtyzztjsnopyagetjfqiexqroiayrojhjhgiarcpgrniysdhztpfqhwhpyfioopxxvgxniova
80 9699690
68 65 28 30 76 44 66 59 3 54 58 41 20 67 39 5 77 25 13 19 23 45 15 33 31 36 50 1 35 34 26 32 14 70 2 78 79 48 49 60 56 43 74 47 52 18 55 69 10 46 4 27 61 21 72 24 37 63 17 42 11 75 6 12 16 9 38 53 64 80 51 7 22 40 29 71 8 73 62 57
vzwalxogufhotioteryvoeicbnljkoahnxibwwhqdrhwzxsfpqadujixytijjjqziaaewjwccfyddqju
24 543246895
3 15 23 22 11 8 19 1 7 18 4 10 17 21 13 5 20 12 6 2 16 14 9 24
o//rAKrte g:dai nAhuue l
20 338620986
20 19 7 10 14 4 2 13 16 6 15 9 17 12 1 5 11 18 3 8
2 /D6t0. 2: /. a80e7
19 140497763
6 9 14 8 2 5 18 15 1 4 10 19 17 12 13 7 11 16 3
/m)C/eOloxi:y  n(pt
18 180728635
17 7 10 18 11 2 14 16 12 5 8 1 3 4 13 6 15 9
ilt.h<sdi#od e>ncu
20 65767523
7 5 3 10 18 12 2 11 1 17 20 15 6 8 13 14 4 19 9 16
lmnt ghiicour>la<#de
19 16536754
1 14 5 4 9 10 17 15 18 8 13 19 7 11 6 12 3 16 2
#incledu nstri<g.h>
17 117830111
5 17 13 6 4 8 16 7 10 14 12 9 3 11 2 1 15
#occlude<te nv>ri
19 927473820
9 14 10 15 18 3 4 7 16 19 2 13 11 12 1 8 5 17 6
#include <assert.h>
20 842734374
1 13 20 14 16 11 10 4 2 5 8 18 9 15 19 7 3 17 6 12
ussandgsm  ;ancetpei
15 768580151
6 15 1 5 7 11 3 12 8 13 4 10 9 2 14
f8Xe#inN  eAM0d
12 4012460
8 7 11 9 5 2 3 1 6 4 12 10
i[MNpXnA ;t]
28 942973943
15 6 2 14 27 22 20 21 12 24 17 11 10 23 7 19 1 26 16 18 13 25 4 5 3 28 8 9
o+AXMa,1; +ANrctN[ [Xh]]suM1
23 907371
17 4 12 15 3 13 11 19 10 1 2 22 9 18 7 6 21 23 20 5 16 8 14
ie <IecdnVy>trfvetpto ;
12 166166265
11 7 6 10 9 5 12 1 3 2 8 4
ina (mint) {
12 258380099
2 12 6 1 7 8 11 10 3 9 5 4
 i,;qtn, m n
33 121569539
5 1 26 12 3 23 2 33 28 7 31 10 24 18 30 9 32 16 29 22 11 27 25 21 20 13 19 15 4 8 17 6 14
e), rni";nde"en(ciop"ersf, d".odt
46 44445091
29 46 26 22 18 9 23 27 8 10 33 4 16 3 39 11 41 45 1 13 40 7 12 15 2 14 28 19 25 24 37 32 34 5 35 38 43 21 17 20 42 30 44 31 36 6
) && hn({n lfi=2d&m ,s( w%ac"&) ed& =&," % mn 
28 183451468
23 8 9 5 28 18 27 12 1 13 16 10 20 14 21 3 2 22 19 4 25 15 6 11 17 7 26 24
A r1 &)&;X<=  aens sM =nt(N<
34 415046018
16 20 28 25 19 1 9 31 4 29 22 6 7 17 32 8 12 15 26 23 33 18 14 13 3 2 5 34 27 21 10 24 30 11
<<;s&se 0 m0 r01 0100&0(00a=t) m= 
23 718171881
15 1 8 17 11 2 9 12 22 19 16 7 10 3 18 5 20 4 21 6 23 14 13
ifrn(ont  =0i ;<+ +i)i;
10 88293997
10 1 7 3 2 9 4 5 6 8
-; ip1][= 
25 341088981
4 3 25 14 11 12 6 22 16 2 13 20 24 23 8 7 5 15 9 19 1 17 21 18 10
 r{ ti0 no+ n);ii=< f;+(i
16 713941458
6 5 13 9 7 1 3 15 12 14 11 8 16 2 4 10
s";%a(&d)c,n"f q
25 451405345
22 8 6 7 12 17 9 1 18 15 21 20 14 19 23 11 24 13 2 16 3 10 25 4 5
q  = <sqt ;<)esn& (&r 1=a
21 19329929
8 20 16 3 5 21 10 12 19 4 9 15 2 6 11 7 14 18 1 13 17
=]eqr;=-p(a[)t1s -1s 
11 151188315
6 9 11 2 7 1 10 4 8 5 3
]-;=1p  [iq
1 44916355
1
}
43 249121990
30 7 21 36 26 33 11 37 22 17 1 16 20 10 28 38 24 29 23 2 6 27 39 4 42 40 31 8 14 34 41 25 3 43 12 19 32 13 18 5 9 15 35
geskrt)i  / snepro meidful ne p;avi/oss(ire
8 882848788
4 2 5 3 6 1 8 7
(egsst);
23 578744048
19 3 13 18 15 16 14 20 1 12 4 6 10 21 23 17 2 22 9 5 11 7 8
tss=st(s=reenn ) )a;l(r
15 428528371
9 4 1 10 14 12 8 2 3 7 5 13 15 6 11
ucst;potr(s)y, 
25 580838810
21 24 13 15 3 11 6 5 16 23 12 14 25 10 22 7 18 4 2 19 17 1 9 20 8
i+r;()it0i <;n  +n ofi= {
14 57458001
12 8 9 13 3 14 5 1 4 7 6 2 10 11
 ]p i[=i i=f()
9 45360858
7 6 9 3 2 1 5 4 8
oue;cinnt
8 59080637
5 6 7 1 4 3 8 2
t ;eVpIm
18 166026161
13 15 17 4 1 5 9 16 8 14 10 7 18 11 6 12 3 2
wh le(i)[  p=]i!i{
21 280974503
3 1 13 8 19 5 17 12 21 6 11 4 2 7 15 9 10 16 14 18 20
ecta_[]piubsm.()k;php
20 975830466
8 15 14 9 11 16 17 13 2 6 12 7 20 18 10 4 5 3 19 1
[,aw p];[ip[spp](])i
1 325599259
1
}
18 438417073
11 10 7 12 17 14 13 1 5 9 3 16 18 6 15 4 2 8
u.;a_ksme)citp(phb
24 655655118
13 15 8 2 18 21 9 11 10 12 7 3 16 17 6 1 24 19 14 20 4 5 22 23
ie  )n%t=m  ts pi(kzm;.e
40 95481275
30 18 33 37 21 32 4 19 35 34 38 15 28 22 6 2 10 39 1 7 31 9 29 25 5 24 14 23 16 40 11 17 27 20 3 13 12 26 36 8
fi;n=jtt+(mjot0;)en )  )(( i+e.isjr< pz{
42 16665386
13 11 12 28 42 31 36 18 2 39 37 8 40 17 21 26 38 9 24 23 29 7 32 33 34 6 41 35 30 19 22 15 5 4 25 1 3 16 10 14 20 27
[ep%e(e[]jttmo]= u tmk;ps[ji(ps)t[+m]])z.e
1 677160924
1
}
1 180210225
1
}
10 953153007
8 1 7 3 9 10 4 6 5 2
otts)uu;(p
1 239892380
1
}
25 95707035
7 24 21 8 13 18 10 3 20 25 15 14 22 9 4 6 2 11 12 19 16 23 5 1 17
 =se0tsn )= r &&(m ==0 ;a
9 893444037
8 6 4 9 2 7 5 3 1
tn;re ru0
1 285264399
1
}
0 0
