6 4
0 0 1 3 2 4 3 3 4 0 7 0
1 3 2 4 3 3 4 0

6 2
0 0 1 3 2 4 3 3 4 0 7 0
1 3 2 4

6 2
0 0 1 3 2 4 3 3 4 0 7 0
1 3 2 5

3 3
0 1 49999 2 50000 2
49999 2 50000 2 99999 1

2 2
0 1 49999 2
50000 2 99999 1

2 2
0 1 49999 2
50000 2 99998 1

2 2
0 1 49999 2
50000 2 100000 1

3 1
0 4 33333 5 66666 4
99999 1

3 1
0 4 33333 5 66666 4
100000 1

3 1
0 4 33333 5 66666 4
99998 1

3 1
0 3 33333 4 66666 3
99999 0

3 1
0 3 33333 4 66666 3
100000 0

3 1
0 3 33333 4 66666 3
99998 0

2 1
0 998 100000 1000
1 998

2 1
0 998 100000 1000
1 999

2 1
0 998 100000 1000
1 1000

2 1
0 998 100000 1000
99999 998

2 1
0 998 100000 1000
99999 999

2 1
0 998 100000 1000
99999 1000

2 1
0 1000 100000 998
1 998

2 1
0 1000 100000 998
1 999

2 1
0 1000 100000 998
1 1000

2 1
0 1000 100000 998
99999 998

2 1
0 1000 100000 998
99999 999

2 1
0 1000 100000 998
99999 1000

3 1
0 1 50000 3 100000 1
0 1

3 1
0 1 50000 3 100000 1
49999 3

3 1
0 1 50000 3 100000 1
14644 2

3 1
0 1 50000 3 100000 1
14645 2

3 1
0 1 50000 3 100000 1
85355 1

3 1
0 1 50000 3 100000 1
85356 2

2 1
0 998 100000 1000
50000 999

2 1
0 998 100000 1000
50001 999

2 1
0 998 100000 1000
49999 999

2 1
0 998 100000 1000
50000 1000

2 1
0 998 100000 1000
50000 998

2 1
0 998 99999 1000
50000 999

2 1
0 998 100000 999
50000 999

2 1
0 999 100000 1000
49999 999

2 1
1 998 100000 1000
49999 999

2 1
0 1000 100000 998
50000 999

2 1
0 1000 100000 998
50001 999

2 1
0 1000 100000 998
49999 999

2 1
0 1000 100000 998
50000 1000

2 1
0 1000 100000 998
50000 998

2 1
0 1000 99999 998
50000 999

2 1
0 999 100000 998
50000 999

2 1
0 1000 100000 999
49999 999

2 1
1 1000 100000 998
49999 999

4 2
1 0 3 1 5 7 6 0
8 1 10 2

1 4
8 1
1 0 3 1 5 7 6 0

4 1
1 0 3 1 5 7 6 0
0 1

1 4
0 1
1 0 3 1 5 7 6 0

2 1
3 3 10 3
7 0

1 2
7 0
3 3 10 3

2 1
3 3 10 3
6 1

2 1
3 3 10 3
6 3

3 3
5 1 6 6 7 9
8 10 9 9 10 6

2 1
3 3 10 4
6 4

2 1
3 3 10 4
6 5

2 1
3 3 10 4
6 3

2 1
4 4 7 8
1 3

2 1
4 4 7 8
1 4

2 1
4 4 7 8
1 0

2 1
4 4 7 8
0 0 

2 1
4 4 7 8
3 1

6 5
0 0 1 0 4 4 7 8 10 0 11 0
0 0 1 0 3 1 10 0 11 0

4 3
0 0 1 0 4 4 7 8
0 0 1 0 3 1 

4 3
0 0 6 4 8 8 10 4
5 0 7 7 9 7

4 4
0 0 6 4 8 8 10 4
5 0 7 7 9 7 10 4

4 4
0 0 6 4 8 8 10 4
5 0 8 8 9 7 10 3

3 4
0 0 6 4 10 4
5 0 7 7 9 7 10 4

1 1
4 6
7 8

1 1
4 6
4 9

2 2
2 5 5 0
5 0 6 1

2 1
2 5 5 0
4 0

2 1 
2 5 5 0
4 5

2 1
2 5 5 0
4 9

0 0
