1000 -25314129 199334970
76614419 41478888 96533791 57334706
25004682 -30876677 64739693 -23491920
50901469 -75214425 64110098 -3503123
-46982634 75463801 52702265 92643260
-83630142 -7482857 17475006 13992460
-40781016 -80621419 75154922 -50195350
-8153326 -60328562 4234729 -44486031
-5861909 -73467082 -992022 -17125505
-62226881 -86243581 -47481071 -43542015
49136898 -81083460 85798438 27171776
-29643308 -85325855 8593101 -31438221
-77702121 -5941812 -176225 12623892
-81347192 -62563386 11734487 39844692
-59035301 -34049599 73165983 38923212
6596767 11993115 8509783 19969575
-88723126 -40690605 30504542 -31681841
-30154310 -47515422 -17732844 61918745
-74883969 -16014124 59535366 55650985
-22383820 -75826986 92240110 63245305
-86546443 -93242446 -22383820 -47468237
-55733727 -57571401 -14278046 37434035
19804947 -48789880 22952168 -24659527
-51231887 -7482857 53916240 12163593
-85452223 -75214425 -24659527 -23491920
-32630856 -31394737 45033433 -20494489
50695245 -87809003 74296937 11734487
-67663383 -31504650 70292780 97742967
-82845695 19443339 -44195403 97742967
-68737491 -75765154 79025716 -5187125
-70591060 -106431 -47468237 84497081
-47481071 -19234111 -22147278 62107341
16710877 -48212797 64739693 41591078
-87137174 -93817478 79868838 19052892
-15618822 -43592695 32895005 -14673850
-35167948 38923212 12324237 56765437
-93028530 15523142 39986376 95329436
-74253819 -86546443 -12944805 -15618822
-41610517 10405985 57645650 83823151
15958207 43523459 85798438 58252969
8593101 -39973221 65006172 26582180
-50602917 -55733727 -24659527 7329965
-44185790 -26722367 84497081 31995612
-78285802 -65211096 96586786 56266937
-49048427 -44415968 -6647212 30647394
-992022 -16391824 75463801 64180854
-34049599 145647 25690133 16710877
-93242446 -51591084 -19279884 4764689
-5941812 49136898 52719578 51831965
-72263714 -56628825 78201493 36900712
-73033664 47355492 30215080 61918745
25883817 -91994842 41478888 29171881
-6031605 10861857 -5513485 25690133
-66907571 58935082 -55536860 98407720
-14802498 -67849537 -7421136 -53528269
-88170994 -86230690 2153486 -78572968
30504542 -31788912 41591078 -20008195
-96931355 -75765154 -49842102 45380917
-26722367 -55536860 -19953482 77079718
-61393859 -61979625 37319323 -10736031
-91979801 30908605 -36108933 71018804
57334706 -95097819 81561849 -58506282
-55172210 -80954325 12163593 79312017
-78760159 50921957 82091679 79168261
-74106824 28820003 39570476 48163595
-97679186 -7421136 95329436 61766326
4927954 8915434 51713622 95615818
64410138 -83738779 79312017 57953713
8906252 -14802498 50092097 -12364432
-57074400 -31439938 -176225 68950668
-36778682 -94677063 60246296 50628539
95615818 -7434843 98750118 2814779
-78336578 -95555140 -56700502 -86632205
-9895934 -95077628 32895005 58464607
-15548152 -75765154 11559924 48264121
-92321145 -65670679 -87809003 79038994
-86255406 -53684630 -80542358 93648385
3495752 12142264 77782671 18324241
-39073136 -95483339 90339199 39958673
23303380 -86632205 53916240 52690199
-60291440 -92755835 31946588 4312917
-93311385 -25426518 -72756321 8810995
-99830731 -26620893 9788347 63071488
-10736031 -79099389 74196030 33046442
22613196 -30931947 41370839 51039362
-96096270 -65087247 -61587894 -12565292
-54356364 -51923478 95615818 -50704178
-63958700 21910314 94649530 39844692
-61979625 -93817478 89941976 -22621964
-44637316 -88754974 26555431 -6495628
-86603908 -55733727 57777324 -30154310
-66377885 -5713257 41370839 19719838
-60725006 -22479432 -49736841 52719578
-81735941 -2619751 -39238921 9788347
-37357175 -87809003 60174648 6596767
-93242446 -10679210 21877953 20352204
-32684603 -58343928 64499042 99733382
-28733387 -82463865 50905294 -65211096
-38364369 22782714 54865966 41398819
-33545323 -57796821 52719578 -24604390
-93028530 -49200345 24519751 29427870
-49963876 -43609119 13149254 -2678013
17869128 45033433 89941976 66976218
-68130652 -37563135 2972962 88374000
4611463 4927954 43523459 39844692
-88965706 -50856380 -43592695 -3000194
-51231887 -106431 41591078 74488309
-75214425 -41544904 63245305 60246296
-49963876 -75871944 22326373 63407234
-53325819 -94606048 28530981 -10736031
-49736841 44769780 60174648 45262982
-13276319 -78760159 60246296 44435636
-1308980 30405670 94184702 68006795
-39148432 -87971641 9088884 -20732552
-7434843 -52366561 66545859 -49164057
-91609087 -59035301 52690199 44769780
-41610517 -81735941 81741652 -65648732
-76722420 -35167948 -35309686 60757319
-37239344 -86549775 18705474 11367388
-82452778 -68898987 45380917 22317152
3495752 41370839 17466340 54469002
30215080 23904615 86046360 30463071
-42036682 -36778682 20284730 -29578567
-85624339 -62655993 -176225 97471658
-27388403 -69263007 87878488 29344319
-80333959 -80621419 50921957 19454018
-79099389 -42036682 -20494489 88374000
-61959994 -7311327 58469653 80426318
-86883543 44309792 8418797 89941976
12623892 10230824 45380917 64110098
-72263714 60174648 46666151 79982137
-15548152 15654928 26183519 77422306
-74106824 17475006 -52366561 94184702
-23201880 -62226881 31995612 78923524
-27403497 -44671443 72191249 -38092301
-97257022 -98756170 -72358652 -86549775
-10736031 -67849537 42896184 -16992807
-95483339 -47468237 -23594649 -35167948
-61691879 -42373620 75453861 8509783
-98756170 -65670679 -72190274 17554978
-11331300 -49051083 73992829 72082850
23303380 -93044313 88998700 14482732
69496474 -56700502 81959927 52483755
-72263714 -45835502 28457357 -25767048
-97338145 -75765154 -74148282 -15548152
-54914917 -55453396 -52823403 -49200345
-5413688 -89071049 84140303 -83738779
-58101754 -46816460 15558900 9788347
-67667545 -61088009 -16014124 -22621964
-77702121 -46982634 12163593 11993115
-39511012 -41718936 -9235821 18680304
-86549775 -22147278 5509283 -19487596
-86883543 56556318 22777008 85541126
17171391 -22778048 72082850 85455030
-51289373 27851916 53149225 45033433
-87971641 -82340619 -41959478 56485694
-15618822 -61691879 6848212 73992829
-44417792 -36354483 -31963650 13763392
-13648754 -86632205 93648385 -39238921
15523317 32646469 70278102 94209556
-22638964 -91327595 17475006 74070800
-47481071 -49048427 -41959478 43765160
-51591084 55363011 -27388403 63407234
-89390621 -84003732 33263044 -53528269
-96096270 37434035 85844864 45017685
-93028530 -53684630 -13918815 -41944093
-67667545 -73887412 -57205990 26183519
-40781016 -32292964 18324241 72082850
81075077 -24428203 93807411 78768212
-12786761 -58101754 94184702 -34641516
41591078 -44415968 55650985 27851916
-49963876 -76722420 -16391824 -67756972
-99830731 -83620785 -61847785 64180854
-86255406 -52164839 -36354483 -17125505
-73033664 -17732844 64410138 -5435359
12700772 39956742 66400058 45017685
-24604390 -51864986 59569132 -5090629
-86255406 -20783440 48264121 31650658
-45948949 -24604390 77104192 74296937
-5861909 -38799705 92643260 -24604390
-35313051 -80337451 18324241 34341525
-20682674 -78760159 35334605 27947275
-28721853 9088884 49381291 60757319
26452440 21554816 80087090 39961426
-44486031 -31788912 51323453 50901469
-52823403 -76722420 70292780 45045834
-1546508 -55551444 22317152 -50856380
21877953 -5713257 70313953 91086858
-78336578 -80621419 79196973 26452440
-38659501 -5406068 -5646748 74960732
-76733303 55363011 -4214658 70082066
-92321145 -67428279 -14383772 74196030
50901469 -37239344 58464607 64499042
-22147278 -86230690 15958207 16192781
-25104109 -46982634 3495752 84108611
-736209 -77582315 44309792 64180854
-93028530 -73887412 -13163370 -12944805
-83064268 18260372 -5187125 52702265
-72383563 81561849 49381291 93648385
18260372 -97679186 27668805 -97257022
68116074 -95498276 84140303 -65961108
-76733303 -88723126 9088884 56266937
-33663028 -2678013 21910314 30908605
-70591060 -13648754 91968231 -1467831
14879917 -43721820 83974520 63407234
-84985411 -94102055 46908112 8906252
-81451193 -58101754 51831965 -51923478
-19690742 14879917 83769307 59353103
-41068243 10923658 53916240 72627792
-63244919 -70591060 30647394 94571954
-8950512 -23201880 92463986 59353103
-86907939 -94677063 -62655993 -46816460
56162915 -89298806 74488309 -15528804
-31536592 -61691879 88138505 72715780
-54356364 -80337451 10963000 23335074
-95108601 -32630856 -65211096 97200533
-51231887 -95555140 -24659527 -29204243
75949257 54865966 80792170 61852256
-61979625 -84313612 -7606052 45045834
-54914917 -91525960 -7606052 71018804
-66377885 21554816 -20736082 81953062
-57571401 -12944805 83021652 63245305
-2678013 -95097819 52988918 72627792
-88170994 -16014124 -1467831 46666151
8906252 -70591060 71018804 23099707
-96096270 -14673850 63407234 58935082
-20640326 -38659501 98505725 53916240
-60198371 -88074074 92240110 -86546443
61918745 -38659501 88549456 -26620893
-11796245 -60198371 59353103 65480070
53149225 -25969353 92755141 -25767048
-94624360 52719578 -5513485 88374000
-56909508 6596767 42522954 51234620
-27411058 -31681841 70292780 -5513485
-67849537 14702965 -20494489 77079718
-73355395 44435636 -38092301 63820305
-73913045 -5513485 83974520 60174648
-74883969 -74311744 -29204243 28530981
-53528269 17869128 9689812 46666151
-36354483 -7311327 54678754 80792170
-80621419 -97257022 -49051083 45033433
-28813142 -76263935 -2241981 97742967
-43542015 -62226881 -22383820 -37563135
-77582315 -12786761 52483755 22317152
29956436 40487015 72715780 75453861
-39238921 -77702121 15523317 -31394737
6596767 8509783 49136898 81741652
-51231887 -98495656 39958673 -44637316
-67428279 -20640326 80792170 10923658
-45835502 72191249 21877953 77104192
-68655489 -91525960 -6480181 -2177790
-93053665 29922063 54844142 51039362
-57796821 -74015744 89941976 87878488
-65670679 -32630856 14445488 72715780
-33048547 32646469 71018804 36412565
32895005 -91327595 36618681 91880212
-47305038 -68898987 92548717 -43609119
-9235821 -52366561 53149225 -41832322
-88853846 -49660824 72082850 -19279884
88281793 -81083460 93648385 -45835502
-60777707 21877953 -2678013 98373486
55650985 -51591084 63245305 4926524
25506107 77079718 82057129 81561849
-1467831 22352726 83646032 61645380
-80358474 -82463865 26582180 -44671443
-76733303 -31439938 9788347 -8950512
-46982634 -15528804 -44417792 -736209
-96096270 32895005 81741652 92008119
-50704178 -83620785 59158727 46908112
-82522545 -49660824 59080495 53916240
-73913045 -73887412 -65521437 -22147278
28457357 -5406068 52483755 41370839
15106796 -55453396 60421850 89941976
-20736082 -45948949 58964826 50905294
4527353 -85624339 4764689 33046442
-5406068 -12364432 99779958 45013706
-72756321 -90333745 10861857 54909115
-63753457 -18434787 46998087 45262982
-93311385 -5861909 95274211 93116323
-19487596 -74328574 -17945468 -39073136
-38799705 -33129206 85541126 15558900
-53325819 18705474 79038994 88998700
-36311787 27832878 -20008195 62390731
-34653407 -86230690 64739693 52247703
-41959478 -33129206 72350993 34341525
-63659519 -49927206 -2177790 -44647841
-90141123 10861857 -6480181 23904615
-43721820 -71843653 79868838 59080495
-10450920 14879917 52483755 19719838
-95483339 -36587489 -41423213 20689057
-72358652 -94606048 -2379847 15558900
-74015744 5029652 27605172 86410330
-90141123 -73913045 19158092 -42406618
-58952145 -94094362 -20682674 -2619751
-89071049 -66907571 57967125 17612960
-6480181 -25767048 18904616 30990318
-61671044 -66399246 -7606052 62354884
7601845 -5941812 22952168 68950668
31650658 -18454173 47361257 57723398
-90288786 -2241981 -70697509 12700772
-51289373 -28813142 -37563135 41591078
-80400598 -28813142 -76690715 -16926353
-29770149 -56909508 52988918 -50856380
-16339190 -16992807 42256502 -7434843
23976252 -20640326 30908605 66976218
-33129206 -65670679 65840917 32084073
-95108601 -80621419 41478888 -36021053
-51591084 -61587894 63407234 98856548
-55536860 -71826957 -35682000 -65198341
-6706077 -67358743 18324241 94209556
-40781016 12665001 -2619751 18705474
-47403853 87878488 56556318 97471658
-80621419 54865966 92532817 93044416
-72190274 -66377885 61766326 -46816460
29344319 -36311787 61852256 -31432280
-98756170 50695245 -80439045 88281793
-57205990 -16014124 78785459 -839696
-86230690 -58506282 53407215 -14414629
-91994842 -15528804 -86255406 -5406068
71926953 -33175060 88998700 15106796
-47310190 -39973221 70082066 74425175
-83064268 12665001 60174648 18324241
-38364369 -91994842 65840917 61766326
-7311327 -95760923 19719838 -86616509
-44195403 -26063351 57967125 -7421136
-36311787 -49963876 15958207 -32292964
-14383772 -47515422 20689057 27695862
-60698599 -81550016 -49603257 60757319
-86883543 -19953482 -69461644 82091679
-25426518 20464831 22352726 52967897
-61088009 -33175060 48264121 -2421055
-24610125 -62655993 -6031605 55363011
-57205990 -23201880 30504542 -14802498
-14061390 -64322431 47019242 57334706
29427870 -85292477 94276650 -11331300
-39502270 -85624339 49300308 -31266471
35215784 -96931355 90339199 -38448857
-93053665 -30931947 -65198341 45033433
29427870 59353103 81959927 84645864
-36587489 -86603908 39956742 -33048547
32084073 -79099389 94209556 97471658
-88074074 -77702121 37179091 9788347
-68130652 -31963650 96093277 -19487596
32895005 -55305648 34355063 4527353
-50195350 -63753457 52719578 71379660
-18876192 -67663383 89941976 -33863898
-67358743 -45755133 -28721853 81953062
-79864587 -22492607 71018804 31074738
-55453396 -84003732 41712423 60174648
-49164057 -63958700 -9235821 64499042
22317152 -34049599 23976252 22777008
79038994 54542353 95274211 74425175
-22621964 -93028530 12163593 21420544
14702965 -87263194 49381291 98407720
68642790 -87137174 78610172 -55305648
-10542584 -47305038 84838540 -20682674
-99026401 -106431 28530981 88595590
-26071992 5509283 25690133 58469653
4527353 -91763111 72715780 -49603257
-49842102 -93311385 59158727 56162915
-63958700 -19279884 -50700079 62354884
-61979625 -61393859 4927954 97725246
-8270206 -75826986 74488309 92810932
-47305038 -97679186 25690133 -9714674
-49996371 -30541025 -26722367 52988918
-19690742 -38659501 -14405581 40487015
-28976872 13507760 -5090629 95615818
-71843653 -84985411 28224915 -60362248
-75214425 -65211096 48213499 73397274
-25569754 -64322431 30463071 10490489
-72383563 -30931947 -30931947 -5406068
-51289373 69496474 50092097 74296937
-82340619 -44486031 -2241981 -20782061
-79206741 -99026401 -44671443 9088884
-87437850 -35313051 -62862315 -2421055
-52164839 -55733727 -8153326 -54914917
-63659519 22326373 -26722367 31074738
-65211096 -91286319 50628539 29922063
11734487 4764689 71379660 57334706
-57205990 -67663383 48213499 62118508
-67428279 -44683116 66400058 59535366
-35309686 -87809003 59353103 -43934627
29427870 42499097 79982137 53377087
-27388403 -25048848 2153486 -20736082
-61671044 -63958700 -21739160 22777008
-80439045 -44243506 -61671044 -41068243
-88563054 -44637316 -30931947 74601069
-74106824 -99026401 56162915 -58403290
-65087247 7317245 -41610517 54469002
83974520 -57796821 92008119 31074738
22952168 -70697509 79038994 27695862
-70591060 -47878500 92973389 -30396891
-10679210 25690133 15131672 57645650
4926524 -86549775 85541126 -45219257
-73033664 -85452223 9788347 50859110
41712423 27725432 64402747 57645650
-44415968 22613196 75453861 22952168
-96096270 -87437850 21910314 45380917
-80333959 42256502 25883817 88156619
-44185790 13992460 74425175 47355492
12070514 -60777707 53377087 -55733727
-41718936 65006172 21877953 84108611
60246296 59535366 85010348 92973389
-53528269 -42036682 70278102 -15548152
-19279884 -28590756 51831965 13268226
8915434 -45223043 85541126 91968231
-41423213 46666151 67882233 92532817
-5713257 -80337451 5509283 -35313051
-69461644 -83722924 94184702 -15618822
-87965377 -30986116 75453861 78923524
27605172 -47907532 69496474 81741652
4234729 19052892 9365028 48163595
-26722367 73165983 53149225 92973389
51039362 -64699109 90339199 -32630856
-38344169 -17125505 79868838 85541126
-16992807 -70591060 87878488 7329965
-95097819 9088884 -58403290 66976218
-36354483 -87689174 -29578567 -23342871
12623892 14445488 29171881 28224915
-2177790 13992460 53377087 80570360
-56330289 9992046 51831965 72627792
-65521437 -56700502 53149225 -44630830
-90288786 -24693939 12070514 72191249
-2379847 -68655489 73165983 -35682000
-88754974 -98495656 -48695117 71830526
-25787734 -38273666 72627792 87670033
-3000194 -31266471 1972363 32895005
-38092301 -97338145 72191249 9088884
-94606048 -91327595 77104192 15131672
-16014124 -85325855 53916240 85455030
-75826986 45262982 1545687 88595590
-5861909 2598358 65480070 95274211
-57160359 -86907939 29344319 -83396015
-78051150 -95760923 33046442 4764689
-21074911 -56314445 71830526 62354884
-60698599 -62862315 -5713257 -23491920
-31963650 -95108601 -30876677 -25787734
-91590397 -76722420 -5400154 -19279884
-72263714 -91327595 -29284909 20352204
30908605 21554816 59080495 75631354
9689812 10923658 22613196 44309792
72715780 -35682000 96586786 1545687
-22778048 -97540638 91968231 14482732
55265237 -83738779 83823151 -26164922
-33175060 -77702121 75154922 42499097
-99773714 -71699786 -12565292 5509283
-85292477 -88074074 23335074 30908605
9689812 -29578567 42499097 78610172
-40719211 -18434787 -2619751 -5513485
-24610125 -25569754 88998700 -18434787
-98495656 -40690605 72407593 -35912525
-87137174 -26363783 -45755133 3495752
32646469 -56628825 53916240 30463071
19719838 -19690742 96125801 -5513485
-55305648 -5187125 87878488 16192781
17171391 -7434843 33997299 33997299
-94624360 -90333745 85010348 52967897
-24428203 -94102055 92404195 -41544904
-85624339 31946588 47355492 74425175
-56357665 13268226 15861035 72448769
-76722420 1038097 35215784 81741652
19804947 12070514 63820305 72350993
-2123493 27695862 19443339 64499042
-36311787 -19234111 -16391824 68116074
1972363 -62574683 52690199 68006795
-62862315 -43834758 24810832 52690199
-73355395 -86230690 -3503123 45262982
-62655993 -15548152 19804947 9274337
-22492607 -39148432 47495580 10230824
-74015744 -90288786 96586786 -11331300
-19279884 -76722420 39844692 -20782061
-62862315 4926524 35215784 14482732
-90060550 -88723126 81953062 -23491920
-2177790 15861035 17475006 19052892
-47305038 46640768 -31681841 53407215
-87965377 74425175 -7482857 84497081
-71699786 42522954 71379660 73165983
11367388 -20783440 57777324 89941976
4234729 -14278046 12700772 71926953
-72358652 -30986116 -38799705 36161157
-51864986 -38834746 -41832322 19158092
-88266304 -83620785 19804947 9088884
14702965 -53528269 65702815 57334706
-39502270 24810832 92973389 72448769
-86546443 -86549775 -29284909 19443339
-45755133 30463071 -44637316 91968231
-49051083 53149225 -31394737 63245305
-29585747 -2241981 88887716 74048987
78785459 -71699786 94184702 -43592695
-71699786 -31432280 -4214658 50859110
-96931355 -78336578 -20783440 47355492
-25569754 2598358 82091679 85028284
-63659519 -55551444 56556318 -26164922
-58506282 -69461644 -29284909 -60291440
39961426 -96931355 56162915 6204894
17475006 -50195350 98856548 -35912525
-86907939 -20732552 83769307 78645066
-20783440 46908112 32646469 83493521
-98467970 -64322431 -78336578 73397274
-91979801 -60328562 -51289373 44769780
-91286319 30215080 45885176 83021652
-84985411 15861035 -20494489 99565898
-57796821 -40781016 -22383820 -19191208
-83630142 -36108933 26452440 -16014124
-39247761 51713622 -176225 52702265
14445488 -73467082 52702265 51323453
-86556564 -47907532 11993115 60421850
-55009780 68006795 72191249 74070800
61852256 -14802498 83493521 83493521
-56700502 19804947 -55733727 45017685
-28813142 -49927206 -176225 -7656663
7601845 21420544 72407593 33908862
11993115 -43721820 66400058 -22621964
-26063351 -99830731 86405899 34464512
-27403497 -19234111 -11796245 84910866
7329965 29922063 58469653 30405670
-93311385 -96096270 -61393859 -69263007
4926524 -38448857 66478016 14482732
-25569754 -91994842 96533791 -13163370
39961426 -68655489 85455030 8810995
-79206741 -91763111 47361257 -91236287
-47468237 -5413688 -14667766 45045834
-21739160 -22147278 23099707 20689057
-86616509 74960732 8810995 97105772
-76860144 -37239344 83021652 92810932
-58229384 -45948949 58469653 12419047
-49927206 -90765540 84140303 22777008
34355063 -87971641 74296937 71018804
22009036 -67454227 63071488 26062131
88281793 12070514 93807411 17554978
-37563135 -71699786 -36587489 10963000
-71693662 -52823403 79868838 60246296
-46566878 -22492607 41478888 91880212
11993115 -90333745 32328099 22782714
87993069 -51923478 99565898 2972962
50921957 -61847785 58642450 96533791
-15618822 -57796821 16445550 88887716
-95703731 -91994842 -54356364 -90141123
-61671044 -88723126 -49164057 75463801
-72383563 -28938002 53149225 18324241
52247703 -87689174 88281793 -26609969
-56357665 -56357665 26555431 61766326
-57571401 18324241 26582180 88549456
-91327595 -90765540 99733382 -80542358
-42373620 39570476 -19690742 71926953
25883817 -88965706 94276650 -75979962
-80621419 -83396015 79168261 -22638964
-55733727 44309792 -31963650 45017685
-94102055 -87263194 47361257 -52164839
34030986 -84985411 47691328 -35912525
-97336185 -73467082 -45044645 -61691879
9274337 -56628825 72350993 -33175060
-67454227 -31439938 70313953 21420544
-41544904 -97336185 -13163370 -18733861
-44671443 56556318 -38364369 74196030
-16014124 -58403290 52483755 -25969353
-79206741 -96096270 98505725 84951332
45013706 -55536860 56266937 65840917
-92755835 66545859 4764689 77079718
19719838 -47305038 30463071 77649523
58464607 -91286319 75154922 -25767048
-98167908 -51231887 -38273666 -43609119
-41648 -82463865 22326373 74341868
-43721820 -839696 98373486 33131344
-50704178 -38344169 52247703 77104192
-7421136 -15528804 41078787 97471658
-97540638 -27411058 9689812 66991178
-18454173 -76805706 71830526 16710877
-97540638 -89071049 53149225 30990318
4611463 13507760 28457357 59353103
-61691879 -95097819 -47468237 83646032
57777324 -35682000 73992829 1972363
20794851 -64270352 29171881 -6495628
-18348995 50354791 27851916 95329436
-839696 -14802498 38448443 85028284
-65670679 -29643308 60757319 73203060
-57796821 12070514 66478016 84497081
19168506 25004682 60421850 45380917
-38834746 18324241 91086858 61766326
-29770149 5844103 -20736082 26971393
-64322431 -73033664 30504542 52967897
19168506 -57205990 38448443 96586786
-74883969 45045834 32895005 47355492
83021652 -71699786 92241296 -61979625
-25104109 -55009780 9992046 84910866
22777008 -71843653 96533791 -25767048
-38834746 -72190274 27171776 -18434787
-74148282 -12565292 86405899 -11509343
-25767048 -33663028 -15548152 -29643308
-74883969 -67428279 20794851 -17945468
53407215 8418797 84497081 80570360
57645650 -30154310 77079718 58469653
-22479432 87993069 48163595 88497176
-78285802 -93044313 -67358743 83493521
-53684630 -11778914 -41944093 34355063
-40719211 -83722924 -29284909 -11796245
-56314445 5844103 90408408 28457357
-95537706 -32101872 -56628825 14002665
-19279884 -80442183 7601845 -28737697
-98167908 -16391824 81561849 21554816
-87965377 -56330289 11993115 -35682000
-52823403 -92321145 71379660 -88965706
-9267058 -73913045 8418797 -31788912
42769178 -74695420 56485694 -47907532
13763392 -56330289 24810832 26452440
-88170994 32084073 -7656663 59353103
15958207 -48789880 83769307 -14414629
-26722367 -63244919 36012198 -5187125
-45223043 -74695420 49381291 57645650
61766326 56162915 75631354 60246296
56162915 -93028530 57645650 50628539
-49051083 -14405581 17554978 92973389
54909115 8915434 61581577 23976252
-29578567 -61979625 29427870 85028284
7774519 -43934627 26582180 -28976872
-44671443 61918745 -43609119 76614419
14482732 -95760923 52719578 24519751
-97679186 9992046 -14414629 91880212
-58229384 -33048547 72033542 58964826
-43609119 -29284909 99726542 12623892
-33175060 -79099389 -9066010 71379660
-20640326 -64699109 20049842 1545687
9992046 -93053665 20049842 -18454173
-57074400 -73887412 17869128 87993069
-58101754 -9066010 15654928 48264121
-94677063 -77279944 36412565 -19191208
-19953482 51713622 29956436 94649530
-81658945 62227052 64180854 66229285
-93053665 -77595500 53149225 74488309
-39148432 -80358474 65480070 70278102
-50700079 -89298806 17475006 -36354483
-79864587 46143978 -44647841 81561849
29922063 -57205990 32084073 16192781
-81550016 -176225 98407720 44309792
-80337451 27947275 22317152 46143978
56485694 24519751 63245305 56485694
-25969353 5029652 93116323 77782671
-30154310 -95483339 10490489 33908862
-2379847 -76733303 8418797 88887716
-95760923 -93817478 59569132 -47878500
-10679210 -81083460 39964593 -25767048
-91763111 -94102055 22782714 22777008
-51591084 -44417792 -34641516 22782714
-47403853 -86616509 41591078 23303380
-75826986 -38273666 4611463 92973389
-14667766 -55668924 87670033 -36587489
-75979962 -49660824 -55551444 85798438
27605172 -43592695 56502340 -7869313
-64322431 -79099389 -15528804 58252969
-33792801 10230824 93807411 59535366
18680304 -88170994 39958673 12665001
-57571401 -63204609 98750118 56485694
-73887412 11559924 66478016 69496474
-80439045 -67849537 -39275685 34464512
-78572968 -33175060 -34049599 53377087
33997299 19052892 75453861 62390731
2153486 59569132 45033433 77649523
-91327595 -62574683 97471658 -31266471
-95483339 -2123493 -86616509 17466340
-39247761 17869128 -13276319 51039362
38923212 -86603908 74341868 -30154310
-33663028 9788347 66229285 29171881
-41718936 17171391 -38273666 22326373
48213499 -47310190 83021652 -35309686
-53256057 -66907571 52702265 8509783
-99830731 -9267058 22009036 -7434843
-74883969 -20494489 -55551444 -10542584
-78760159 -87971641 -68130652 68006795
-72223488 -94677063 -58229384 72191249
56502340 -14113432 81959927 44726041
-32101872 -97338145 -106431 -28721853
9689812 -78336578 22352726 -47515422
77104192 -81658945 82057129 -38659501
-60725006 -55551444 66478016 -43542015
-92321145 -95703731 66400058 -22147278
-50704178 -95108601 22158670 -6480181
-49842102 -58343928 37179091 8810995
22952168 -95555140 90339199 -24693939
-96096270 -93053665 -37563135 85028284
9689812 27851916 48163595 77079718
52702265 -44195403 57723398 -9066010
-18434787 -98495656 -5406068 60328265
-83738779 11559924 59353103 52483755
-6706077 -88965706 41591078 -58533173
-89071049 -30876677 17466340 -1467831
20689057 -19234111 42769178 86410330
9365028 -59035301 65840917 6596767
-87137174 -80442183 58935082 -78285802
-82522545 -71699786 53407215 -57160359
-58343928 73165983 2153486 86046360
2153486 -18876192 8906252 61581577
-42036682 -36108933 45033433 86405899
-38659501 13268226 77422306 22317152
-60362248 -31681841 36012198 -16391824
44435636 -88853846 50905294 -67454227
-78285802 -48695117 93116323 -35682000
-52366561 -31536592 -11495274 -20640326
62227052 35249637 91224656 41478888
75453861 -31963650 96125801 62118508
-97338145 -83396015 -95555140 -81247676
-33545323 25690133 83021652 94276650
-87137174 34355063 53407215 42769178
84497081 -97540638 95615818 12070514
-95108601 9788347 12324237 86160386
-5435359 47355492 61581577 85798438
22009036 94209556 92463986 94571954
56485694 -86255406 83493521 -20732552
15523142 -92321145 89989741 -16926353
-31681841 -87137174 33997299 29922063
-84985411 -73913045 14879917 -47310190
-60725006 -43834758 86160386 88549456
-99830731 26555431 14339198 52483755
-6495628 -38448857 10923658 -14383772
5471558 -37239344 56485694 90408408
67882233 -27403497 75842944 -20847679
-57160359 76356657 -33129206 77104192
-6706077 -25426518 93116323 75842944
51831965 -9235821 94571954 57723398
-75871944 -48212797 -22492607 -41959478
-95077628 -57571401 -17125505 4611463
-94094362 -37357175 14570978 -10450920
-22383820 15131672 -1467831 65480070
21420544 -96096270 48213499 60174648
-17125505 15523317 75842944 27668805
-5861909 52988918 97471658 68642790
-35167948 -29585747 -22383820 59080495
-33545323 -11561939 88887716 75463801
-28721853 6848212 13268226 61852256
-59035301 -53528269 -15528804 74960732
-58403290 -57205990 92532817 37319323
-28737697 -12944805 92548717 46640768
2972962 13268226 35334605 24810832
-34049599 60757319 8915434 62107341
-95077628 -80439045 12419047 47019242
-40719211 -38659501 26177547 716672
1972363 -56909508 52967897 -38344169
-40719211 -16014124 22352726 88497176
-73913045 -43721820 75453861 -31266471
59080495 -52823403 67882233 6204894
9788347 -68737491 45033433 77898560
-12944805 -99963374 54469002 27832878
15131672 -8950512 79025716 47691328
-67358743 -82522545 22777008 -14405581
-60328562 4527353 22158670 10810240
-5435359 -19487596 2598358 13149254
-80442183 -55172210 -33663028 -5941812
-31963650 -61959994 72715780 99271749
-69461644 -27411058 -36587489 8915434
-86230690 -49996371 59158727 6596767
-45223043 -19191208 57777324 4926524
56485694 15523317 87993069 30813340
14482732 -98467970 71379660 -51289373
-92321145 -77279944 6848212 66400058
145647 -43592695 18324241 -25426518
57723398 -78285802 74960732 -736209
20284730 -25767048 28820003 29922063
-72190274 4527353 -992022 12163593
-24428203 -20682674 54469002 47495580
-32282626 -71826957 -41648 80570360
-70591060 -30876677 -38344169 -8950512
-41832322 3727598 -20782061 62107341
-82463865 -5861909 -60362248 76614419
-25104109 33131344 -11796245 98373486
-12364432 -87689174 59353103 -75826986
-12565292 -15548152 7601845 18324241
72350993 -56357665 74296937 46666151
12700772 5471558 54865966 68006795
-55009780 -74106824 96125801 20464831
-90141123 -49048427 -25104109 92404195
-15548152 -18434787 70292780 -16391824
-61088009 -50704178 -20782061 -2379847
9992046 -79099389 97742967 -74106824
-5435359 -66377885 14482732 23099707
-20494489 50905294 -16339190 98373486
-50602917 -26164922 79982137 28457357
-20008195 28530981 25690133 75453861
-60198371 -37357175 45262982 37319323
-49736841 -45948949 19719838 -16926353
15523142 -61847785 80570360 79025716
-49996371 83021652 -49603257 92755141
-86632205 -91286319 -68655489 -22383820
8915434 -89390621 28530981 -85452223
-43834758 -74253819 -26722367 60627831
-92321145 -32282626 -83396015 30813340
-61393859 -95097819 73165983 52690199
-54356364 27832878 36161157 73203060
74015772 -24604390 79038994 13800566
34355063 -39148432 50921957 22352726
30405670 -50856380 37434035 -20008195
-52823403 37179091 21420544 51039362
66478016 25690133 67882233 61645380
-12944805 -83620785 47691328 -72383563
-41944093 -99026401 71065927 84497081
-86907939 18260372 18904616 85844864
-61671044 -61847785 12419047 -53325819
-78285802 15558900 5844103 16192781
-51923478 81075077 41370839 99271749
-33545323 -18348995 96093277 20352204
-75979962 -71650911 4926524 -18733861
-62574683 716672 13149254 53149225
-74883969 -58952145 92463986 20049842
-53256057 -20494489 36012198 69496474
44769780 -72263714 61581577 51039362
-95483339 -65211096 88281793 -3503123
49136898 -63753457 60246296 75154922
24810832 -25048848 33046442 14879917
-13918815 -92321145 26183519 81953062
32084073 1545687 50901469 97105772
-36587489 -6706077 -22638964 98373486
20284730 -96096270 59158727 -61393859
-63204609 53407215 -28976872 88595590
-87971641 29344319 41398819 39956742
-25104109 -53528269 -6647212 -19279884
-31439938 -91236287 -23491920 -38834746
70292780 -13276319 80792170 28224915
-13163370 -65648732 58642450 32895005
-99026401 -76690715 -46566878 -35309686
23976252 -29578567 44726041 -14802498
52483755 -74328574 98505725 -5187125
45033433 -85624339 51039362 -46566878
-58229384 53181901 31074738 96586786
-95483339 -76560240 2153486 97471658
-72263714 -20847679 17554978 -176225
-45044645 -83738779 74425175 -22479432
-91525960 -4959738 -65648732 9045558
-57796821 12163593 36618681 47691328
-14113432 -60777707 4527353 98750118
-51864986 -22734282 -35167948 -7606052
-75214425 -41959478 23904615 85844864
-61671044 30990318 30504542 31946588
29956436 -47403853 59837163 26971393
-24659527 -16391824 85798438 77898560
-72223488 9992046 -27277158 26452440
-58403290 -31439938 -33175060 14482732
4927954 -67849537 10861857 145647
-26620893 -45219257 145647 75842944
-40690605 -76733303 71379660 81741652
65702815 -72223488 83493521 -20682674
-35309686 -87263194 52690199 -24659527
-78760159 -72383563 13507760 92643260
-91763111 10230824 -20782061 53181901
-41648 13992460 85844864 27668805
-88266304 -79206741 52247703 73203060
-44486031 46908112 15106796 92532817
-62563386 13800566 -60328562 92973389
-88170994 -81451193 -38448857 72350993
31074738 -47907532 72448769 -14061390
-30541025 -70697509 63071488 36900712
50905294 -74253819 60328265 29344319
-57796821 -39502270 -50510861 36012198
-81735941 -16339190 54909115 -2678013
46998087 -59035301 91224656 78785459
-5513485 -63753457 12070514 88549456
-38344169 -80333959 80909646 50921957
-11331300 -67428279 18260372 -29284909
45885176 -22479432 99271749 -10533549
-99026401 -24428203 24810832 27695862
4312917 -15528804 98505725 87670033
74488309 -61036519 94649530 74425175
-25969353 -80542358 49136898 7774519
-25426518 77898560 21910314 84140303
-736209 -76860144 53377087 -67454227
47355492 -40719211 85541126 70313953
-66068329 10230824 -52757215 63071488
-87437850 3495752 51713622 74015772
47495580 -93817478 74070800 69045597
31074738 -50510861 91086858 32524049
-55536860 12665001 -38659501 30813340
-93028530 -99026401 -42349420 -44195403
27668805 -61691879 81561849 92973389
-58229384 -91590397 -7311327 -35167948
-23594649 -73887412 -6480181 4234729
-61393859 -89071049 -19234111 -74328574
-88723126 60421850 20464831 74196030
-13288809 -86616509 83974520 46666151
-22492607 -87137174 -8153326 39956742
-60291440 59837163 46666151 74015772
42256502 -87971641 96110528 36012198
88847835 41398819 92241296 61766326
-23594649 -32292964 35215784 32646469
-11331300 -30931947 31650658 48213499
-49736841 -63958700 51323453 -44630830
-61847785 -91994842 -2379847 34030986
-84313612 30990318 80426318 76356657
-33283593 -88170994 -22492607 -21074911
-29585747 -53684630 52247703 -45219257
-75826986 -55305648 -65198341 -49736841
-95097819 -95498276 25883817 67882233
-41959478 22777008 -8153326 45033433
5509283 -17732844 31074738 74960732
49136898 15106796 88998700 70292780
-71826957 19052892 -11495274 43523459
-26164922 34341525 88156619 57967125
-72358652 50921957 74048987 84910866
-55143703 -33792801 86405899 71018804
-61847785 -44185790 10405985 -31439938
32524049 1972363 92404195 93116323
-73913045 34030986 22613196 78201493
-2241981 3495752 18260372 26452440
-33526445 -58952145 -9235821 56502340
-40781016 44769780 81953062 83646032
-49842102 26183519 3495752 62118508
30215080 -86616509 66229285 39844692
-86546443 -63204609 31946588 -6706077
-23342871 -83396015 -18733861 30504542
-95555140 18904616 -43542015 94209556
-38448857 -50700079 93807411 -14667766
-11795420 -45835502 30504542 498521
17554978 90339199 88497176 99565898
-39161033 27851916 55650985 59080495
56502340 15131672 86405899 21877953
-76263935 -52823403 -13648754 -11778914
-7656663 -62226881 57645650 82057129
-66907571 -20682674 -21074911 8593101
33263044 -2241981 49300308 78779778
-29284909 -38092301 70082066 48264121
-74106824 -83630142 38923212 81953062
-61959994 -62862315 -28721853 18260372
-83738779 75463801 68950668 98750118
-22147278 -49200345 4527353 91968231
-83064268 -81347192 -22383820 -51923478
-76733303 17869128 63245305 91224656
-78336578 -42036682 59535366 -26164922
-88754974 -24610125 -60328562 27695862
-39502270 -47310190 97471658 -14113432
-35309686 -59035301 88549456 96093277
-45223043 -73913045 -31439938 66478016
-72756321 -25426518 -20783440 18705474
-2241981 -35912525 35215784 90339199
-57074400 498521 41078787 45013706
-74148282 -65521437 -42406618 -42349420
29171881 -55305648 46908112 4926524
-91590397 24519751 -7421136 65840917
-89071049 4927954 -62226881 88887716
-81451193 -78572968 2814779 63820305
26971393 -89298806 34341525 55265237
-19487596 -90333745 53149225 84497081
-47310190 -82316617 30405670 -28721853
-91763111 -44415968 -36354483 82091679
-86907939 -88723126 99779958 98407720
15131672 -58506282 18904616 83974520
-87437850 -92321145 -7482857 46998087
-50704178 -39238921 -7311327 60627831
64739693 -23342871 79312017 12419047
45380917 -22383820 78201493 30908605
-50700079 12623892 24810832 72715780
-74695420 -49048427 -36311787 -28938002
-26363783 -47310190 41078787 -2241981
9365028 -22383820 49136898 32328099
15558900 -97540638 32646469 41370839
4234729 69025005 64410138 91224656
-10542584 -40781016 52702265 62354884
13763392 -86632205 51234620 -81451193
46998087 -47305038 70431436 67882233
-39073136 25004682 65840917 34464512
-97540638 -61979625 12163593 -17732844
-96931355 -68655489 3727598 92463986
-95108601 -9714674 -74148282 15523317
-61587894 -176225 62118508 12324237
-64699109 -81735941 -10679210 47524885
-61847785 2972962 -57796821 15523317
-5090629 -88266304 93044416 8418797
-43542015 -82522545 42769178 85798438
-89436164 -52823403 -72358652 89989741
-88074074 -71826957 -7421136 79637725
62227052 -95483339 74488309 77649523
-22621964 -83738779 -19953482 -5187125
30813340 -59035301 79868838 51323453
-67358743 -78336578 -20782061 36412565
-81451193 -95760923 81741652 26062131
-31788912 -80442183 -2123493 32084073
-39511012 -14673850 63245305 74070800
51039362 -60198371 85541126 41478888
-44415968 -34653407 22317152 40487015
52967897 -55668924 76614419 14879917
-8153326 -85452223 45885176 -31536592
-66377885 -64322431 28224915 -43609119
14445488 -50602917 51713622 -25048848
-97336185 -64699109 97742967 -24428203
-83738779 -62655993 5844103 74960732
-93817478 -76722420 -14113432 37179091
-28813142 -46982634 3495752 -43834758
-9235821 -22621964 -7311327 61852256
-91525960 -41610517 30429994 81953062
-69461644 -35309686 26177547 70278102
-98756170 44435636 -67849537 75949257
46666151 -86230690 99565898 -75871944
-24610125 27947275 -23594649 80792170
-86883543 -63958700 -26071992 -20847679
-36108933 -85292477 -14278046 -2177790
-17732844 -30876677 -7606052 50859110
22777008 -33283593 92240110 -12786761
-26363783 64402747 20794851 94649530
-97540638 -15618822 -83722924 54542353
19443339 -20783440 81561849 23976252
-66907571 -98756170 -6706077 27725432
10810240 -77702121 45045834 17171391
-106431 -12786761 20049842 50905294
-36354483 -90765540 2814779 -60362248
-76733303 -992022 30463071 52719578
-56330289 71018804 50859110 73992829
