1000 -33664447 196283570
-26108987 40918174 55908929 92514748
-33749501 -40675205 -28174903 73329066
-45287938 -46151410 -6442285 38601282
73774044 -46234376 94812971 -16464984
41656816 28467731 48413241 69164335
-14192190 -91917722 93440894 -89095886
-36994264 -74327684 6910783 -5236959
-48058352 -95043507 93092612 94499103
-50721134 16442814 -9906633 65728968
-89347946 -86458560 -11574358 45306526
-77654430 -60911130 -20212921 -60622036
-53499000 -52736260 -33448654 30591971
-63110970 -51155666 -52141417 -12309656
-41282177 -51609799 80226653 65266267
-77094250 -35841229 -51605937 -5236959
-90813176 -63763705 -31542395 -31156842
-59048561 -37807053 2956909 65266267
-55857248 -14192190 12151748 -12811332
-50567557 -49798107 -27220495 35012041
35283876 -97880480 82211854 71882844
-21714780 -23945496 59249334 40662066
-53502442 15596300 -20212921 69569804
-99704408 -39725969 -16864565 39633515
-16289265 -83023455 59757262 94003704
-55977882 -21963464 -50684805 2491820
-39496764 -62028584 31027204 91718464
-14708672 -53965161 19668419 13375150
-18107296 -28553877 71895296 32304950
6342248 -13066280 62300098 61581379
43493820 -29303277 91718464 4224577
20566274 -74639555 73120597 -39349346
-65963744 14190566 17138743 37229131
20292407 -59846966 94628314 92863275
-46173078 -8586078 81394457 57166877
-33744274 36049287 40381283 43105770
-71655780 -6088583 -39581093 66039375
-53502442 -62983299 69569804 89497311
-76355938 -5371022 94812971 17138743
-50545364 -53114633 58960537 -13470938
50008393 -96151498 85740418 50908133
6959885 -82883784 63327241 62958016
20207391 -74615819 52015573 71660952
18779450 -18732418 49203713 -18414492
-82934085 -63763705 -44499480 73403400
-19137070 -35168906 99158180 26885366
-4012856 -99234214 67175168 -78624934
-18343871 -80722246 30626787 75674726
-24936889 -10231362 24486393 54572744
-46825688 -21974911 881515 -11587416
-59087700 -44746964 61581379 79249409
-16214351 -48161267 38601282 -45226039
8532226 -88465026 30870748 84235958
-79773706 -80248813 89246681 -22084872
-88465026 -89347946 57433921 -66902430
70349688 -55441730 75026848 69874849
20603027 23942334 63356554 83557546
-40191197 -45779 94020863 42896479
-37623140 52955817 59253268 59757262
-93922138 -9546285 -79515327 2171079
-55785478 419996 9543494 48205908
-7298739 -87909613 19933059 -45885560
2011340 -32518756 94003704 98346032
-55441730 -28549475 46132086 2956909
-46825688 3048471 47547514 62297694
-88464867 -1251557 19776148 39926918
19054847 -75355000 21074704 -47949042
-23938120 73314900 3242187 92557721
-66727014 -98814355 89321390 -49309007
-84827592 -991878 -6088583 8517187
27192283 -57771113 30015791 -28174903
-72423448 8517187 57671848 71895296
-65197004 -93219976 9925887 -22560937
-86722546 -25368615 76490016 -5219820
-4025441 -20721616 59757262 75574888
12501486 -92661981 92659649 86381334
-67811354 -26347043 92306182 26836645
12209028 34937721 21437756 48956335
-50545364 -49019871 94556461 -11979194
-21235779 -91696934 -5368171 64120399
-27070091 -12388114 -54262 74684059
-95430669 -74639555 35337199 -10170908
21074704 -95895849 21540553 55634540
-51121450 48956335 80884649 65704716
47939739 -18928209 49849633 40662066
-2633936 1839359 74151774 22816251
42741375 -71461506 62574312 71524152
-75355000 40083427 68544435 72322021
1092547 -19137070 39926918 13936383
-27053106 -50968509 41757936 51637307
21540553 -33762901 42741375 64904350
-22560937 -71563830 30013265 -33792497
86381334 -6559827 96868082 77648633
-81866357 34063098 -70278866 68472456
-77592322 70839242 1283493 76109708
-16336050 -20270194 79249409 88673109
6279898 -17850191 79236174 57197297
-43571680 -40093157 -42294230 -38857805
42769136 -71738671 48211110 -2146817
-28549475 -57100688 65266267 76109708
-50567557 34937721 -25165488 96257248
-93153194 -40675205 -68617518 19928049
-66727014 -88439141 -66471135 3242187
40381283 881515 84288309 52965455
-83539039 -13465066 8653313 93761365
32424369 68503765 40918174 92485605
-8759947 -72257258 44915499 -42294230
-16430969 -93219976 30704136 2119169
-97097950 -63680556 -33395556 94747817
-8346750 -82934085 59253268 -11329530
-99234214 -44006427 -76002837 73066168
-74394084 -73257936 58795429 -41489521
-27088121 -84533568 26037675 -20013201
-7298739 -90263664 36565072 33666966
28091066 -27997462 78921195 60246122
-36265835 -84553330 81394457 -34168363
-64522144 -62466754 21074704 -23327262
48071472 20566274 71578065 26341308
-20013201 60921945 43493820 90764560
-44499480 -66471135 -41400749 23175887
6279898 18779450 33235793 97575746
-54208651 -90813176 19296847 28467731
81185229 -60622036 89788717 -33026775
-50533399 -12438650 10569139 42678344
43224125 -51593352 73508719 57647217
29682929 9786674 73460492 69220825
-65103047 -65103047 55213144 49659643
-36363492 -23477117 74681160 16629472
21422430 -53114633 34937721 98710850
18999487 -55294246 75154138 -3710715
28958666 14192049 81216216 85740418
-38604940 -94280578 34964583 13377975
-91169101 -64522144 -79978589 65109531
-43084245 -11207652 70548071 24175105
-68617518 -64726238 -44006427 91690770
-10216950 -87027571 7032376 4813694
-97457287 67341322 -68617518 73120597
-50547838 22375648 64089289 77632471
-65963744 -28370014 39113542 64120399
-20257957 -66204331 17073243 60760918
-57046303 -14192190 90733286 43985345
51637307 -9071917 52522890 64575804
37386090 -97496870 40733498 -84533568
-25165488 -58200122 80884649 57671848
-26322616 -66787949 17624607 92423499
-37802388 -27220495 -5568844 31938042
-34465417 -8233562 46866761 53692384
-30283194 -95930659 29058953 -55101334
-76408456 -43560426 96291498 881515
-47356496 -89910318 -14397183 45796117
-41282177 9786674 10533032 94812971
-3710715 63446848 58887402 69364484
-1963551 -91481180 93929716 19933059
-54598205 90948621 42623138 93055794
-67811354 48534854 29197020 89497311
-14708672 -10231362 -9322588 -7209172
-91917722 -38920885 16442814 30015791
19871188 -85247960 27340136 55713582
-68507999 -21963464 8653313 -16464984
-95430669 29058953 7019745 85568330
-89796344 -94927365 95417223 -634218
-3793431 28524819 8007053 38601282
26341308 45796117 57103152 91568947
13899359 -43571680 52626963 33884112
-14192190 16363843 -9997942 48534854
-88439141 -86458560 71611042 29682929
-13939081 70974273 88651250 74684059
2375059 -57393133 58887402 91568947
-62233814 -85588769 59253268 -53502442
-73929621 -4212450 39904488 -634218
-23977914 -1901617 70992607 23942334
-55294246 -53114633 -30192802 -45382850
30881591 -66772103 42741375 -21588413
46866761 -69410900 97539883 -44299081
-50721134 -54293370 44093437 23551297
-62767225 9925887 40069205 19933059
-24936889 -94280578 -12048279 -86429557
-90230127 -13087143 -73213756 74684059
7019745 -73213756 93499447 -61781865
26705051 7019745 48956335 60246122
-74394084 8532226 16691057 57739756
-62940852 -85554102 50008393 81408585
-69435651 -57100688 -11287475 -13805186
-38604940 -88223442 -28549475 -47280880
-90263664 -56871109 26365966 -55940060
-49321444 -12639856 91690770 20019647
-97496870 -39581093 -21974911 16421016
9299097 -65272845 37229131 -23327262
67175168 -53792702 74253559 66662976
-33762901 -48033109 28958666 98931105
-21574867 -96103466 1540442 63356554
-37199936 -93153194 57433921 7197376
46646445 -37199936 74915740 -28809601
-30724209 -30265253 97456861 78866845
84288309 58887402 92557721 59457437
11350720 -83669836 62604634 25612795
-82107799 -40928005 -48662919 1132356
-2500733 -63110970 40331226 -43537529
47939739 -40886396 51957205 16280835
14517174 -25165488 77632471 94147367
-26327025 -91917722 -24767182 17073243
-97457287 -18511410 -71136024 87478502
-74394084 28565019 55930287 68157028
-86429557 -53253519 -32398105 -2645382
27592091 40069205 92306182 72388527
-26349131 -5987711 60921945 51628907
-87536750 -68617518 73792125 -12048279
-74416659 70974273 74253559 87362424
-75355000 17186352 -43560426 93937471
-44147758 -37623140 92243592 19141038
-35841229 -18399472 22816251 -13227187
-679266 -89095886 19430602 91718464
-85855386 -55977882 -1566991 -6432601
-73603645 -55101334 86164414 66997297
-95430669 24942990 36049287 89246681
46216287 -78149611 47890608 -11207652
-87937936 -93908168 83073531 -83669836
-50968509 -92219931 69845839 16691057
48534854 -76408456 69364484 97456861
31938042 -43084245 57943853 -9838909
-34465417 -24780483 40662066 14362406
-97880480 -32783304 -45287938 -7386826
5005507 -78610226 19247007 36019180
-53502442 -91875843 24128226 -49967695
-71461506 -87624853 -43233123 -86726709
-29303277 -57100688 34964583 -11583668
91565894 -61705205 92297255 -58822801
-43233123 -60881365 75154138 -55441730
-17915385 39234171 92485605 64575804
-17850191 23743253 6959885 64507943
3138854 -27088121 21074704 -5219820
-61705205 -63619043 35864390 94003704
33539760 -52736260 75026848 -16719499
18735900 -38112593 29197020 13375150
-12438650 -12438650 83073531 22499130
-9643906 19671199 45032436 76135087
-97496870 -59038772 21827380 -36363492
-74327684 -40191197 93440894 73120597
-80248813 -57046303 55908929 -54208651
-73221346 64873222 84288309 71677174
-58179068 -79978589 40153494 14256989
-81497935 6248630 48886168 65266267
-99704408 -70278866 93929716 33788960
-66412432 -36199124 -50243655 -18928209
-82302249 -86717649 58887402 98710850
33666966 -22893468 75539197 -14708672
-97503441 -5987711 88651250 48404418
-53236387 -93129064 -34566782 -33278072
-10534463 1062234 3242187 51623022
68472456 -41390888 86094795 73792125
-11725225 26037675 6959885 65266267
-48662919 51562474 6713307 76863946
22824716 -50533399 30015791 -4776296
-98174151 -8419019 80405657 26885366
-31962973 34129779 91214722 67295943
-91837392 16454431 80884649 24128226
-86495555 -97851328 8653313 33235793
-3756063 -80503058 43262265 -51288581
-71738671 58468071 -69561291 69859077
-50547838 -96103466 30107110 -35378496
-28809601 -98814355 9575710 -23882476
29058953 1092547 73120597 22558756
-62200275 -82107799 12209028 -51609799
-74291297 -87037304 34188599 -44499480
40829734 15596300 86603577 31401070
22824716 -13066280 72805352 43493820
36565072 -2715209 75154138 9423774
1132356 -98068357 18999487 28309136
41907190 -24845241 94003704 19871188
-70278866 -47506931 16629472 57103152
-93153194 -53965161 -41667389 -50968509
-71786464 -87037304 92584815 47890608
-66787949 -45382850 -23882476 6279898
2224122 -90230127 92044250 18999487
-97503441 -3424135 -66902430 43985345
-65450308 19869348 56869324 91568947
-23977914 -36176320 55713582 30626787
-98168011 -88465183 71677174 92261979
-93327586 -74172511 -50948276 -28194186
-97662616 -68972096 84288309 93968475
29398992 27340136 65109531 41039564
-69761036 -20721616 74681160 84730579
16816279 -91875843 61178323 -33999990
18735900 -42644980 71960853 24301370
-20975831 -89497453 26134358 40153494
11350720 -57100688 60760918 55930287
-62200275 -89796344 -25897324 -57393133
-3710715 -21974911 11206785 -16289265
-33395556 -5940928 40662066 -5783476
-21657504 -50567557 21508938 -46825688
-96543060 -57466295 14768607 36923096
59249334 -73221346 94628314 96291498
-41831310 -44006427 19776148 -27638133
68472456 -62983299 69218772 -634218
-27993674 -10216950 65472697 15232106
-76494609 -42294230 76334704 94003704
49659643 -88464867 57647217 40377536
29197020 -62940852 74915740 -3756063
-72109861 881515 29425354 1839359
-50721134 27231207 -4511533 78866845
-5973376 -269945 -4776296 67341322
-95895849 19430602 -49321444 62604634
-75310246 -99750318 -62010457 -13939081
-10216950 -27638133 78330692 91568947
-78624934 -93922138 73403400 -29303277
-87027571 -6243978 -63110970 68472456
9518338 -56871109 63872605 -17850191
-11587416 16625712 -6949814 98354306
-43092342 46132086 65266267 65143193
-23477117 -51155666 41427660 17624607
-89497453 -74615819 -27993674 -27477587
-91875843 -93908168 -27477587 -74639555
17073243 -16336050 78921195 2375059
-23837393 10989165 97055170 73066168
-6637416 -35378496 92927644 9591929
20495581 -15915634 64575804 23175887
-89497453 -60881365 88651250 25753358
-53502442 37386090 91568947 69569804
-91875843 712586 33666966 30689341
-83564302 -12284522 -15918688 92491596
-45849382 39904488 -14192190 62297694
-52315999 -46412979 23240462 93499447
-87562100 -81858583 32132070 -34566782
-37387968 -43871326 8653313 42583946
22824716 -95988280 78190808 89577461
-86722546 -35168906 -9990776 14362406
-17569698 27430932 76109708 35020769
-34044149 -86429557 6158204 -57100688
-85247960 19430602 -9643906 48710078
897556 17138743 97204598 30870748
-38112593 -61279134 -29303277 -30265253
72805352 -59419160 77702932 52626963
-17850191 -41999049 34193455 5005507
-57321856 -3733960 76789079 95887730
-73929621 -47280880 2612806 -34566782
-79277329 -91245082 42678344 -79515327
-88428887 9295519 31698052 39113542
10833563 32921 32424369 1132356
18999487 -90813176 73403400 20671174
19430602 -92791952 27592091 -65272845
21651656 -15601862 48251960 37716008
-43024656 -43473799 -29334102 75674726
-69410900 -2633936 42741375 49632118
-13850289 -68986442 47939739 33876454
-98156290 -37387968 -21712977 -12016475
-62200275 -73185931 71661513 -18511410
55908929 -13955137 67563456 96671546
-42644980 -76494609 36019180 -8759947
57647217 -45226039 87362424 -41400749
-96151498 -94927365 91109041 -9451329
-39496764 41217164 -22554614 83557546
-44299081 10776032 2776518 19191229
2491820 -31542395 33666966 94677528
-2715209 -28370014 75539197 82211854
-59048561 -92361448 -5862902 -12016475
-26199092 -68617518 -3756063 71731301
-74572267 -40659955 -51155666 50008393
-30871902 40265174 69874849 75737727
-76117195 -4025441 -44299081 71895296
-66787949 13375150 24893382 78866845
-35831042 -8280662 20671174 78190808
-26349131 21437756 48710078 69218772
24970716 -26866612 57103152 -3424135
-98528423 21540553 -75355000 62604634
-42900405 -89910318 42623138 -74172511
-60911130 -86722546 4136984 -15915634
-25344459 64850169 43470258 66119781
-74639555 -27392293 43105770 -15240473
22816251 -27993674 82685178 82479818
-59419160 -83023455 71731301 4813694
4155222 -49754280 25002055 -12874226
-87424332 -34566782 19668419 76334704
-15998063 -64447771 99648336 16442814
-41282177 -84533568 50008393 -25023535
4155222 -45285943 91718464 -34440452
51637307 -57466295 89246681 13631926
-40093157 -25533134 35741886 24486393
54911315 -28809601 85829454 45796117
-68984032 -25727015 -55441730 55543999
-84827592 -77540608 -3793431 -69080825
39904488 -36552990 58468071 35741886
-14397183 -28194186 48534854 10989165
-23249615 -42644980 26705051 -25344459
-62983299 6248630 19668419 91718464
-53499000 -14397183 -33278072 6158204
-21235779 -25165488 81408585 -60421
-50224204 63327241 54924852 89788717
-22773387 -77540608 52478441 42583946
-14631740 -1901617 35012041 60760918
-56233425 33666966 -23494847 92927644
-84150490 -34902216 -57321856 79419197
-71738671 -96543060 93929716 42769136
-67377806 -41999049 -66736904 90948621
-33953323 -43024656 15596300 13928569
-87536750 59253268 60760918 62574312
-20270194 -66821638 10776032 75737727
-7925851 -14631740 61390523 72322021
-35841229 112398 -5987711 86603577
-75092207 -86918350 -830775 2375059
9518338 -4800086 58468071 45306526
-72257258 -8240646 2011340 4081880
-65103047 -45382850 -34402290 25547451
-48161267 19871188 20671174 27430932
-22554614 -96238289 62719464 18330902
-8586078 -98068357 49730662 76109708
-74639555 -82255766 -50254958 -30871902
-37802388 -68965317 79602079 -37199936
7019745 -23945496 70349688 17710995
-11329530 -59087700 16625712 55801864
-6559827 69569804 92243592 97055170
-11207652 68503765 90812229 96868082
-40572643 15596300 85707953 19191229
-7386826 -85554102 14256989 -72423448
-95988280 -47837423 74915740 97575746
70548071 -10170908 98142822 51628907
43105770 -50545364 57943853 35864390
-87909613 -69622657 71960853 21464009
33073098 -81866357 99142622 84288309
76135087 16421016 98346032 58468071
-76707336 -37301356 24921472 -18928209
-83058715 -92791952 17710995 54425303
-36265835 -3619448 -28950806 61390523
28958666 -11287475 73508719 47547514
-82802548 -42900405 20927780 60694159
-25727015 31451465 32205142 48205908
-28174903 -31156842 -5168931 33235793
-81866357 -56565869 -74198336 -46173078
-23643793 -7110021 6342248 -830775
85795231 -62767225 92044250 73508719
-15811236 -14691329 13631926 52015573
-44299081 7552872 59880386 93761365
12773889 -69435651 26506418 -7770334
64850169 6250538 73393998 14256989
13377975 -95430669 44846420 -90230127
33539760 -54262 79602079 20671174
-7386826 -80248813 74731157 -13465066
-77094250 -81551536 -12284522 90812229
-83058715 40069205 39290453 61339312
-76117195 -43610101 65884108 -13955137
-9179714 -72257258 14256989 49582013
-82302249 -89910318 53963050 13509779
-79515327 -36363492 -36363492 26365966
-5168931 -2170299 28524819 19904440
-35841229 -38112593 10533032 89773504
1283493 -19401315 61299557 57943853
-74394084 -69609793 19430602 24175105
41656816 -68617518 81394457 51637307
35020769 -17915385 46538105 45748188
-97097950 -97851328 -76494609 -21588413
-43560426 -94280578 -26108987 71882844
-91837392 -47513402 9925887 91568947
9786674 -30458933 89246681 78921195
-29303277 -97024103 -3424135 62677492
16442814 6713307 17138743 97575746
16421016 -5236959 39234171 76109708
-7209172 -45699315 69364484 2224122
-87909613 24486393 86164414 41731410
-62466754 -81858583 97417675 62942233
-9775868 21962942 35283876 75154138
-98528423 -50547838 98931105 20566274
-95043507 -23945496 -16214351 92514748
-30283194 -65550753 23942334 -22560937
-17928645 -98453723 29953036 -85247960
-41282177 59457437 75539197 67768729
10776032 -181808 92927644 55213144
-16214351 -34566782 17186352 20207391
9591929 -76408456 95887730 -10170908
-71738671 -93129064 16421016 97204598
-56602794 -25874219 62655339 -23643793
23070672 -74572267 91568947 57238021
-90182345 21205125 29054338 91690770
-97457287 -37623140 -16719499 24984378
-33395556 38177879 14108578 71882844
-53502442 -34044149 48710078 39113542
40265174 71213545 73403400 94747817
-93327586 -10384462 -34044149 13936383
-55857248 -8280662 -27916806 93433249
-62767225 -92535418 -40191197 30107110
-33448654 -88428887 -20721616 -10170908
-69761036 -66736904 29054338 21508938
-45382850 -80963640 5765562 77641588
-90000193 2612806 2375059 16691057
-81497935 -44006427 -40572643 19191229
-40487425 -33999990 76334704 84468010
-78610226 47332969 39633515 99648336
-98642019 71611042 -16464984 78190808
57739756 -73461037 75574888 19430602
2491820 -24015916 50773500 35012041
34937721 -28828170 79419197 -17928645
-53499000 -43537529 89321390 1227274
21827621 -47513402 65728968 66997297
-30138493 -7386826 81654448 52752626
61094902 -92838700 81408585 17138743
48211110 -55294246 51957205 14190566
-2645382 -55977882 76490016 42583946
-54262 -76117195 83557546 19933059
-6243978 -76918873 53692384 62574312
-69561291 -24239422 9543494 -3733960
-27053106 -14192190 48413241 40662066
-32011001 -75310246 24128226 -13765066
-74781586 -80708332 57433921 24175105
-1737839 -61046607 67768729 66575367
-30871902 -62983299 -2645382 -60421
-11574358 -88465183 42339506 -60911130
-80205476 -46234376 -47360535 -11979194
-34566782 9295519 30689341 22824716
-73803556 -90263664 -58179068 -73151387
-86817079 59880386 92044250 79249409
-34902216 -77103354 -269945 1092547
26341308 -77540608 94812971 90812229
-82302249 -50721134 -15240473 12781351
-82302249 -55101334 -34440452 39290453
45306526 61178323 94020863 77648633
-90371875 -50684805 69218772 67768729
-68965317 -91327116 -15998063 -73603645
-50968509 21464009 -12048279 27192283
46866761 -90716711 90948621 -50968509
-55977882 -55785478 -5973376 26506418
93761365 1283493 99648336 35741886
-66821638 -51121450 -66727014 42583946
68157028 -39496764 85707953 -20922692
52478441 -92700551 71754250 14953155
17131541 -67811354 71578065 26261635
-51609799 -82302249 17275820 45306526
1132356 -91917722 42769136 64507943
-9420596 42898817 17186352 99648336
-87458474 13501339 29197020 81216216
-30192802 -87586140 42339506 -41282177
-44746964 -28828170 -2179931 90764560
-58822801 -40886396 97539883 32921
-47280880 -98174151 -20013201 13928569
-99127115 -79277329 12396035 84774954
-90371875 -74172511 68157028 94003704
-63763705 -97851328 -27477587 -62983299
-86817079 -86369036 2776518 31698052
-4025441 -46743336 3242187 80648129
-86817079 -40928005 2612806 24984378
-5568844 90733286 90812229 99416880
13631926 76135087 50773500 76840309
46538105 -4511533 77632471 37386090
-74198336 9518338 62655339 92557721
-5368171 -30138493 27178071 49849633
-23494847 24301370 14108578 61094902
-18805915 -82302249 42898817 25612795
-2715209 21074704 34188599 94626872
40083427 -67587186 64873222 -51155666
-45382850 30689341 40069205 71578065
-44147758 -87909613 15596300 -27088121
69673455 54572744 79419197 95417223
29918334 -51605937 79738138 86164414
-9990776 -97662616 92703059 5005507
22816251 13509779 85740418 14182518
-65272845 -2446193 -23977914 16691057
-87909613 -99171324 4350623 -10068381
-97097950 -39554670 -62466754 24893382
-54293370 1092547 47547514 92306182
-42079671 -4212450 -29841103 23070672
6901560 -35784144 77632471 40265174
-34566782 -91875843 11646994 -18928209
-9179714 -97154440 -8413460 49849633
-36994264 -59517891 25547451 -41282177
-95930659 -89796344 61742019 10533032
-50075824 -91917722 -16531507 -55101334
-79515327 -46825688 -57466295 30626787
-99867607 -55857248 73460492 3242187
-19151407 -62233814 33235793 19671199
12151748 -40487425 25612795 83073531
-76900797 7854234 2110784 76135087
-27392293 -80722246 69844497 21651656
-50254958 27178071 89403644 61581379
-93219976 -80503058 -66787949 41907190
-20922692 -78639989 1952020 -72106203
-10216950 -88465026 45927420 -52377880
-35841229 69845839 27192283 90812229
-54598205 -73803556 4081880 30626787
2956909 -21657504 91109041 29058953
-33749501 16974748 72677939 32424369
-98168011 -15915634 22999435 88673109
69673455 -21245464 73329066 92927644
-98453723 -5168931 -40675205 -295777
15276417 14190566 78921195 48534854
-33762901 -99114952 61706143 -51288581
-79652640 -36946710 21437756 -12639856
-12309656 -52377880 -2500733 -43537529
67341322 -16430969 94234241 -2500733
-74781586 -18928209 30626787 69218772
-80755444 -94666918 62958016 61581379
-22275791 -43013525 21508938 46818293
-59038772 -12048279 93937471 33073098
-9838909 28524819 94147367 73120597
-80755444 21962942 -3710715 76524143
23156085 -27993674 57647217 93929716
-74615819 -43537529 -28194186 9518338
16421016 -49200484 23175887 -34044149
-14397183 -73811704 14190566 -6432601
-35168906 -59048561 20566274 -44299081
-81858583 -46234376 -9775868 44915499
-34266505 -50224204 90672860 -42294230
-60881365 -991878 -49321444 30626787
-79652640 -79773706 13509779 60471826
-40953591 -59038772 -3984731 -49306932
-37802388 -11329530 19871188 40831875
-90263664 -23837393 69859077 39633191
-72948081 -98168011 -28553877 92485605
-92661981 -30265253 -49309007 -21714780
-2146817 -10762390 30881591 21962942
-86722546 17988846 -28877537 63327241
25612795 7754439 40153494 73066168
-43092342 7386306 10101742 91187095
-73811704 -24239422 12501486 92297255
-14684969 -18135004 90764560 -5368171
-89118002 -9906633 67563456 59249334
-14397183 -33953323 76863946 67295943
-80577578 -36974345 81654448 -18805915
18330902 -93153194 40831875 92863275
-92361448 -74394084 -69761036 -54095870
55713582 -54902833 76108162 41217164
-91481180 -60421 -73221346 12501486
-72106203 -76238172 419996 -34402290
-74385570 -53253519 -30138493 28524819
-57321856 -78639989 77641588 73066168
71578065 -92219931 90672860 45306526
-4212450 41757936 33539760 69879826
-87037304 -2415836 -33448654 39633515
-77103354 21651656 -18805915 71660952
-75092207 -15915634 39190106 8532226
14822775 3828397 26341308 21651656
-67377806 71524152 -49321444 92297255
-10068381 -11329530 85740418 54944561
-94373474 -61917610 -4025441 -61484770
-43571680 -56233425 53518325 -2146817
-72423448 -30871902 1227274 22558756
8007053 -97457287 87478502 36709296
26037675 -21574867 65143193 50908133
-4776296 -70643064 36795050 64507943
-95930659 -99882439 49849633 23156085
3048471 -50224204 29682929 -48033109
-60622036 -51121450 2471155 26365966
3899725 40381283 58826880 50247277
-69080825 -55101334 -43084245 -2446193
24124640 -90263664 93433249 -74639555
-71412482 -83564302 24128226 76108162
45927420 -15811236 79602079 16969352
33539760 -85588769 90733286 41907190
-42653645 -44746964 35720865 29953036
-74566689 42769136 51562474 70548071
-70387207 65472697 97575746 67416911
-74615819 28565019 35741886 52965455
-71136024 -40886396 29953036 -34465417
-53965161 39633515 24486393 75154138
-14691329 34193455 6959885 71882844
-70278866 -69748551 -7110021 75574888
-30138493 -69748551 -18343871 -22084872
-22893468 3048471 24301370 17186352
22824716 -50075824 34193455 40829734
14108578 -63619043 52015573 86094795
82770210 -24865559 96291498 43612593
-1561146 40918174 91568947 48605737
-3295626 75674726 61390523 89574556
-94221146 19933059 -36974345 48413241
45796117 -28174903 70974273 39904488
75571069 -72948081 80648129 60694159
79249409 91187095 95887730 96378426
-73185931 -33792497 40377536 71882844
54453481 -98949735 71754250 91187095
1839359 7552872 40331226 74286637
-98174151 -77103354 -54902833 91568947
26773458 -11979194 49849633 -7209172
-66471135 -76707336 -47596235 8653313
-43610101 -20973188 -8346750 26134358
-59087700 -92700551 -55134539 36923096
-48058352 -98504018 -39657914 97055170
-36946710 -57046303 36795050 32921
-55785478 -81866357 -50254958 -269945
-27088121 -59517891 69220825 -30987504
-45849382 -43233123 -4511533 42339506
-95343739 7197376 -24767182 24921472
-99171324 -79737784 -15918688 -6243978
16454431 -34465417 28565019 57166877
-54598205 -49306932 -51609799 68544435
22422566 -50721134 63446848 63356554
-24767182 91718464 -18511410 92297255
-295777 -85588769 73508719 42549987
-88223442 -87562100 -32011001 -33887770
-42653645 29197020 1952020 40331226
-54262 -10231362 89609873 24984378
-96151498 -77540608 -91169101 6901560
-7925851 -8759947 62835228 2485726
-51605937 -23945496 -22084872 63872605
-57046303 -81551536 -47949042 89403644
42685252 -83539039 77632471 -53792702
-73929621 -40651728 61178323 -15240473
-17569698 -74385570 75574888 74286637
73066168 48071472 89577461 54572744
-99127115 -55977882 -38857805 29398992
-97178727 -70387207 89577461 57103152
24124640 -10762390 98931105 44114143
30626787 -47506931 86434897 34937721
-84827592 -16719499 73460492 67477535
-8240646 -27477587 97539883 -13192914
-82302249 -43871326 2119169 -36199124
-74394084 66662976 11206785 70992607
67563456 -61705205 92491596 -25165488
20566274 -11304088 97417675 19430602
13899359 -55857248 26052089 37386090
-98156290 -17669080 -9643906 11374924
-37623140 -35168906 -315295 99142622
-99061048 -28950806 8879753 -10563041
-90230127 -71786464 -62233814 -7925851
-27392293 -51155666 98931105 41039564
-11587416 3048471 55213144 26705051
-16336050 40381283 73314900 64507943
-31765100 -30724209 90727057 52965455
-48343124 -87536750 -13087143 -82802548
-53050197 -9451329 -46173078 90812229
-53919195 -50635200 -3733960 23070672
-50224204 -69622657 -46151410 12151748
-90263664 -14631740 -79515327 -4520045
-14708672 -83564302 17624607 79419197
-23837393 -12284522 7106377 74253559
-15849884 -50948276 61742019 -6432601
9786674 -74615819 21441421 -26199092
-57771113 -75867795 5765562 -13939081
-88465026 -84553330 30013265 9543494
-95895849 54453481 -38920885 93092612
-44856684 -23882476 92485605 -22773387
-62010457 -84827592 80405657 -41509349
14517174 -65450308 23942334 -20975831
-64447771 57647217 52217284 63327241
9299097 36709296 97417675 89577461
-91481180 -97457287 92514748 2612806
-61484770 -80577578 -181808 9925887
-25874219 -51993740 86164414 42977026
42583946 -75092207 94626872 86094795
-40093157 51628907 77648633 69364484
-71655780 -55857248 -8280662 99648336
28091066 45748188 94677528 91690770
-99061048 -830775 -44499480 72677939
-70278866 -47949042 -64522144 -23477117
-55441730 -21235779 -14397183 42123890
-30458933 -20721616 73774044 82685178
-86495555 -78610226 72388527 1540442
-26322616 -85970067 91565894 -15601862
14192049 -44199931 19904440 -9387092
-72423448 -57100688 54944561 -25874219
-2715209 -61781865 23867678 -54208651
-37802388 -23643793 -5940928 52217284
-51121450 -55294246 76863946 43985345
-14684969 -90263664 62300098 -295777
-94666918 65884108 89811953 93055794
-14631740 26705051 46538105 66575367
-13227187 -94015651 37229131 46538105
-78881895 -96543060 -59087700 7981216
-12284522 -82883784 51623022 73792125
12564791 -12438650 62237740 49203713
-13850289 -71136024 12209028 74286637
51562474 64507943 96257248 92491596
-91875843 -80722246 -37986239 92703059
-85554102 43622314 62604634 48646026
42785363 -66204331 58468071 -16531507
2012579 -75310246 98346032 67563456
-76918873 -73151387 -28370014 -40093157
-7110021 49632118 2491820 67768729
6279898 -27088121 53518325 93499447
29682929 -55785478 58887402 73120597
-56602794 -19967871 -48343124 62574312
-25502788 -14708672 -13652413 62835228
-38604940 -90371875 -25165488 94020863
9299097 -88223442 37689171 36923096
-71786464 20927780 47664251 21962942
-27220495 45796117 -20212921 54425303
-62466754 -46743336 29425354 -27392293
1227274 -36994264 33884112 52955817
-5783476 -37807053 897556 -21974911
-81551536 -53502442 -59827623 1092547
-53792702 53963050 -52377880 91214722
-74572267 -65012315 -53114633 -25165488
-1313626 -28553877 96671546 -12438650
-88428887 3242187 -8346750 55213144
-80755444 -4212450 7981216 44114143
11374924 -7925851 18735900 -3619448
-15240473 -48343124 75737727 27592091
-62233814 -23477117 -5987711 19054847
-46743336 -75867795 86094795 -35784144
-57100688 -25461746 27863721 -11583668
-23477117 -47513402 62719464 29771718
-53919195 -91245082 55213144 77702932
3242187 -45792762 57624911 -39349346
25002055 -88428887 63540542 7019745
-50635200 -65012315 48413241 71856907
-95430669 -18135004 30107110 17988846
43985345 41731410 70992607 42977026
9591929 -12639856 94020863 -4212450
80884649 -88465183 94747817 -54738017
-98453723 20799042 -53050197 36019180
-830775 -17915385 8517187 10776032
-67811354 -5987711 4511423 61339312
82770210 -54095870 84288309 -24780483
-96103466 13652518 -33792497 85795231
-40093157 -23327262 94003704 63274885
-63086490 -73929621 40265174 -4520045
-92219931 -97662616 66860795 28467731
-26327025 -97880480 -11146869 34063098
-18511410 -89095886 47798123 -452027
-30458933 -64447771 -10384462 30626787
-40572643 -36974345 89788717 21651656
-4212450 -2415836 20292407 19296847
-27916806 -49321444 -5568844 85451711
-27070091 15276417 -21974911 59880386
-36363492 19671199 79602079 40918174
-36265835 33235793 4155222 42898817
-181808 -61917610 39290453 70974273
-79773706 -7209172 89715046 76135087
-91169101 -91837392 27592091 94812971
-34402290 -66827442 63356554 67194240
-71738671 -89497453 -4562092 52655458
-20013201 -85247960 16974748 -22972848
-49321444 -98528423 -45226039 92044250
-295777 -98427957 14192049 23240462
17131541 -96543060 71856907 93937471
-51993740 -6243978 712586 89788717
-89497453 -20975831 55634540 36709296
-30644234 -37623140 71524152 87362424
-62983299 -2446193 -49754280 6279898
-22554614 -90371875 14256989 -32011001
54054398 -74572267 82479818 16629472
-38920885 -95930659 -27088121 36709296
-26569774 -25368615 -21235779 13509779
-69622657 -9990776 62183085 7450864
-9451329 -13470938 24522210 87362424
-20212921 3828397 -2633936 80648129
-79280401 -68986442 -17928645 -18399472
-86429557 -63763705 16625712 33876454
-26349131 -12309656 70349688 65728968
-55857248 -87624853 -34402290 -52377880
-24767182 -31542395 67563456 -5862902
4155222 -29841103 53518325 49659643
37899601 -74639555 62719464 -20418983
-75355000 -98814355 93937471 92306182
-62219975 -65272845 -6670606 47547514
-80963640 -41831310 99158180 15596300
-54902833 34188599 99158180 46216287
-76707336 20799042 21540553 35741886
-93327586 -26549045 -78149611 72677939
-37807053 -6949814 81216216 79738138
-43024656 -95895849 -29334102 35720865
-67173820 -66827442 54054398 20927780
-10634866 -93327586 27430932 -27916806
-88439141 -41390888 10408763 86434897
-75092207 -38920885 -73151387 23175887
-47949042 -91169101 87478502 4224577
-42653645 -55977882 41731410 -40093157
-62233814 -83023455 44114143 -13805186
90812229 2011340 98142822 48646026
8517187 14953155 20799042 26037675
-21235779 -88223442 -1737839 -7770334
-34402290 -79280401 21827621 52655458
13652518 -60911130 16816279 36795050
-50968509 -50254958 54453481 31401070
-1302216 73460492 46216287 76789079
-48161267 -94164102 49632118 90812229
-43070329 -98174151 59249334 -16464984
18539173 -43571680 60471826 40069205
-52736260 897556 40918174 98931105
-92564095 -10170908 -11979194 46216287
-86458560 -85247960 -37802388 -31962973
-46743336 -27053106 59253268 18779450
12773889 31027204 51957205 60471826
-11583668 -58200122 57943853 49849633
-9387092 -43233123 -2715209 -10231362
-71563830 -55134539 -49306932 43612593
-4511533 -26199092 65472697 20019647
-22554614 -991878 14256989 12209028
-62983299 -36199124 48413241 -17915385
2171079 -38290977 8517187 91690770
-56871109 -59087700 -40953591 -18805915
-92564095 -58240617 -91327116 -42644980
-94484526 91565894 24128226 92703059
897556 -50635200 43622314 26037675
-34402290 -94927365 49203713 -10231362
-39349346 -96974958 27192283 87478502
-98068357 -56602794 -87562100 -50533399
-3756063 66575367 67017292 85740418
-63680556 -54293370 -45226039 19191229
37716008 -25461746 71473943 -3793431
-73803556 -53114633 93092612 -37807053
-58200122 -56233425 82479818 71882844
-97662616 -88465026 2011340 24893382
-49019871 -44147758 24128226 85848274
-20270194 8517187 94702046 34964583
32304950 -40928005 55430358 96378426
-81085737 -67173820 -43013525 -41999049
-79652640 -12284522 -33395556 54944561
-40093157 -49200484 -18107296 92261979
-89051500 -15240473 -15627642 25547451
20960018 -43013525 24124640 -16214351
20019647 -57100688 81408585 62574312
-6432601 -16317007 18735900 37899601
-54095870 -28194186 -15849884 8007053
-41400749 -19137070 26574869 73314900
-26349131 -43871326 -12388114 32432334
-68986442 -11287475 62604634 21464009
62835228 38596503 67341322 43470258
-56871109 45748188 46132086 77702932
-88428887 -39496764 -30283194 70974273
7386306 27231207 52752626 92485605
-94666918 -97503441 -28877537 41693912
40662066 -69761036 51623022 67194240
-68972096 38596503 -21974911 96378426
-88376019 -63763705 19869348 19776148
-46234376 63356554 -37508321 85795231
-74639555 -99061048 51637307 -70697873
-22893468 -13955137 99959407 23867678
-66727014 -41667389 -45849382 -13850289
-89118002 -86817079 -50567557 -20336100
-49798107 7197376 -37387968 41731410
-89497453 -78624934 -11725225 3899725
-47280880 33876454 14190566 58795429
-31765100 -2179931 34129779 8653313
-44567054 -41999049 -37387968 38177879
-27638133 -30138493 -20212921 80226653
-19401315 35741886 3899725 36923096
-15849884 45032436 7981216 69569804
-71136024 -33999990 -42900405 -7298739
-86535209 -45287938 11374924 42123890
36709296 -96170860 42896479 -11207652
-60881365 40265174 1952020 48835642
-24411437 -5095541 61178323 45875247
-75310246 -83564302 -68319320 -33999990
-50224204 3325721 25002055 73508719
57238021 -50533399 72088037 96257248
-13087143 -76117195 97417675 40069205
-40659955 -52141417 20603027 -15849884
34710594 -43560426 65728968 71611042
-83058715 -9420596 48886168 41731410
17988846 -33887770 67477535 67341322
93968475 -15998063 94796612 92306182
62835228 -40953591 91565894 73774044
-99234214 -32398105 -55857248 30015791
44915499 -18219741 45927420 -15918688
-83058715 16691057 -18399472 57103152
-95343739 -83058715 5005507 -22773387
-30724209 -14684969 90812229 72038253
-27997462 -17928645 43224125 3325721
-96103466 -24767182 80516030 72805352
-32783304 -74416659 -8346750 -33448654
-76707336 -48343124 57671848 38596503
-86429557 -26349131 -55134539 -4025441
24128226 22422566 48071472 42741375
-98168011 -8759947 -5940928 99131918
-50948276 7450864 -32518756 86164414
12773889 -86458560 42896479 99959407
-72257258 -80577578 -37301356 73403400
-84827592 -28174903 55930287 -19137070
3325721 -27244549 16816279 18999487
-28950806 -74327684 29197020 -16719499
-61046607 -23494847 17275820 26134358
13631926 -77540608 98142822 30689341
-83560932 -88464867 57739756 19933059
-98156290 38318473 -46743336 98346032
-66204331 -47360535 -42900405 -16214351
-40923805 -91245082 -17569698 29398992
-83564302 -81858583 -57466295 -45226039
10569139 16816279 74405719 27231207
48071472 -77094250 67017292 -13955137
-32783304 -27997462 -31389216 39113542
-64447771 -40093157 12396035 -11146869
-33792497 -30724209 -16289265 97575746
-97024103 -24710364 -56602794 -679266
-26108987 -47360535 6248630 -4562092
-13066280 -97851328 33539760 -85532269
-47360535 -80755444 17710995 87362424
19933059 -44006427 97456861 98710850
4081880 -76371591 61706143 13375150
24921472 -25023535 96868082 142390
-66727014 -4212450 -62233814 -3515815
10606973 -14631740 31451465 38318473
52752626 -8586078 91813357 -315295
-21588413 21508938 48094365 30015791
19430602 -6088583 51623022 -3733960
-76918873 -34902216 75674726 30626787
-7386826 -20721616 46818293 85848274
-80503058 -22773387 98346032 48251960
-84827592 -8586078 -83688734 92584815
62574312 -2633936 86164414 11206785
-76707336 -43560426 40083427 -25165488
-66902430 -181808 92659649 67477535
-2170299 -79280401 2776518 -830775
-82802548 9591929 -54598205 17073243
-91651246 -10762390 52752626 77632471
-81085737 -91917722 1132356 53372708
-48033109 -10384462 -44199931 3899725
-34566782 41039564 71882844 92659649
-59517891 24893382 -46743336 62300098
-36552990 -20013201 -31457568 3828397
-99127115 -69435651 61339312 62183085
-18343871 -18805915 59457437 99416880
15596300 -90263664 66119781 62655339
2776518 -22773387 97055170 9925887
36591039 -34266505 49203713 71660952
2956909 -5568844 33876454 14362406
