1000 -23871934 33256820
-84117293 22701736 -51051606 42709187
16521970 44646166 95906107 97067425
-53596924 49180754 -33555514 57064958
69365173 -73751205 92333612 81450307
-93267728 -56250573 73499556 72392594
-81014060 -69199083 -13242737 -42839591
-76537564 -84414778 18128375 -39602692
-43349068 -91665680 32432971 -53596924
-60662859 -22995734 -3931614 62375720
-44802696 -84591028 97067425 -14493192
-74885442 512332 92333612 26493211
-23852638 -33852950 -11112845 21434492
-75060534 -91286093 -13780965 -69506714
-78413597 -85598687 46635261 -33852950
-86415386 -57929005 -15287413 70750441
32432971 -53788973 75907448 -39909720
-68338342 -33555514 -58382366 -27751807
-53596924 -76915026 -8091055 -23084179
-90984628 -46503838 96711627 -8289289
-68133120 -16083638 -51051606 13224525
47623706 71113542 80645678 92769130
11893855 -21790605 87687719 58491128
-66778249 -9858885 -60009180 50050816
-67072748 -52468566 95213346 58229301
-44802696 -5917496 -22438754 26493211
-91665680 -39602692 -38273776 90350126
-71566389 -42839591 87687719 34866589
-48545534 51562567 50050816 99785265
-39213529 -53788973 -22995734 -5917496
-90785958 -53596924 77515244 -38816674
-59489645 -60662859 56895413 56895413
-7144775 6898547 68092054 70052357
-96760081 37822815 -58458546 59538274
26992237 -91665680 61224820 32910916
-95510484 -59489645 49845924 97067425
-3931614 36050305 42217530 78616851
59456707 -91286093 68092054 -22995734
-85598687 -62794383 -59489645 92769130
-53730232 30154722 17673842 42847118
-7144775 -18288840 27933227 62586956
-34666216 6163112 50041357 96711627
-39213529 -12552939 42217530 61224820
-55419870 -42839591 -48728965 81450307
-76915026 -13242737 -11112845 27093708
-65364709 -57979981 24074443 -32445969
-82523893 30978449 -50721634 70750441
-75172590 -13833441 -69506714 36230496
91543654 -66774549 97067425 -8885225
-44760886 -19747315 -9858885 -4018368
-65364709 -19747315 96711627 8386366
-60653053 -26315667 47067745 33868398
11893855 -42839591 80776425 34866589
32910916 -99583694 47067745 95906107
-71566389 -58382366 84891864 -55561232
49180754 -42408785 71113542 -25727146
-50246053 -84117293 -38273776 50041357
-81826583 11893855 -24572301 35108922
-73142847 -81826583 1534690 91543654
-74873051 -33940392 -23852638 -30661168
-83030780 -27751807 74482449 -12552939
-874166 -78413597 99247936 62586956
-89533387 -74873051 -57487995 62586956
27093708 -874166 77739222 59071146
-55419870 -13780965 69512891 1380227
-97431586 -27524019 -56250573 91543654
-60653053 -39595941 -50721634 50050816
-38816674 -86415386 29970676 -81644030
-80916723 -86415386 78206652 59538274
-84414778 -70642124 -33940392 77633333
-30661168 -46503838 33598624 92333612
-86415386 -75880616 11199976 8386366
35108922 -16083638 41723028 21434492
41781832 -60663958 59538274 84891864
-30664238 -53730232 -25727146 78616851
-60663958 -60653053 48234817 30154722
4454163 -1124727 92487256 26493211
-91665680 18657633 92487256 42986683
-42759524 -4018368 -39602692 58491128
-69506714 21434492 90856714 87687719
-39324206 27093708 33598624 51333898
-22448778 -34666216 68092054 -22448778
-39213529 -55561232 34866589 11865740
-59489645 -90785958 51333898 95906107
-91665680 -76915026 -68411877 73499556
-84234646 -7063066 85303290 52201017
-84117293 -5255756 72427252 37822815
-96524728 12435015 -23852638 54834576
4454163 -86774081 41723028 90856714
-22448778 -83452480 92769130 -53596924
-11694951 -48545534 49180754 48234817
61077663 29970676 74482449 36880242
-53788973 24074443 -22448778 95906107
57434583 -3022159 80776425 48234817
-60009180 85742576 20804643 99171883
-46445989 -70081294 -9858885 40224551
-73302829 -80916723 -11124046 -29956469
-70642124 -25727146 85742576 41723028
-99583694 -66778249 -57929005 11865740
-74886469 52201017 58689191 96711627
-81826583 -91665680 -49638582 16521970
-24572301 1380227 59538274 42709187
-46445989 -935475 1534690 47780149
-91637054 -79876444 47780149 -33555514
60059718 -15398069 72538991 -13780965
-73751205 -96760081 -64901478 10729107
41781832 16222204 46666858 62586956
26493211 -69199083 72392594 5931715
-45526613 -83030780 58689191 90519858
-60662859 -70642124 -11124046 37822815
-1124727 -96760081 50050816 -52723088
-68338342 -69506714 -52723088 -39595941
-50947153 -75060534 -50792941 95906107
1534690 36050305 30154722 97532488
-71566389 18455102 58689191 72538991
-91286093 -81644030 44646166 8135671
30978449 -53788973 44646166 57064958
18657633 -82523893 80776425 -65364709
61077663 -33940392 62586956 -16083638
57434583 77739222 72538991 93753900
-33852950 -83903796 31727694 34866589
-5917496 8386366 57434583 71137073
-86415386 -15320833 -55561232 58612906
-33555514 62696468 -9018984 80776425
-95510484 35108922 50140048 46666858
-69506714 26493211 -22448778 91543654
-33940392 -81092007 18449094 27093708
41781832 11199976 58689191 71113542
-60653053 -52468566 48234817 27093708
-30661168 -50947153 18478360 93753900
-57487995 -76956900 52901799 -15304900
60059718 -98238117 62586956 11275831
-53596924 -53788973 71113542 18657633
-52723088 -75880616 -5255756 18128375
-22448778 -30224680 90519858 32782006
-3931614 -90369803 11275831 -25727146
-33852950 -39595941 49845924 -7063066
-81826583 -14991924 59538274 -874166
-3931614 -62794383 -935475 18449094
-75172590 -93267728 -74885442 -49638582
62375720 -83452480 74482449 -38273776
-83030780 -65364709 95523405 -60653053
-22448778 70052357 -9858885 90856714
42343118 20804643 86883716 95906107
-67072748 -66774549 77515244 26493211
1422886 -80916723 80544886 -65364709
-90984628 -42759524 76064640 -14991924
-91665680 21434492 78616851 31727694
-60009180 -43349068 49180754 95213346
59071146 -39213529 80357242 6163112
-93267728 -69199083 1534690 8135671
-83452480 -91665680 92769130 -9858885
-43349068 -52468566 70750441 -50246053
-75172590 -30661168 5931715 42343118
61204021 -89533387 90350126 82059618
-16083638 -76780393 97067425 52901799
-58382366 -81092007 10729107 -13780965
-46503838 -7144775 54834576 86883716
-73302829 -15220810 -60009180 71137073
27933227 -93267728 69409116 41723028
-89874486 -78413597 -8885225 -71566389
-70642124 -44802696 41723028 10729107
-91637054 9583880 35064056 37822815
9583880 -94962280 80357242 -60342322
-87502085 -39213529 61224820 52901799
-66774549 56895413 47308201 97593550
33868398 -36140890 51333898 69512891
-36140890 -39595941 69409116 -25727146
-8289289 -84414778 -935475 35108922
24609337 -68747823 70433629 24609337
-33555514 2768398 56895413 87687719
-3931614 -24572301 26720400 1534690
-8091055 -5169731 92487256 90350126
-3418521 32910916 22701736 80645678
-91665680 -55420634 40224551 90856714
-38816674 -85598687 16521970 90350126
-91286093 -30224680 -70081294 -24572301
-83903796 24074443 -50246053 82929963
-51860578 -935475 -42408785 15465710
11199976 -78413597 11893855 -42839591
-30224680 -39324206 11865740 86883716
-15320833 -86415386 -3022159 36050305
-23084179 -90785958 26992237 -8091055
-7063066 -15304900 36880242 77739222
-58382366 -80916723 -26315667 -75880616
-34666216 -21790605 82059618 42709187
-29956469 28170710 61077663 47308201
-68338342 -66774549 -24572301 -15220810
-24572301 -14991924 51562567 36050305
-81014060 -42408785 90856714 72357331
-95510484 -10548912 -17444891 72392594
-99583694 1380227 85894034 80357242
15465710 -45526613 18478360 97532488
-58458546 -7063066 -7063066 28170710
-24572301 -92490080 18657633 -15320833
-68411877 -30661168 16521970 44646166
-22995734 -28289746 6898547 27933227
15465710 -12552939 82929963 91543654
-60662859 -93267728 -48545534 -73302829
-70642124 -52468566 76064640 47067745
30154722 34866589 36050305 92487256
-19747315 -86774081 -15320833 -84117293
-90369803 -46503838 -38273776 -33555514
-64901478 -76915026 -25727146 96711627
-69506714 -36140890 -22448778 40545410
-15304900 -8091055 18455102 74350069
-44760886 -78166199 74482449 -75060534
-33852950 -84591028 15932894 -8091055
-27751807 61224820 72427252 72357331
-52723088 -50246053 -5917496 -42759524
-16083638 -70081294 95906107 18128375
26493211 -91286093 41781832 36880242
-69199083 -75172590 84891864 -935475
-53596924 -91637054 42847118 -50947153
-90785958 18657633 13224525 60059718
-89533387 -60009180 -66774549 17673842
51562567 -73794155 63111063 41723028
-86415386 -55419870 26992237 -39602692
-55419870 32782006 -27524019 95906107
82059618 33868398 97288394 90350126
-3931614 -69506714 92769130 -23084179
-66778249 71113542 -949671 78616851
-5917496 -81826583 -3931614 -44802696
-67072748 49845924 -15320833 85894034
-82523893 58491128 97288394 96711627
-73142847 -53596924 50041357 99785265
-89874486 -87502085 -33852950 -70081294
-73142847 -75060534 69365173 -7144775
-85598687 -22995734 54834576 81450307
87687719 26992237 97532488 71113542
11893855 -8091055 72427252 3425960
-39595941 70433629 41723028 99785265
-30664238 -62794383 81450307 46635261
-50947153 -81644030 9583880 69512891
-82523893 -66774549 -81092007 41781832
-50246053 42986683 50050816 85894034
-98238117 -74873051 -89874486 40545410
6898547 -73142847 51690893 78206652
13224525 -50792941 96711627 -3931614
24609337 50041357 73499556 92487256
-28289746 -39595941 15465710 93753900
-96760081 -5169731 32910916 -4018368
32910916 -96524728 50050816 18449094
-29817500 -79876444 90350126 95523405
-46445989 -68411877 61077663 -1308371
6163112 57064958 71137073 95523405
-66778249 -42759524 16222204 -36606851
-3463530 9583880 46666858 86883716
-89533387 -8289289 71137073 70433629
-24572301 47623706 -1308371 59456707
-50947153 -24572301 78206652 80357242
71113542 -57929005 95906107 97067425
-70642124 -55420634 61204021 14461264
-13780965 -44802696 11199976 -29956469
-70081294 34866589 -5917496 35064056
20804643 -89533387 69512891 -42839591
-53788973 -80916723 -9694549 84891864
-98238117 50050816 17120174 59456707
15465710 15932894 71113542 34866589
-94962280 -26315667 -91286093 90519858
-15287413 22701736 58689191 62586956
-45526613 47780149 42986683 74350069
-27524019 -47058379 72538991 -21790605
-13780965 4454163 35064056 69365173
-60662859 -95510484 -22438754 30978449
-84414778 -29817500 -39909720 14461264
-29817500 -74885442 80776425 -949671
-75880616 -81092007 -5917496 -51051606
-18288840 -58458546 42709187 6163112
-29817500 -70081294 80357242 93753900
-30224680 -29817500 -15398069 69512891
26992237 -78413597 62696468 -62794383
-53788973 -18288840 59071146 72427252
-60663958 -47058379 -9018984 32782006
-86415386 -44802696 -68747823 -41256817
-68411877 -90785958 16521970 90519858
-874166 -98238117 1422886 -29956469
-55561232 -73142847 59538274 84891864
-96760081 -45526613 -91665680 50041357
-70081294 -60009180 60059718 61224820
-80916723 21434492 -1308371 47308201
-874166 58612906 87687719 72357331
-84591028 -53730232 -5917496 97288394
-66778249 -32445969 37822815 -9694549
-4018368 11199976 69365173 80645678
-81826583 -27751807 36880242 -8289289
-69506714 -84591028 -13833441 33598624
48062239 -58458546 72538991 -50792941
-68747823 -76537564 -66774549 -50246053
-19747315 32910916 -9694549 74482449
-36140890 3425960 26493211 61077663
-13833441 28170710 22701736 57434583
12435015 17120174 74350069 82929963
-23852638 -74885442 27933227 99247936
-60653053 -60662859 92333612 59538274
20804643 -14991924 97067425 13628016
-96524728 -10548912 -64901478 48062239
-5255756 -14991924 37822815 81409818
18657633 -68411877 95906107 -52468566
-42759524 -76915026 -4018368 -39602692
-11124046 -73302829 61224820 46635261
-36140890 -58458546 -23852638 58229301
-57929005 -60653053 58612906 40545410
-23084179 -73794155 77515244 42847118
-32445969 41781832 78206652 69409116
33868398 26493211 87687719 51690893
48062239 14461264 78288270 29970676
-42839591 -95510484 -3463530 -33455814
-70081294 -67395984 -60653053 77515244
-76956900 31727694 -21790605 70902103
-91665680 26493211 -67072748 27933227
-22448778 32432971 47067745 82929963
58491128 -57979981 97532488 11275831
-76537564 82929963 34866589 85894034
-91665680 -50947153 20191135 35064056
-91637054 -47058379 -39595941 74482449
-64901478 -80916723 36050305 70052357
36050305 71137073 42847118 97288394
6163112 26992237 51690893 95906107
-33455814 9583880 -9018984 69365173
-90369803 -4018368 -9694549 30154722
-10548912 17673842 11199976 47623706
-83903796 -46503838 -9018984 96711627
-90984628 -78413597 59071146 91543654
-73751205 46666858 82059618 56895413
-75172590 -53730232 6163112 -39595941
14461264 -51860578 93753900 -42408785
-68411877 -73302829 51562567 -53730232
-19747315 -91637054 90058402 -68338342
-67395984 -9858885 -3463530 27093708
-36140890 8135671 52901799 44646166
-91637054 -98238117 -60342322 18128375
-90369803 5931715 -33852950 20191135
-91665680 -96760081 -36140890 -30224680
24263312 -29956469 62375720 11199976
-99583694 18449094 -1124727 75907448
-949671 -39909720 24263312 81409818
-7144775 -49638582 85894034 -15320833
-874166 -91637054 68092054 -89533387
-81014060 -60342322 20804643 -38273776
62586956 -15287413 99785265 36230496
-46445989 -68411877 -39909720 -42759524
-97431586 -83030780 84891864 -30664238
11893855 29735147 16521970 90350126
26720400 58612906 72427252 74350069
-65364709 -67395984 -39595941 85742576
-18288840 -42759524 51333898 61077663
11865740 -1308371 75907448 92769130
58612906 -5169731 92487256 47623706
-36140890 -51860578 13628016 72427252
-67395984 -97431586 9583880 -81826583
-11124046 -33852950 97593550 84891864
-90984628 42986683 56895413 80544886
-7144775 -98238117 -7063066 -67072748
-90785958 -90984628 4454163 99247936
-15287413 11865740 -5255756 14461264
-84234646 -51051606 -76915026 92333612
-66778249 -41256817 50050816 -5169731
-33940392 -91286093 71137073 -55420634
-94962280 2768398 92487256 57064958
-57979981 -27524019 -17444891 80776425
22701736 42847118 51333898 80544886
-25727146 -68747823 6896403 32782006
-68411877 -13242737 -66774549 70052357
-46503838 -64901478 99247936 -33455814
-9694549 -98238117 92487256 -60662859
-9694549 28170710 74350069 50041357
-18288840 -11112845 48062239 -8091055
-87502085 -81092007 72392594 -29817500
-83030780 -30224680 -79876444 81409818
40800335 -48545534 92769130 -17444891
11893855 -81826583 90058402 -10548912
-75060534 -50721634 47067745 28170710
17120174 -81014060 85303290 77739222
10729107 -75060534 72357331 -23084179
-83903796 13224525 -55420634 93753900
-83452480 -13833441 -11694951 95523405
-92490080 -66774549 -5917496 -7144775
-69199083 -46503838 82059618 90350126
-73302829 -60662859 76064640 -949671
-97431586 -67072748 -93267728 -13242737
6163112 -66778249 70902103 58229301
-82523893 -53788973 20804643 58491128
-50792941 -81014060 90058402 -75172590
50050816 -75060534 68092054 62696468
-82523893 -43349068 -41256817 69365173
512332 16521970 74482449 42217530
-81826583 -38816674 8386366 24074443
-86415386 74350069 -67072748 95213346
-68338342 -14991924 26992237 82929963
-90984628 -38816674 -19747315 -15398069
26493211 46635261 73499556 50050816
-8885225 32910916 71137073 59456707
-9858885 -89874486 72538991 80645678
-23852638 -81014060 -22448778 69409116
-4018368 20191135 11275831 27093708
-9858885 -22448778 9583880 50140048
-50947153 -33455814 -8885225 61224820
-91637054 -69506714 -874166 -39602692
-50721634 -76780393 72357331 -50947153
-8885225 -99583694 17120174 30154722
36880242 -39602692 59071146 59456707
61224820 9583880 95213346 70433629
-53788973 -23852638 26992237 512332
-23084179 -89533387 -3463530 77633333
18657633 -16083638 97288394 26720400
-38816674 -92490080 -15304900 30978449
-48728965 21434492 76064640 97288394
33598624 -62794383 86883716 -3931614
-78413597 -73794155 18478360 87687719
-45526613 -27524019 40800335 -13780965
-75172590 17120174 -30664238 32432971
8135671 62375720 11893855 82929963
-82523893 40224551 -33555514 85742576
-59489645 -78166199 27093708 6163112
-89874486 6898547 -26315667 99247936
-99583694 -90785958 96711627 73499556
-23852638 -22995734 51333898 6896403
-1124727 -48728965 17673842 -935475
-60009180 26720400 81409818 35064056
-13242737 -21790605 8135671 80645678
44646166 -73794155 85894034 18478360
-12552939 -75060534 1422886 -38816674
-48545534 -70642124 80357242 49180754
33868398 -59489645 90519858 -1308371
-76915026 -85598687 97067425 512332
-93267728 -13242737 -46503838 96711627
-5255756 -15304900 95213346 69512891
-53788973 -90785958 22701736 -19747315
-46445989 -81014060 85894034 47780149
26493211 26720400 59456707 27933227
51690893 -9858885 90058402 77515244
-5169731 -65364709 18478360 77739222
11865740 -3418521 40800335 96711627
-76915026 -5917496 86883716 54834576
-3022159 -67395984 93753900 47623706
-96760081 47780149 -81092007 50050816
-13780965 -95510484 85742576 1534690
-5169731 -73794155 76064640 -67395984
-51051606 -81644030 -3022159 -3931614
-33940392 -73142847 90350126 -38273776
-71566389 -16083638 1380227 -4018368
-74873051 11865740 -5169731 29735147
29970676 -39909720 74350069 57064958
-78166199 -21790605 -55419870 62696468
-39324206 -39595941 20191135 44646166
-75880616 -94962280 -10548912 -82523893
8135671 -23852638 84891864 16521970
20804643 -14493192 52201017 9583880
-62794383 -11124046 -60663958 87687719
-98238117 32910916 8386366 58689191
-23852638 58491128 20804643 62375720
-91665680 -14493192 27933227 42986683
-8091055 -76780393 1422886 -56250573
-81644030 47780149 74482449 77739222
-55419870 -73142847 62586956 -8091055
-75172590 13224525 -9018984 32910916
9583880 -39595941 18455102 -29817500
-30224680 24609337 51690893 31727694
2768398 -50947153 4454163 71113542
-7063066 -66778249 58689191 -60653053
-99583694 -874166 28170710 68092054
-69506714 -68411877 -23852638 14461264
-67395984 -91665680 40224551 70750441
82059618 31727694 90856714 51690893
-78043981 -71566389 -56250573 -14991924
74350069 57434583 80776425 77739222
24609337 -51051606 26493211 -14991924
70902103 15932894 86883716 17120174
72357331 -95510484 87687719 34866589
-69506714 -39595941 17120174 -24572301
-68411877 18657633 11893855 54834576
-24572301 -84591028 74350069 -56250573
-21790605 28170710 96711627 99247936
-73751205 -46445989 90856714 -29817500
73499556 -36606851 80645678 6163112
58612906 -60009180 74350069 95213346
-21790605 -81826583 95523405 -5917496
36050305 -74873051 61224820 78288270
-1308371 -85598687 72427252 27093708
-935475 -58458546 51333898 -3022159
-74886469 -78043981 40800335 -4018368
47780149 -33852950 69365173 69365173
-13780965 -27524019 62375720 -7144775
-75060534 40545410 -52468566 52901799
-96760081 35064056 -70081294 47067745
-84591028 -75060534 30978449 99171883
59071146 512332 76064640 69365173
-50721634 18657633 -21790605 27093708
-79876444 -12552939 -1124727 42709187
-39213529 -22438754 -7144775 95523405
-97431586 512332 72427252 68092054
-76915026 18128375 74350069 84891864
-15320833 -82523893 52201017 -68747823
-27524019 -93267728 -23852638 -91637054
-89533387 -75880616 -46503838 -17444891
-50721634 -86774081 -15304900 -22438754
-83903796 -56250573 97532488 85894034
16521970 -80916723 72538991 15465710
-64901478 -91665680 -13242737 -50721634
-42759524 -59489645 -42408785 -5255756
-80916723 -23852638 -32445969 32910916
-69199083 -99583694 -11694951 -79876444
-76537564 -9018984 -50947153 33868398
-60653053 -29817500 -1124727 90058402
36050305 11865740 93753900 50050816
-79876444 40545410 90058402 50050816
8386366 -97431586 95213346 68092054
-33455814 22701736 -949671 59538274
-38273776 -56250573 56895413 -33940392
-52468566 -84591028 70052357 -44802696
-84591028 -89533387 17120174 -39602692
-22438754 -12552939 95523405 -7063066
-50246053 8135671 32782006 9583880
-68133120 -43349068 42986683 58491128
-28289746 -48545534 61204021 47067745
27093708 76064640 81450307 86883716
-96524728 -75880616 -68338342 -5255756
-74885442 18455102 8135671 85742576
-84414778 -90984628 -65364709 -83903796
30978449 -52468566 81409818 32910916
-78043981 -90369803 57434583 -67395984
-46445989 -81014060 47780149 28170710
-81826583 -8289289 -50721634 -949671
-68338342 -46503838 28170710 18449094
-73302829 8386366 20191135 58612906
-55420634 34866589 49845924 77515244
-29956469 -60009180 24074443 99247936
-34666216 -99583694 -11124046 32432971
-98238117 -81826583 59456707 -3022159
-96524728 59456707 -86774081 95906107
50050816 -14991924 97067425 15932894
-50947153 40800335 99171883 42217530
2768398 -83030780 87687719 -82523893
71113542 -44802696 97593550 92769130
-90785958 -9018984 61204021 59456707
33598624 -96760081 35108922 76064640
18128375 -65364709 80357242 -60653053
-50947153 -67395984 -5169731 70750441
-75172590 -90984628 512332 59456707
-55420634 -14991924 80645678 80544886
8386366 -51860578 90519858 40545410
-73751205 -89533387 48062239 -8885225
-8885225 -15287413 71113542 97532488
-70642124 -51860578 -38273776 4454163
59538274 -949671 76064640 49180754
-58458546 -58382366 49180754 42709187
-68338342 -84414778 17120174 -3418521
-90369803 -38816674 26720400 36230496
-13833441 -68747823 37822815 82059618
-92490080 -33555514 26493211 6896403
-11112845 -15320833 69365173 11865740
-84234646 -19747315 -50792941 13224525
-82523893 -73302829 15465710 92769130
-53596924 -78166199 -3463530 -75172590
-50246053 -36606851 50050816 69409116
-8885225 -76915026 47780149 -73751205
-5917496 -60009180 72392594 24609337
-65364709 -8091055 57434583 60059718
-80916723 -53596924 -42839591 -8091055
-15320833 13628016 15465710 18455102
-11124046 -66774549 72392594 -22438754
69512891 -70081294 70433629 49845924
-8091055 -78413597 17120174 -60663958
26720400 -29956469 29970676 -13833441
-91286093 -27751807 -22448778 -25727146
-34666216 -84234646 36050305 -29817500
32432971 -52468566 37822815 6163112
-94962280 -84414778 -78166199 24074443
-96760081 -84414778 61204021 72427252
-11124046 -81092007 82929963 41723028
-34666216 11893855 42986683 31727694
-64901478 -51860578 80357242 -24572301
11199976 -74885442 61077663 52201017
-69199083 -34666216 44646166 6898547
-91637054 59538274 58689191 70750441
-78413597 -89874486 -36140890 78616851
-64901478 47780149 -24572301 76064640
-5917496 -24572301 14461264 92769130
-33940392 -89533387 32782006 99247936
-1308371 -9858885 15932894 -3931614
46635261 -53788973 61224820 42709187
-55420634 59456707 -33940392 99171883
13628016 -15287413 35108922 80357242
59456707 40224551 85894034 59071146
30154722 -39602692 40800335 78288270
13628016 -13242737 97288394 70052357
-90785958 -81826583 92333612 85742576
-81092007 51690893 24263312 57434583
18128375 -18288840 60059718 -3931614
-39909720 -84591028 71113542 -1124727
-14493192 -52723088 85894034 61224820
-14991924 -60009180 42343118 36880242
-75060534 -84414778 20804643 -51051606
-45526613 -21790605 18449094 85894034
63111063 -39213529 70052357 -8091055
-80916723 34866589 58612906 76064640
-55419870 -80916723 -30661168 22701736
-73302829 71113542 -13780965 91543654
-73794155 -53730232 11893855 26720400
-91286093 48234817 -15287413 49845924
-36606851 -68747823 69512891 37822815
-15287413 -76915026 18455102 -5917496
-83452480 -42839591 -935475 18657633
-84117293 -23852638 -10548912 11893855
-9018984 -81644030 24074443 20804643
62375720 8386366 78616851 77739222
-44802696 -70081294 77739222 -38816674
-43349068 -60342322 58229301 75907448
24263312 -16349884 74482449 5931715
-39213529 -39324206 6898547 -27524019
-39602692 -7144775 2768398 80645678
-68133120 27093708 1380227 47067745
5931715 -70081294 56895413 77633333
-73794155 -64901478 1534690 -935475
-69506714 -11112845 95213346 87687719
-86415386 -55419870 -66774549 1380227
-68747823 -68338342 11275831 4454163
-46445989 -50792941 92769130 11199976
-1124727 -5917496 97067425 51690893
-76956900 -3931614 -39909720 -3022159
-67072748 -75172590 52901799 82059618
72392594 6896403 97067425 47067745
-9018984 -70642124 -3022159 32910916
48062239 -83452480 77515244 37822815
-1308371 -83030780 46666858 36050305
-1124727 -69506714 27093708 36050305
-52723088 -44802696 -30664238 35108922
-55561232 15932894 -33852950 47308201
-27524019 11893855 54834576 74482449
6163112 -68747823 81450307 51562567
4454163 -67072748 6898547 -7063066
-43349068 -65364709 -14493192 72392594
-82523893 -66778249 33598624 17673842
-84117293 28170710 14461264 50041357
-44802696 -97431586 77515244 78616851
-11124046 -7063066 92769130 77739222
69409116 -84414778 75907448 46635261
-85598687 -69199083 95523405 -53730232
-83452480 -14991924 -17444891 -9858885
-96760081 -11112845 -39595941 36230496
-83452480 5931715 13224525 82059618
-9858885 24609337 49180754 57064958
-45526613 -43349068 -42759524 51690893
-16083638 -68747823 99785265 1380227
-3463530 -3022159 80357242 33868398
-14991924 -90369803 36880242 6898547
35064056 -28289746 90350126 -15304900
3425960 -27524019 26720400 13224525
-91286093 -99583694 20804643 5931715
-48545534 -98238117 8386366 90519858
-3463530 -76915026 95213346 -935475
11275831 -69199083 59538274 -47058379
-71566389 -1308371 -22448778 44646166
21434492 -62794383 47623706 -43349068
-73142847 -34666216 80645678 49180754
85894034 -9858885 90350126 -8289289
-99583694 -15320833 69512891 73499556
-58382366 -29817500 47308201 50140048
-44802696 -60663958 1422886 69365173
37822815 81450307 74350069 97532488
-69506714 30154722 97593550 69512891
31727694 -96524728 78616851 99785265
-78413597 -70081294 -75060534 24263312
-12552939 -39595941 -3463530 70433629
-33852950 80357242 77633333 97593550
-27524019 -56250573 -16349884 93753900
87687719 -9694549 90856714 -7144775
-42839591 -78043981 5931715 24609337
-76956900 -96524728 -5917496 58229301
-99583694 -84234646 27093708 -8885225
1422886 -22448778 1534690 70902103
-25727146 -92490080 85894034 9583880
32910916 -82523893 54834576 80645678
-96524728 -51051606 -78166199 61077663
-18288840 -90785958 90856714 27933227
-52468566 26493211 99171883 47308201
17673842 -51051606 60059718 96711627
-9018984 33868398 36050305 61077663
-68133120 -68338342 1422886 70433629
12435015 69409116 61204021 72427252
-1124727 -38273776 44646166 77633333
-73751205 -83030780 -46503838 90350126
-81644030 -21790605 -24572301 42217530
-27751807 -84234646 -13833441 85303290
57434583 -39213529 78616851 48062239
-75060534 -96524728 -18288840 -14493192
-75880616 -39595941 -53788973 -38273776
-76780393 -76537564 -17444891 97288394
-86774081 -50721634 -53730232 32432971
-22448778 -68411877 32782006 -50792941
-64901478 33598624 33598624 97532488
-76956900 96711627 32910916 99247936
-75880616 24609337 91543654 50041357
-55419870 -68747823 27093708 90519858
-83452480 -56250573 91543654 -13242737
-69506714 -51051606 -46445989 35108922
-84234646 -68133120 -22438754 52901799
-3463530 -93267728 42217530 -84117293
-95510484 -15304900 3425960 62696468
-60653053 -78043981 96711627 30154722
-57487995 -95510484 77633333 -9858885
-62794383 16222204 6896403 27093708
-59489645 -90785958 -15304900 -1308371
-13833441 -60653053 77633333 69365173
-65364709 17673842 26720400 90856714
-15287413 -53730232 5931715 -15320833
-24572301 17673842 90519858 99785265
-66778249 -83030780 81409818 47067745
17120174 -33852950 70052357 77515244
29970676 -47058379 46635261 -949671
80357242 -93267728 95213346 20191135
-73142847 -99583694 32782006 90058402
41781832 69365173 70433629 97532488
-69199083 -76537564 -14991924 -29817500
-78413597 -80916723 -59489645 1422886
26493211 -9858885 41781832 86883716
-68411877 -80916723 57434583 -45526613
-93267728 -15220810 74482449 26992237
-13780965 -8885225 74482449 -5255756
-5917496 -92490080 76064640 -80916723
-53788973 -53788973 41781832 -12552939
-78166199 -75880616 -50721634 -11112845
-15220810 -43349068 -874166 82059618
-14493192 -53596924 87687719 26992237
-90785958 -7144775 60059718 9583880
-90369803 -60342322 -32445969 -21790605
-76780393 -84591028 -44760886 72538991
-84591028 -44802696 99247936 42709187
-17444891 35064056 -5169731 76064640
3425960 -36140890 50140048 35108922
-51051606 -71566389 -36606851 -33455814
-91665680 -8289289 77633333 2768398
-48545534 -50947153 12435015 99247936
-89533387 -68747823 77633333 93753900
-3418521 -57979981 47623706 -9018984
-11694951 6896403 81409818 20804643
26720400 22701736 50050816 92769130
12435015 -30224680 21434492 -10548912
-15398069 57064958 -9694549 82929963
-53730232 -85598687 27093708 33598624
-33852950 -91637054 512332 -42408785
-30661168 -91665680 -27524019 -32445969
69512891 41781832 73499556 85303290
-9858885 33868398 59456707 97532488
-42839591 -60653053 1534690 -51051606
-27751807 -75060534 51690893 48062239
-80916723 24074443 5931715 76064640
2768398 34866589 11275831 54834576
-59489645 -73751205 32910916 70902103
-69506714 24609337 35108922 59071146
-53730232 -52468566 -874166 13224525
-84591028 -42408785 97288394 -18288840
-86415386 36050305 -76915026 90350126
-64901478 71113542 -15320833 95213346
-83452480 -65364709 54834576 1422886
-33852950 -99583694 47780149 42847118
-96760081 -16349884 99247936 47623706
-84234646 -22448778 72357331 42847118
-71566389 -39324206 68092054 99171883
-17444891 -36606851 48234817 51562567
54834576 58491128 69409116 72538991
-90785958 -82523893 44646166 -53730232
74482449 1534690 90058402 36880242
-3418521 26992237 80544886 74482449
-52723088 -78166199 97593550 52201017
-97431586 24074443 -84414778 58491128
-92490080 32782006 -60009180 97532488
26493211 -42408785 92769130 44646166
-53730232 -91286093 31727694 -33940392
17673842 -48545534 49180754 -12552939
-39213529 -4018368 31727694 80544886
-67072748 -39213529 -15220810 -13242737
-55419870 -55561232 74482449 -949671
-44760886 -53596924 97067425 47780149
-90369803 -49638582 -11124046 33598624
-42408785 34866589 1534690 99247936
50050816 -68338342 97067425 50041357
-81644030 -79876444 -68133120 -9858885
-39602692 -91286093 69512891 -5169731
-44760886 -16083638 -42839591 90350126
-38816674 -76780393 72427252 57064958
-12552939 -15320833 26992237 -3463530
-9018984 -83452480 69512891 62586956
17120174 -39602692 40545410 61224820
-97431586 -36140890 -16349884 47308201
-84591028 80645678 24263312 82929963
-78413597 18128375 93753900 59456707
-55419870 -90785958 13628016 99247936
-57929005 40224551 18449094 90856714
-5917496 81450307 81450307 99785265
2768398 -30224680 18478360 6163112
-55419870 -21790605 71113542 6896403
15932894 -86415386 18455102 46666858
-76956900 -42759524 74350069 59538274
-21790605 46666858 92487256 52901799
-51051606 -82523893 30154722 3425960
-41256817 -9694549 58612906 95523405
-99583694 32782006 17120174 95213346
-53596924 -43349068 27093708 -11112845
35064056 50041357 61077663 58689191
-30661168 20191135 59071146 30978449
60059718 15465710 78288270 58229301
-96760081 -69506714 29735147 90058402
-68133120 -5255756 78288270 74482449
32782006 14461264 62375720 33868398
-60663958 -24572301 -8091055 18478360
-32445969 47623706 -22995734 77515244
-42839591 81450307 69512891 95213346
-9018984 -25727146 -3022159 35108922
-1308371 -75060534 99247936 34866589
33868398 -90785958 49845924 -15304900
-83452480 24609337 -5169731 29970676
-74886469 20804643 -22438754 70750441
-86774081 -73302829 -8289289 44646166
68092054 -38816674 72357331 35064056
-91286093 -98238117 4454163 13224525
-22438754 -74885442 47623706 -5917496
-42408785 -73794155 87687719 -48545534
-92490080 41723028 -80916723 92769130
-38273776 -15320833 56895413 52901799
-50721634 22701736 32910916 81450307
33598624 -11694951 50140048 -5255756
-59489645 17120174 80645678 80645678
-76915026 -30224680 32782006 42847118
42847118 -78166199 74482449 81409818
-79876444 72427252 52201017 92333612
-74886469 -67072748 512332 47308201
-5917496 -75060534 56895413 57064958
-90369803 -16083638 34866589 -949671
36230496 -87502085 42986683 29735147
40545410 512332 90350126 95906107
6163112 -93267728 18455102 26493211
-48545534 -75172590 77633333 95906107
-95510484 17673842 99247936 80544886
70902103 -84414778 72538991 -3418521
71113542 40545410 77515244 81450307
-86774081 -33455814 -60663958 -30661168
9583880 -13780965 20804643 -5255756
33598624 -76956900 40800335 52201017
-83452480 -90984628 33598624 27093708
-84117293 -5255756 -57979981 80776425
40224551 13628016 73499556 17673842
26493211 47623706 80776425 90856714
-64901478 -74873051 80776425 -48545534
-81826583 6163112 1422886 40800335
26493211 -9858885 42709187 50050816
24074443 -73751205 70433629 59456707
-71566389 -76915026 59071146 32782006
-83030780 -9018984 -32445969 24609337
33598624 -73142847 40224551 -39213529
-9694549 -73751205 62696468 99785265
13224525 -69199083 16222204 70433629
2768398 -90984628 26493211 36880242
-24572301 30978449 32432971 70433629
-15398069 -69199083 42709187 -33940392
1380227 -46503838 95213346 91543654
-28289746 -83030780 -5255756 -23852638
-48728965 -57487995 -15398069 -51051606
-50721634 -81092007 36880242 -33455814
-75880616 17120174 57064958 27093708
-84117293 -29956469 29970676 -13833441
44646166 -60342322 76064640 70902103
16222204 8386366 32910916 24263312
-3463530 30154722 17120174 49845924
-76537564 -91286093 42217530 63111063
18128375 59538274 46666858 70750441
-42839591 -60663958 -34666216 -42759524
-935475 -23852638 11893855 1422886
-74885442 -48728965 -12552939 59456707
-34666216 -9858885 -29817500 -1124727
-87502085 52901799 2768398 85303290
-48728965 8135671 47623706 32432971
-75172590 72538991 18657633 76064640
-39595941 -11694951 59538274 48234817
-93267728 -48545534 13224525 -3022159
-81092007 -39602692 32910916 -33852950
-51860578 -70081294 -27751807 -53596924
-11112845 -53596924 12435015 -52468566
-94962280 -83452480 58689191 -7144775
-39602692 2768398 92333612 69365173
-8091055 -73794155 26493211 99785265
-79876444 10729107 -71566389 77739222
-3418521 -11112845 97067425 42986683
-50246053 -86774081 36230496 -14991924
-25727146 -42839591 86883716 61224820
-38273776 15465710 42217530 21434492
33868398 -28289746 50050816 -15287413
40800335 -33852950 95523405 42343118
77515244 -23852638 92487256 99171883
-78413597 57434583 57064958 99247936
-95510484 -46445989 26720400 -874166
-80916723 -23084179 85742576 47308201
1422886 8135671 91543654 72427252
-38816674 -50792941 74482449 -30224680
-97431586 -84591028 18478360 26992237
-84234646 -27524019 -68411877 61204021
-74885442 -55561232 48234817 18128375
59071146 41723028 72427252 90350126
-75060534 72392594 -33852950 90519858
-58458546 -68133120 -57979981 14461264
6896403 -52723088 69365173 72538991
-83452480 -57979981 78288270 -50246053
-89874486 -78043981 -58382366 78616851
58689191 -83452480 91543654 73499556
-81644030 41781832 85303290 58229301
-68133120 -73302829 -51051606 -9018984
-95510484 -78166199 47308201 51333898
-89874486 -10548912 -22438754 81450307
-83903796 -22448778 51562567 -9694549
-38816674 -51860578 49180754 -29956469
-45526613 15465710 24609337 16521970
18455102 -52723088 47067745 6898547
-70081294 -15320833 -45526613 -14991924
-57979981 14461264 -23852638 18478360
-8885225 72538991 72357331 80544886
-55561232 46666858 -9694549 76064640
61077663 -98238117 72357331 96711627
-10548912 -98238117 -949671 6898547
-11112845 -48728965 16521970 10729107
71137073 54834576 86883716 69512891
-46445989 -22448778 -3022159 63111063
-32445969 -8885225 32910916 47780149
-91286093 -98238117 95213346 5931715
36050305 -86415386 70750441 96711627
-22448778 -33940392 -16083638 42986683
80544886 -92490080 99785265 -49638582
-73302829 -73142847 14461264 -9694549
-38273776 -38273776 97532488 32782006
-23852638 -17444891 -5255756 36050305
1422886 -55419870 74482449 22701736
1422886 -57979981 59456707 -4018368
-97431586 30978449 59071146 37822815
-95510484 -65364709 81450307 5931715
-59489645 6163112 -33940392 70902103
-33555514 -90785958 2768398 -60653053
-93267728 42217530 -39213529 61204021
29970676 16521970 90350126 90519858
-67395984 -50246053 -22438754 -1308371
-53730232 -50721634 -34666216 -28289746
-71566389 47067745 -50246053 82059618
-52468566 62375720 47780149 72427252
-50721634 -57929005 -13780965 42343118
-14493192 33598624 37822815 36880242
-43349068 -33455814 90856714 -32445969
-98238117 -76780393 18657633 -65364709
-41256817 -96524728 71113542 -23852638
-60663958 -83452480 46666858 -15287413
58612906 -8289289 80776425 87687719
-76780393 -81826583 90058402 -70081294
11893855 -21790605 58612906 21434492
-23852638 52901799 62586956 69409116
-15320833 -9694549 77515244 -5255756
-96760081 -60009180 80544886 -14493192
11275831 -76537564 40545410 -68338342
-60662859 -73142847 80645678 -13780965
-5255756 -97431586 71113542 -935475
-16349884 -28289746 47308201 -9858885
-28289746 -93267728 -11124046 18478360
-26315667 -27524019 -23084179 24074443
-89533387 -84414778 -80916723 -60009180
-48728965 42986683 18449094 68092054
-57929005 -41256817 -23084179 -16349884
-33940392 -50947153 -15304900 6163112
51333898 11275831 78288270 52901799
-50792941 42217530 1534690 61224820
29970676 17673842 50140048 61204021
-50947153 -45526613 -33555514 50041357
-76537564 -70642124 -45526613 58612906
-10548912 -69199083 -7144775 -11694951
72357331 47308201 92487256 70750441
41781832 -42839591 58689191 69409116
-90984628 -84414778 -8885225 -67072748
-95510484 -3931614 93753900 18478360
47623706 -70081294 74482449 90058402
-11124046 33868398 6898547 80357242
-11112845 -76915026 80645678 -55419870
-65364709 44646166 -11124046 52901799
-7063066 -34666216 99171883 49180754
-3463530 -84414778 -949671 -30224680
-8289289 -83030780 69365173 -53730232
-3022159 57434583 40224551 99785265
-78043981 -22448778 -39213529 30978449
-86774081 -29956469 3425960 58491128
-52723088 -81092007 -17444891 -8289289
-25727146 -29956469 95523405 59538274
512332 -43349068 82929963 8386366
-10548912 -75880616 73499556 21434492
-68133120 -7144775 42986683 99785265
-42759524 26493211 86883716 95213346
-39324206 -66774549 58229301 21434492
-76780393 -52723088 20804643 95523405
21434492 -74885442 63111063 77739222
-59489645 -27524019 92769130 71137073
-75060534 -33455814 21434492 -13780965
-66778249 10729107 -42759524 24609337
15465710 62375720 92333612 95906107
-43349068 -935475 61204021 51333898
-46445989 41781832 48234817 48234817
16521970 59071146 70433629 75907448
-39909720 71137073 -10548912 82929963
