1000 159041425 183219755
-65822358 -90952152 -9472899 58658248
25254753 -89188608 86479518 64923760
-68972867 -21873590 25105837 12465833
-92905618 -66672158 -22593246 30383875
-14942708 -1150067 43432889 92539269
-69809347 -23747361 -789145 51143733
-20559873 -85713063 42967847 -63924418
-21780564 -53284514 69294723 58368059
-12536929 -29019539 47896792 -9994168
156566 -56598374 88921882 22483479
-67353611 -11979352 28938943 84343773
-84902580 -63369150 -25070344 45019484
-21323434 226190 -17541408 88771984
-44776148 -35422803 41077041 -30206148
33441749 -92173561 65455338 5779460
-22585746 -67727317 29865269 42554207
-94331591 -65575272 74060430 65901693
156566 57732680 2820095 67140859
-95222831 -85265476 75402812 -28341445
-53435442 -76638358 93659019 12240277
-75846148 -10554429 -61925591 -718482
-94369496 -36573705 65455338 45375552
-22593246 -32281218 411123 62836548
6047003 21985950 7440445 22483479
-80118084 -26714835 80733364 94845368
33292557 -74459774 44449145 -42495789
-95411509 57056430 58658248 64164864
23732330 -52151797 87873447 -21323434
-65834639 -69099804 -65575272 -61685833
-90952152 -96147691 62823246 56120608
-54882133 -79964659 15857257 91205706
-46937167 -50940221 -9415945 10317567
-78744283 -97350675 33554199 -61649034
-56150096 33405500 -17143653 80786948
52945972 51143733 61723138 74443920
-69809347 -43143734 -11979352 -9992875
-29395359 -69631011 71827967 -3172268
-44380317 -53435442 93171042 6990838
-76690035 -1782249 4118134 39968812
-12439753 -27556623 62107730 77178174
-96147691 -65822358 -30677914 -622155
-81342686 -72536812 53283832 22771612
-17229758 -89188608 24702227 -76768256
-25918555 33740654 21886331 74436234
-76690035 -21873590 53283832 94443503
-36734332 -93802232 62877100 20100704
-98645097 -8789804 22832780 37258786
33405500 -67128354 93659019 -22585746
-13750745 -36573705 7414443 82836368
-22774539 -38446324 95130854 95430451
-97327131 33554199 -17824231 43371641
46843552 62107730 90705534 89500353
-90679752 -71099975 -35422803 -13750745
-43548479 -23320183 -1008856 -15253975
33458192 -78744283 56070403 65411823
-8164109 62277171 72767208 62823246
-68912097 -69781378 71316396 77171312
20100704 -13418525 62277171 54631842
55363113 2448014 71316396 60945852
-32923570 -21228245 45093594 94583197
-97327131 -14935105 -72217655 35426124
-16637956 -13418525 76008329 94487294
-61962827 53815983 63540410 66918665
18389655 -25529311 48289278 21886331
-61962827 -29264694 -12060805 72415672
10373861 -87696559 78318343 96058925
-64416138 7487230 -18722647 42413682
-26503135 42554207 -14942708 91205706
-56150096 58643042 156566 74990147
-36573705 -67769055 15282304 81814756
-11208164 -20189653 28477808 25706541
-28341445 25282922 79214860 79929300
-39354590 -20189653 25282922 55514516
-17188703 762137 85662522 16405536
-99512184 -72247563 8075680 43371641
-15253975 -81490341 11040118 41955146
-48426656 -87128999 2820095 62823246
-48426656 61723138 35093424 96898873
-15253975 -81414347 -12060805 80733364
17740268 -39705727 73377973 -38446324
-22774539 -81490341 92499579 -61649034
-63369150 -14184952 33458192 74672440
17527823 -17541408 40091276 -11632668
-68697112 -95222831 6762740 64164864
-80486755 -90371124 -79607211 -79964659
-70871591 -26358192 74443920 45019484
-45692485 8075680 35011761 74460396
-63362845 -46173598 -44068442 78733191
3409786 -1439739 78206728 87090528
62823246 -81414347 89053205 58368059
-9706591 41955146 99136300 90705534
16886309 80527580 88454125 97196549
-86640513 -94369496 65901693 -67066276
-89943417 -36573705 -43548479 -17541408
-33987709 -87389702 -22593246 -42495789
-87389702 42554207 -68697112 65937139
-25529311 -21780564 76324403 41077041
54631842 77171312 55740280 86040854
-93036153 -90139757 54775866 14145464
-78994402 -51122036 22373725 66438275
-63362845 27931108 95520017 37036632
411123 -98049075 44061606 -1757614
-87322517 -22047458 -39430591 -12775389
-97350675 -61925591 67140859 36251680
8534784 21033498 52449284 63246374
-20013873 -44501202 74865533 -6170119
22483479 -91921071 33458192 65937139
-34526544 -43039271 94583197 51143733
-1757614 18663417 37135505 38997531
70639020 -71184541 90499825 43432889
-40544668 -92208290 -17604972 37348526
92499579 -72536812 95430451 -22585746
-56598374 17174607 54775866 65876995
-69099804 -84052828 2820095 -51216911
-59216634 58658248 36852199 60028018
-81342686 50096166 -25070344 74022230
-38446324 -47069252 16979262 -45919503
1649826 7414443 93171042 11703765
-4403915 -17824231 12013164 63276053
-65296309 -46711480 86040854 29817512
8534784 -30206148 60028018 24655588
-78994402 -69631011 95520017 64164864
-69367944 -61685833 37258786 -44068442
-81642251 -92173561 70386673 -67769055
-38446324 -69099804 8534784 -61962827
-76499169 -90679752 762137 39650137
60564588 -72536812 80786948 -13148783
-94404722 -52357148 -21355745 96722748
-69781378 17016456 -51122036 95062194
-69631011 -90427653 67140859 44136107
39880212 18193722 61459570 21241511
-49505038 33292557 3771855 72955673
-91333960 -72670012 -71099975 -21492166
-31409097 -26358192 53516289 64244080
-1700388 -97672735 28477808 22832780
-87322517 -24226845 4024984 48289278
-87774783 -45919503 44170264 -11786199
-11311311 29042079 82836368 88717134
-55506321 -35422803 74865533 -34434411
18193722 -42495789 23829373 75402812
38224259 -10554429 40300574 7388526
1585993 -13418525 94487294 12475845
67826211 -93802232 90711160 180369
-3602184 -17040608 23829373 79214860
74436234 -47069252 89654667 -11979352
-74993681 -15245908 -71099975 38860410
-15245908 -38446324 98242897 8156968
9982204 50562605 29058220 82704830
-55506321 29817512 75109300 39880212
-75846148 -38289405 -21323434 33740654
-97350675 -79607211 -25918555 39880212
-79527035 -96900540 -69781378 -18510080
-89188608 -76638358 -75112603 16405536
-53996965 -8887718 84032853 82836368
-91971189 -92389174 59827332 61459570
-15253975 -92464375 58073433 -67995734
-17188703 -67128354 41955146 -43558929
-72217655 -72217655 86021120 -40441205
-53353316 52449284 -2354308 95430451
-9472899 -33987709 86021120 30552310
-99512184 4118134 -95411509 81330225
-81933271 3409786 70674995 72955673
-87696559 -38968623 -15253975 90798606
-90139757 -75748796 28938943 35011761
-84728651 -35612269 74460396 11703765
-91333960 -75846148 7414443 27931108
1585993 20798509 6794885 78733191
-67769055 -84029743 74460396 -21780564
-76559839 762137 -40800104 57056430
-11632668 -33248729 60198056 -3961403
-34526544 -80932927 73460614 77178174
-53284514 -43462024 -20189653 88783856
27931108 38224259 84343773 74060430
16286648 44170264 46166455 74443920
-67727317 -94331591 4771769 91591780
-95411509 -98645097 92499579 -4890108
-65834639 35093424 77229070 51397232
69294723 -88012989 88921882 58658248
50729520 -9689491 78206728 6990838
15330495 -95990451 42413682 55363113
-85713063 41955146 75339788 76324403
-99029288 78733191 -78994402 83130754
-96147691 -90952152 30383875 50991994
5333585 -70773020 24966082 -46628987
-91028905 -34526544 45093594 13380397
26428280 64694805 44727195 94583197
-74459774 -17824231 46817861 38577122
-83859558 -82718091 -34500642 80527580
-42380688 -1439739 53283832 44449145
61797205 64164864 62202208 99136300
-87836267 -96147691 64164864 24437791
-95530804 92390684 -9994168 95520017
-43143734 -36031779 95564241 -12872250
-40544668 -35612269 180369 92727243
64981200 24655588 82704830 63276053
-84863702 -79527035 -72815966 43647587
27931108 39968812 69294723 91591780
-99980744 -90679752 88771984 -34434411
-65296309 42780254 -19449350 46166455
29058220 -20013873 96138686 7414443
42579071 -29913142 86203997 22373725
-51216911 -29019539 12465833 90499825
6129204 -79607211 53516289 -78994402
-67128354 -21336806 14464963 -19449350
25706541 4305672 99892454 42780254
-97924609 -24333142 61797205 -19564685
-46285873 -55330075 15857257 -4403915
-53996965 -25529311 55514516 81330225
-48354644 -97924609 89654667 -72721591
-90324250 -37112211 1467031 -20013873
-41192276 -3602184 74865533 33554199
-65834639 -90371124 88691837 -6290720
-11786199 -61925591 46166455 57056430
-70871591 -789145 -67995734 16447087
-13418525 -32281218 88771984 99136300
-87696559 -17188703 -40605175 90705534
-88762472 -13022694 28397907 -12536929
-77501309 22832780 79058079 47505069
-97924609 -14184952 47462335 -1757614
-70773020 -67727317 -34500642 22483479
-41218749 -28966251 30552310 95130854
-542863 -74459774 6129204 72050912
46843552 38997531 85662522 72864818
-81933271 -51788169 72415672 -30202659
-1782249 -74993681 99260320 25282922
-94331591 -65575272 -57445705 -24226845
-18510080 35426124 22373725 57056430
63276053 -95411509 65455338 -81342686
-88762472 12465833 -39340930 20100704
-6290720 -30677914 56077348 94732556
-47774379 -70777711 58073433 -59216634
-47069252 90499825 35426124 95430451
38860410 43432889 61797205 78206728
-61925591 25706541 -38289405 55740280
-12439753 -78092220 58643042 96297209
-27221170 -61925591 58658248 87184796
6129204 -81342686 36852199 36852199
-15253975 -22047458 -1066053 180369
-11208164 13380397 4305672 22832780
65876995 -65575272 94845368 35011761
6036616 -14359407 12041396 42780254
22832780 -49505038 62277171 44061606
-98645097 55960617 -1439739 61797205
-43462024 -25021905 -13750745 25282922
-44068442 -90153387 87873447 -72247563
-81579722 -13750745 -70773020 60028018
-56598374 -91921071 -46285873 25706541
17772206 75660648 58643042 89333606
-46711480 -59673235 -15253975 -14184952
-80486755 9982204 21886331 62836548
-46285873 516450 69294723 6036616
27069402 -40441205 43615113 37135505
-34526544 -80118084 22771612 47505069
-98645097 -11342161 45327483 -9241057
-72536812 -50835036 27931108 10317567
-87389702 -61924601 -11632668 -1827539
-16221750 77229070 57549019 83130754
-13750745 -67727317 95594300 -18510080
86203997 -26358192 96297209 -9472899
-55506321 30756390 -1066053 91205706
-38446324 -69099804 88717134 -2354308
-61962827 -12536929 35093424 39445699
-35233 -74459774 64694805 -61962827
-54981431 -19798093 6762740 40091276
-17541408 -44068442 91541289 21033498
-56111184 17740268 42554207 95594300
-38289405 -52151797 38224259 56120608
-92349490 -12872250 569474 69306265
51397232 -90427653 58073433 20333642
-42290535 -93340443 -40605175 64244080
26428280 -70773020 58701444 43371641
-97672735 46616362 96058925 71440690
-622155 58643042 20100704 87873447
42579071 -72670012 94836354 11040118
-70871591 -92173561 72767208 -23320183
52663323 -85265476 92499579 24966082
8156968 41077041 95564241 62836548
-718482 -25529311 70493222 29817512
-49505038 7487230 11040118 13380397
-56444330 -19564685 10317567 91628732
-13221970 29042079 55740280 62202208
63641198 -53284514 84343773 29703163
-63924418 58368059 -30677914 95594300
-33248729 -93036153 -3657857 86453595
52663323 -35422803 77229070 66438275
-68697112 -92173561 46166455 52663323
-87389702 -82718091 -39680198 5779460
18602133 70639020 73377973 82706381
-79964659 -92065421 -17040608 -79527035
36216622 -57445705 66438275 -32281218
71215088 48134860 85998017 82715173
-53353316 -55506321 16979262 72415672
-6755095 -43462024 3409786 -17833531
43605386 -97327131 50562605 -9706591
-39340930 -11786199 -27579115 75402812
38577122 -80932927 72955673 43432889
-39340930 -17833531 65937139 44727195
-15245908 -76559839 21241511 -35233
42579071 -59216634 86479518 52945972
-17040608 -5726088 29865269 -1827539
-92349490 -37112211 6036616 77229070
58368059 -93255628 97196549 60093567
-20559873 43432889 1467031 70639020
-92349490 -29395359 -16221750 46817861
-88911018 -12536929 23732330 -6170119
-5312589 -39680198 77171312 -6170119
-22769250 -87128999 22771612 52088426
-41218749 72050912 7487230 79555791
-7870573 -1700388 84343773 51397232
-26398746 -16221750 53643008 28477808
10317567 -38969941 83051385 74990147
28938943 -93802232 92539269 6906559
4024984 -68643562 87873447 -16221750
-99512184 -95530804 70386673 35011761
-4890108 -68643562 96138686 -65834639
-17040608 -92905618 16405536 6762740
33554199 -22047458 89333606 4771769
-17229758 -27556623 75660648 23829373
-64416138 -72247563 82704830 -52048561
-86640513 -53788710 95594300 -33987709
61459570 180369 84032853 95594300
-88762472 -6755095 88691837 74436234
-85265476 -89943417 42967847 79929300
-65834639 -74484843 29865269 80733364
-34276564 -30322149 66438275 22483479
7414443 -39354590 99136300 -14935105
-81933271 -78092220 80733364 75109300
44136107 5779460 96297209 65455338
-41761897 -14935105 87873447 57056430
-29839225 -99980744 -29019539 71215088
-40544668 -77501309 92390684 78206728
-40441205 -75846148 60028018 82436984
64164864 -97924609 99136300 94674800
-16637956 -90952152 61086421 94674800
5333585 -72536812 17740268 38935892
-622155 -26718424 83130754 83081170
-86640513 21241511 70295264 92727243
-91062408 15131352 -61925591 33405500
-71184541 -10554429 94033356 50729520
15652745 -99029288 70295264 20333642
-2354308 44170264 8534784 89053205
-11208164 -76638358 22832780 41955146
22373725 5779460 94845368 43615113
-30677914 29042079 25016087 44449145
-25021905 41955146 62277171 86021120
-31409097 -21323434 35495568 -19798093
-22769250 -6170119 87345390 85595004
-81414347 73460614 569474 83081170
-96878946 -78994402 55960617 -72721591
-96878946 -27221170 -68697112 58368059
-29913142 -68697112 -8887718 74865533
-38289405 79214860 69294723 79929300
63128653 -33248729 68049798 74865533
-36573705 -80932927 -19564685 29703163
-51122036 72767208 -28341445 96058925
51397232 569474 70295264 86203997
-40441205 -88012989 33554199 -53996965
37135505 -63082512 38577122 -44380317
25706541 -8513861 83051385 -1150067
33441749 -9689491 72955673 57549019
-27579115 -72815966 63128653 77171312
-3602184 -78092220 88771984 74460396
25706541 -92208290 42506202 -21780564
-40984066 -40984066 4024984 75660648
33740654 -8606665 46817861 86453595
-8887718 -93255628 7388526 33441749
-3602184 15131352 86203997 94443503
-65822358 -90427653 69306265 88691837
1809505 -30322149 92499579 -23747361
-13221970 -65822358 25105837 81172021
21241511 37135505 30756390 53815983
-96878946 -98645097 -26358192 35093424
-49505038 -87836267 71215088 -71661868
71472463 12465833 85662522 42506202
-54882133 -88012989 -3649196 97414182
-90139757 -94331591 -32759557 71316396
-61925591 21886331 74865533 43647587
-79193778 -34276564 -10309816 8156968
33405500 -11311311 93216044 83081170
-34434411 -78092220 12475845 72050912
-35612269 -90324250 12041396 37348526
-22774539 -67995734 24702227 -61685833
-92208290 -1439739 -69367944 4024984
-63924418 -37737479 50991994 -18722647
-91921071 -29913142 -6170119 52088426
-76706844 5327751 41955146 17772206
-79607211 12204513 73377973 96898873
33405500 28938943 44727195 94033356
-85713063 29058220 -36734332 39445699
-42495789 -11342161 28477808 74060430
-32759557 -92842817 6762740 -56598374
-53353316 -52887015 -26358192 -11342161
-66672158 -98049075 -44380317 92539269
-32923570 -88762472 12013164 -79527035
58643042 -17824231 85998017 90711160
-68912097 -21336806 70639020 57056430
-68697112 -71661868 -48354644 74865533
-13221970 -79193778 57056430 -59673235
-92842817 -72247563 61287122 90831524
-48354644 -61649034 79929300 -18510080
-13221970 -97350675 -35233 -53996965
-69367944 25282922 -36573705 61287122
-71661868 35495568 -63369150 65411823
-85982202 -92173561 -35233 73377973
-44068442 -65905635 -19798093 -28966251
-78744283 12631279 -3961403 98242897
-97350675 -86018111 -84728651 -67995734
77178174 -81490341 88717134 69306265
-92349490 64923760 -81490341 88691837
16405536 -72558201 65876995 -45919503
-54841367 -78744283 24655588 79058079
-26714835 35011761 97196549 91783244
-78092220 48134860 51397232 62277171
-72536812 -59905714 -1757614 41955146
-97350675 -43143734 37665580 56077348
-81342686 -42380688 12631279 99260320
-17541408 -68912097 10373861 -12872250
-13221970 -37737479 44965230 -24333142
-41192276 -64416138 86021120 8156968
7388526 29042079 26428280 44965230
-73320187 -63369150 -17143653 80786948
-30206148 -91971189 38224259 74990147
-69631011 -76768256 -65296309 38224259
-68900463 -53902477 72955673 80786948
1585993 -79607211 77171312 -3602184
15240173 4305672 38224259 56077348
-14960768 1467031 71827967 78206728
72864818 53643008 79214860 88691837
83039007 -97327131 90499825 -9994168
4771769 2921623 94836354 76008329
-17604972 17740268 75402812 51143733
80527580 -21228245 84032853 95650494
-47774379 -81414347 50991994 -34526544
58236194 -41192276 91205706 90966027
-65575272 -3961403 -61925591 11040118
-9472899 -17833531 62836548 -1439739
-81490341 -90029923 -65905635 50562605
-37737479 -1439739 22771612 22832780
43432889 54775866 74060430 84343773
12737198 54775866 58701444 55363113
-44776148 44449145 -39430591 58701444
-20559873 -63082512 -8606665 53643008
27931108 39650137 58658248 44170264
-72247563 -72558201 95564241 -56150096
-87696559 -72217655 86021120 90798606
-47774379 11708867 23732330 91591780
-47069252 -91971189 88771984 411123
-76638358 78733191 89654667 97196549
10593918 -52357148 37665580 -1066053
-67995734 -17541408 71316396 94033356
46616362 -30206148 56120608 -25021905
-35422803 5327751 35426124 50991994
-40605175 -9994168 -11786199 42506202
36852199 -68900463 71215088 -8789804
-41218749 -23320183 52112705 -1066053
-56444330 72415672 -14960768 79555791
-19564685 -67066276 -13148783 -21939675
-13190564 -30322149 37135505 43371641
-93036153 -26718424 28397907 33405500
-95411509 -72247563 -57445705 30552310
-79193778 -43039271 10317567 36251680
-9241057 -12872250 85998017 72767208
-34500642 -3961403 6762740 60198056
-71661868 -76690035 2820095 99136300
44449145 -39680198 79929300 -17824231
-13418525 -72834901 73377973 -43039271
-48439737 -93255628 33458192 -91062408
-61358780 -90139757 -8513861 46166455
-43143734 -69367944 87873447 -39340930
-1782249 85662522 44449145 98242897
14464963 -91971189 60472156 82715173
-17824231 -86018111 89654667 17016456
-99512184 44170264 38224259 97414182
-53435442 6036616 -40544668 59827332
-92842817 -29264694 45327483 12465833
-65834639 -72815966 83130754 94443503
-48439737 -94404722 -9994168 56070403
-17229758 -74459774 95594300 -24226845
-99980744 33740654 52088426 94836354
-69099804 -48354644 46616362 -38968623
-54882133 -1700388 60564588 70493222
-87774783 -64416138 81330225 -622155
-19564685 7487230 95430451 74990147
-95990451 -64031294 53283832 -63497691
-69781378 -81414347 43432889 74530149
-56150096 12475845 47896792 80527580
3409786 46166455 38935892 50562605
57056430 -28108125 88717134 -13193748
-64311870 4024984 95594300 60564588
-69367944 -25021905 6906559 60945852
-41192276 -88012989 -29839225 -46173598
226190 -92173561 58701444 18267138
-93255628 45327483 15857257 95650494
-18722647 42506202 61797205 94674800
-96900540 33740654 -55506321 55363113
-41192276 -67128354 66338420 46817861
-79895472 2820095 37135505 62107730
-63924418 16286648 2448014 86040854
43605386 -17604972 84343773 -4403915
23007060 51397232 73460614 84343773
-69367944 -97327131 28397907 -90029923
-76706844 -94508461 -49981506 56077348
-65296309 -65905635 -622155 226190
-81414347 -5726088 -53891736 81172021
42554207 -90029923 92539269 -80136380
16886309 -65575272 36251680 61797205
-27579115 -66672158 70674995 17174607
29042079 18602133 62836548 50096166
-25918555 -97924609 52088426 86040854
42579071 -95530804 57732680 -40800104
-54841367 -90679752 -29913142 95430451
-37112211 -74147012 -11311311 17740268
-95990451 18389655 58658248 94583197
-41218749 -37112211 86479518 45093594
-81342686 -61649034 -3172268 1136160
-88762472 -92464375 45019484 -84029743
58643042 -33987709 78206728 33405500
-21336806 -94331591 61459570 -45919503
-90324250 -76559839 -21780564 -13190564
-1308327 -78276857 7388526 -72834901
26428280 -27221170 55363113 69306265
-17983532 -92349490 -11311311 -81490341
18267138 -79895472 36216622 -78276857
17174607 -76690035 44170264 71472463
18602133 -52151797 90798606 -11632668
-30322149 -14359407 38997531 12737198
-47069252 6047003 62877100 25706541
-91062408 20333642 76849272 71827967
-81642251 52088426 -62526809 91205706
-79607211 -14359407 27069402 82836368
-17143653 -26358192 74443920 61950474
-61685833 -96878946 69306265 -71184541
-78276857 -91062408 -67353611 -22047458
64923760 -67995734 89500353 50562605
-94331591 -13148783 -24050358 24655588
-29913142 -90139757 96898873 -53284514
-75112603 -17188703 -31409097 46616362
-84029743 15240173 82436984 66461634
3771855 -95990451 60198056 -23747361
5327751 516450 47896792 61723138
-76690035 -75846148 -59905714 1585993
-40544668 -43548479 68049798 -12872250
-84902580 -72558201 72767208 69306265
-76559839 -77501309 21033498 -8887718
12631279 -52357148 36251680 44061606
-95530804 -43039271 -23320183 87345390
-70398250 -81490341 -44776148 -79607211
-54981431 -12536929 4305672 62107730
44501 -84029743 4118134 -13190564
-61822421 -13418525 -42290535 62107730
-96900540 -59216634 44061606 -11979352
-55506321 44727195 20798509 62877100
-86640513 18267138 -3649196 54775866
69306265 -89188608 88771984 -6170119
-69099804 61950474 -20559873 98242897
16979262 -43548479 64923760 44170264
15857257 -97672735 74022230 81814756
-92464375 -92842817 48134860 -29913142
-8606665 -21939675 9982204 -1782249
-84029743 -11133146 52945972 -789145
-29264694 -30010839 17772206 71215088
-43558929 -25529311 82704830 37348526
-3825502 -81642251 6762740 33740654
-75748796 -66672158 70639020 -63362845
-4890108 3603700 17772206 32976710
-38446324 -63079030 21886331 65876995
3409786 -95990451 39445699 -68643562
-22585746 -81933271 6990838 90711160
-65717109 -21355745 15330495 -6290720
-33248729 44501 76324403 64880409
-84728651 -86018111 61459570 24966082
-17143653 -91921071 5327751 41955146
-30206148 29042079 30756390 39811135
58658248 -77501309 59608193 71044987
17016456 -22774539 35426124 36216622
-3172268 -24050358 86040854 16286648
-76690035 -61649034 -27556623 50562605
23007060 -12536929 86479518 58658248
-56598374 8534784 83081170 88691837
-63497691 44136107 17772206 92390684
-46628987 -20559873 66338420 57732680
-1757614 -789145 18389655 60945852
-5312589 -65724404 28477808 -56111184
7388526 -93255628 38997531 22771612
-46628987 18663417 69294723 70674995
-41192276 -30677914 -36734332 -11786199
-74459774 -72670012 -26358192 -29395359
1809505 -45919503 12204513 -19841632
-81933271 -61649034 -22769250 -17040608
-75112603 -64311870 53643008 83130754
29865269 -73320187 70639020 -17541408
-12536929 87090528 94732556 90966027
2921623 -83424733 45093594 38577122
17740268 60945852 97196549 62277171
68049798 -90029923 78109929 -72247563
-34500642 -29019539 52663323 -8887718
-17143653 -15253975 62277171 15652745
-92905618 -65905635 -19841632 8075680
-78744283 -718482 38577122 54775866
-28341445 -4048579 17174607 69306265
-81490341 81172021 23732330 94845368
-93036153 -61925591 -38446324 -40544668
-46285873 -69781378 75660648 -26358192
-92349490 -52887015 -8606665 18267138
37665580 63276053 43605386 95062194
-35612269 -76690035 -34526544 -37737479
-48439737 -79964659 58073433 51143733
-71312145 -84052828 20798509 94487294
-65905635 -40441205 92390684 -38968623
-67353611 18602133 -13193748 77178174
-41761897 -96900540 84343773 -41218749
-49981506 -17833531 28938943 18193722
-95638143 -39680198 -3961403 69306265
-87696559 5333585 88771984 28477808
-84863702 18267138 -13221970 24702227
-84728651 -18510080 -44068442 411123
-85265476 -66672158 89654667 57549019
-76638358 51143733 -20013873 60472156
-21355745 -59216634 2820095 -3961403
-84728651 -99980744 86453595 62823246
52449284 -30206148 63276053 73460614
-4048579 4118134 24966082 79555791
-80136380 21241511 -21492166 90705534
-84728651 -17983532 15131352 81814756
-63369150 -78994402 60028018 -53353316
-50940221 38997531 73377973 65901693
33292557 -3602184 80733364 38997531
-46608687 67140859 16286648 82436984
-46937167 -88012989 -42380688 -3172268
-95990451 -61962827 -76559839 55514516
-30322149 -28966251 24655588 -22769250
-40984066 -3172268 -24050358 22373725
-93036153 -25021905 29042079 97414182
-68912097 -91971189 -21323434 88691837
-59216634 -63369150 3771855 92539269
-47774379 -53891736 8534784 33955487
-11208164 -13022694 41955146 46843552
-62526809 -23320183 17772206 13380397
-80136380 -22774539 -41192276 50729520
-52887015 -65780643 12737198 -39705727
2448014 -81642251 74436234 88942482
-94369496 -30322149 -19449350 -14942708
-53353316 14464963 6794885 37135505
-81933271 -29839225 -79607211 -28966251
-43039271 -66672158 -23320183 75402812
-84863702 6906559 -65905635 56077348
-74147012 -14935105 -44776148 87873447
-95530804 -27556623 71472463 52088426
52945972 -27221170 89053205 762137
-87322517 -42380688 -44380317 -12872250
25016087 -1008856 33458192 91205706
-55506321 -72815966 -22769250 -70773020
46843552 17016456 57732680 96722748
-51788169 15857257 -6170119 16886309
27069402 -38289405 37665580 180369
44061606 20333642 45375552 89654667
-53284514 -61685833 60472156 -48426656
64880409 -91333960 92499579 92499579
-91921071 1649826 74672440 80527580
-95222831 -95222831 -62384569 25254753
3409786 -34526544 92499579 38224259
74990147 -70871591 87345390 44501
47462335 -97924609 86203997 -56598374
-53996965 -61358780 -1066053 91628732
-76638358 -29264694 76008329 91541289
38935892 -67353611 94836354 -59673235
-42380688 78733191 -9415945 79555791
-25751666 -94331591 90499825 61287122
-67050421 12737198 -29913142 95430451
-76499169 -67995734 95520017 12240277
-87322517 -11133146 -47069252 82706381
-27556623 -37737479 23007060 -16221750
24655588 -9472899 28938943 -1700388
11708867 -22047458 88783856 86453595
50991994 20333642 91628732 25016087
4305672 28477808 60564588 37348526
-84902580 -90029923 -62526809 21033498
47505069 -62526809 74436234 -39340930
50096166 -40984066 95430451 -24333142
-92208290 15652745 -71099975 62202208
-54981431 -92173561 -789145 65455338
-6170119 -78092220 28397907 -72247563
-9241057 78206728 45375552 89654667
-72217655 82715173 30756390 96058925
-26358192 -95990451 12204513 -30677914
-70398250 -97327131 -31409097 65901693
-63362845 -86640513 5327751 82436984
8534784 -54981431 29042079 -24226845
-30677914 -84728651 53643008 47896792
-93255628 -34276564 91541289 61797205
-93802232 -84728651 85595004 39531659
-72558201 -43143734 9833920 -33987709
-95530804 -48426656 55514516 89259085
-27579115 -39705727 30756390 71827967
-27556623 52449284 92539269 74990147
6129204 -39705727 93659019 4118134
-36734332 65876995 37135505 95564241
-50940221 -56598374 60945852 27069402
-17541408 74460396 42967847 89500353
-51216911 -61685833 69669742 -17541408
48289278 -34276564 66438275 58643042
6906559 71472463 53815983 96722748
180369 -65822358 63128653 -44068442
-84728651 -21355745 62836548 1136160
-9994168 -51216911 65937139 39880212
38356288 15857257 76324403 39650137
-51216911 78733191 -4403915 95062194
27069402 -33248729 64981200 -12775389
15330495 -39430591 37135505 -22047458
-99980744 -22774539 -16221750 37135505
-95990451 -9689491 -69809347 64923760
-87128999 -40544668 90711160 42780254
69306265 -21336806 75109300 39650137
-17188703 -88911018 80733364 65455338
-45919503 -61925591 74436234 -45827892
-63497691 -9689491 94443503 17174607
-30010839 -1066053 -27221170 59608193
14145464 -92842817 38860410 -41761897
-21228245 -52887015 77171312 93216044
-17541408 -76690035 89259085 -70398250
26428280 -69809347 80733364 -42495789
44727195 -81933271 75402812 -55506321
6762740 -43548479 74530149 -28966251
44061606 -52048561 82836368 83081170
-79895472 20333642 53213718 67140859
-56444330 -85982202 -4403915 -48439737
-80136380 -79193778 54775866 74460396
22483479 -68643562 52088426 -26398746
-93255628 6794885 -76499169 78109929
44501 72955673 44727195 86453595
25282922 -53891736 93659019 25706541
-28341445 -91028905 -13193748 29058220
1585993 -72536812 15131352 76849272
-67769055 35011761 18389655 52945972
43371641 -15245908 44136107 6906559
12737198 -35233 58073433 94583197
-50835036 6129204 63128653 52449284
-10554429 -26358192 1467031 -10554429
-91062408 -29019539 30552310 29865269
-73320187 25016087 -44068442 95130854
-36031779 -97327131 -9472899 28477808
11040118 -88911018 88771984 47896792
-89943417 -99980744 -18722647 94732556
-80118084 -20189653 13380397 -19564685
2820095 -72558201 43432889 22771612
-59905714 -22047458 60093567 -21336806
-36031779 -36897422 89333606 96138686
-34276564 -38968623 72415672 58368059
4024984 37348526 5327751 92390684
-85265476 -43462024 -73320187 -1439739
-56150096 -25918555 88454125 62202208
62107730 -65575272 80733364 65411823
-38969941 -15253975 -4048579 -8789804
64244080 -12775389 88717134 57549019
48134860 -88012989 74022230 -18722647
39811135 -11786199 50562605 67140859
-20189653 -8164109 55363113 36852199
-26358192 -97924609 -21939675 -59216634
-12872250 8075680 70295264 16405536
-70773020 -65717109 -25529311 -47069252
-74993681 -75748796 -61925591 -17983532
-32281218 -63082512 67140859 -51216911
-51216911 -46711480 -48439737 8156968
33405500 -89943417 51397232 92390684
-57445705 -99980744 18663417 -65834639
-88012989 -84863702 35426124 72767208
8534784 -88911018 21985950 12204513
-23747361 -99029288 52945972 26428280
74436234 8534784 96898873 53643008
56077348 -64031294 71440690 -36031779
-93802232 -9992875 65411823 8534784
-25021905 -37737479 -1008856 -11311311
-61358780 -87836267 -19564685 83081170
-91921071 64880409 14464963 70295264
82704830 -84902580 96058925 -1827539
-81579722 33955487 -41192276 91541289
4118134 39811135 94443503 58073433
-13193748 -94369496 58701444 156566
-53435442 -77501309 -17824231 -44380317
-53996965 -69809347 47896792 78318343
-30206148 16886309 29842584 71827967
-9241057 21241511 90966027 95430451
45327483 12737198 72050912 70674995
-22593246 -96147691 39445699 71440690
-79895472 -92208290 44170264 -54841367
-85265476 -46711480 74443920 78109929
28477808 -54882133 83130754 70386673
-27556623 -46628987 38997531 51397232
569474 60945852 90831524 94583197
-84029743 -21492166 -55330075 65937139
-1008856 -72721591 90705534 -1782249
-99029288 54631842 -90952152 57549019
58236194 -87322517 91541289 82715173
-46711480 -97327131 91205706 -71312145
-76706844 15282304 -1827539 22771612
-29264694 -65822358 42579071 4024984
-78994402 -44068442 -47774379 90966027
75109300 -93036153 79214860 -20559873
-29395359 37135505 28397907 72767208
-77501309 70295264 -48426656 76008329
-43462024 -52887015 -38446324 99892454
-56444330 -43462024 -35422803 26428280
-11786199 -63079030 12240277 16979262
-13418525 -6170119 72864818 72955673
-91062408 16405536 -22047458 76324403
411123 -91333960 27069402 -43462024
-61822421 -61649034 61723138 3409786
-42380688 -98081187 17527823 4024984
-29839225 28477808 6129204 87345390
-61925591 4024984 12631279 55740280
-92905618 -90679752 -61822421 82706381
62836548 11040118 87184796 58701444
43605386 -76638358 91783244 -9706591
-9994168 46817861 43647587 96138686
-81933271 -26503135 -20189653 75229378
7414443 35426124 69294723 39445699
-92065421 -80136380 -9706591 12204513
-75748796 -96900540 97196549 -83424733
-52151797 50562605 -1008856 80733364
-87322517 29842584 -39354590 38997531
-65575272 -88911018 66438275 -15253975
-14942708 8075680 -9689491 86040854
-14359407 11703765 91591780 89333606
-24333142 -64311870 55960617 20333642
-79895472 -81642251 -27221170 74443920
23732330 -66672158 65901693 62277171
-43143734 -19449350 95594300 58643042
-38968623 -85713063 64244080 23732330
-95638143 24437791 -53435442 50096166
9982204 29058220 33441749 62277171
-30677914 -92842817 14145464 762137
21033498 -43039271 92390684 53516289
-56150096 -63369150 15240173 -30677914
-17983532 21033498 36216622 81814756
-53902477 -80486755 72050912 -9994168
-90153387 9982204 -56598374 84343773
9833920 -39680198 35426124 -26714835
66918665 -52048561 95564241 -24226845
65055003 -63497691 88691837 38752546
-79607211 5779460 72864818 60945852
-79193778 -91971189 72415672 -44380317
-71312145 35495568 30383875 73377973
-48354644 67140859 33955487 70386673
-80932927 -98049075 80527580 44449145
25016087 -91062408 82704830 -14184952
-7870573 24966082 71044987 94732556
-91921071 -82718091 -14935105 70570726
21241511 -90153387 78733191 33441749
-69367944 57549019 27931108 71827967
-41192276 45019484 71044987 84343773
-55506321 4118134 74443920 74060430
-66672158 -11311311 51143733 99892454
-68912097 -49505038 51397232 -1008856
-53435442 53516289 35011761 99260320
23007060 33405500 42554207 44170264
-67353611 17174607 74022230 25016087
-84052828 -61962827 72767208 -45692485
-6755095 21985950 86040854 50562605
-17541408 -15245908 15652745 25016087
-42290535 -90153387 88921882 27069402
-92208290 156566 86021120 91628732
-41761897 63641198 43605386 76849272
-57024754 38752546 25105837 85998017
42506202 18389655 82836368 30552310
26428280 -67769055 83051385 52449284
29842584 -51122036 78206728 99892454
-77501309 -95222831 -45919503 -21780564
-62384569 -40984066 65901693 53283832
55960617 -9706591 70570726 12631279
9982204 -92464375 88717134 -27556623
-87696559 42506202 -64416138 42967847
-86018111 23829373 79929300 83081170
38356288 -10554429 74022230 79058079
-59216634 65937139 11703765 81330225
-81490341 -92173561 -39680198 23167797
40091276 -53902477 54631842 55363113
-91028905 2921623 5779460 81172021
-47069252 -7870573 84343773 7487230
51397232 -75748796 95564241 -70777711
-70871591 -90427653 569474 74990147
17772206 -25751666 96138686 88454125
-94404722 -18510080 -56598374 71215088
87090528 -45919503 90705534 -25529311
1585993 -80932927 11708867 54775866
-61685833 -50940221 94487294 10373861
-45919503 29842584 35495568 88783856
-34526544 -21336806 82436984 91628732
-65575272 -76706844 20100704 90831524
-65822358 -20013873 17016456 -11311311
-92065421 18389655 16979262 99892454
-93802232 -98645097 -70777711 -5312589
-81642251 -5312589 71440690 4024984
-72834901 -85713063 17527823 21241511
43371641 -3825502 91205706 22483479
-40984066 -98946255 -8887718 86040854
-56444330 55960617 82715173 90705534
569474 -99980744 38752546 -40800104
52088426 -71184541 62107730 86453595
-65575272 4118134 74436234 65876995
65937139 70639020 70570726 96722748
-69631011 -53996965 -1700388 99892454
-11786199 5327751 82706381 18389655
12465833 15240173 17527823 80733364
-59673235 11708867 -56598374 61797205
-74147012 -29395359 -28966251 -23320183
-94508461 75402812 -89943417 94583197
-78092220 65411823 61086421 94845368
-12872250 -65717109 -35233 -26714835
-67995734 -63924418 -789145 99136300
-97350675 -65575272 -35233 7388526
55363113 -70871591 92390684 29703163
-95411509 62836548 60516084 82836368
30756390 -32759557 60945852 -28966251
-70777711 -76690035 15330495 38224259
-52887015 -87774783 -39340930 -61358780
-22047458 -46628987 -21873590 -17541408
-4890108 -8513861 66438275 63641198
-92389174 -6755095 -62384569 77229070
-36031779 40300574 86479518 75339788
-22774539 -36897422 96722748 94845368
29817512 64880409 71472463 96722748
-76768256 46616362 -27579115 48289278
-84863702 69669742 -1757614 94583197
43647587 46616362 70295264 85662522
-63497691 -52357148 -45692485 87090528
-11786199 -21780564 88691837 44136107
-87696559 -25751666 95062194 35426124
-52887015 -65296309 15330495 12631279
-1700388 -36897422 47462335 -9241057
-92464375 -92173561 22483479 -64031294
-97672735 -46937167 -76638358 72955673
17174607 -9689491 38997531 97196549
-57445705 -94508461 74436234 38860410
-45692485 -90952152 5327751 74060430
-1439739 14145464 60093567 47896792
-72536812 -74993681 -70777711 -9706591
-84029743 -98049075 -63924418 81221323
-45827892 -61924601 24966082 -39354590
-20559873 -51788169 91628732 -18510080
-72834901 -26358192 -68972867 -11311311
22832780 33955487 36852199 58701444
-81579722 -30677914 90798606 17772206
-76499169 -84902580 -62526809 -6755095
25254753 -94404722 29703163 66438275
59608193 -44776148 82706381 47896792
-17143653 -72536812 42554207 42413682
-79607211 51143733 -37112211 91628732
-54981431 -6755095 22483479 29817512
-42380688 -27221170 -13190564 53643008
-50835036 -95411509 91628732 5327751
-95638143 -39680198 -25021905 411123
-11311311 -95411509 6047003 23732330
11703765 16405536 74022230 17772206
-63924418 -90679752 -34434411 -27579115
71827967 -81342686 88771984 84032853
12041396 -67050421 71215088 58658248
-1700388 4118134 23732330 82704830
-17143653 -84863702 88691837 -1782249
-21323434 -45919503 38224259 88921882
-43558929 -54981431 84343773 -17541408
-1150067 -36897422 89259085 66338420
22483479 -72217655 61287122 44449145
-39340930 -56444330 44170264 8534784
-61962827 -14184952 94674800 47505069
-55506321 -25751666 -1827539 -25021905
-43039271 50991994 15652745 78733191
-98049075 -17983532 -11342161 38997531
15240173 -79895472 77229070 -77501309
-78744283 -40800104 89500353 -17983532
60472156 42413682 88942482 92499579
-55330075 -33248729 -44501202 18267138
-1439739 21241511 35495568 61797205
-89943417 -84728651 90831524 12475845
-542863 -65724404 36852199 86453595
-91921071 -81490341 -33248729 -49981506
58658248 -41218749 90831524 86479518
-59905714 6036616 -59673235 9982204
-88012989 92539269 -84052828 95564241
-56111184 -3602184 33441749 99260320
-97327131 -22593246 47896792 -20013873
-22585746 -98081187 5779460 -91333960
71044987 -72536812 90711160 -11979352
-70871591 -81579722 -36031779 -39705727
-17188703 762137 -13022694 37036632
35093424 -20013873 37348526 71044987
-56150096 -46608687 91205706 -16637956
-86018111 -74459774 90705534 -35612269
14145464 -8513861 21033498 7487230
-72834901 24655588 73377973 61797205
-72670012 61723138 -3825502 64164864
29817512 20100704 88771984 69669742
-22774539 -53902477 12475845 39968812
-98081187 -61685833 16886309 -19841632
-79527035 -52151797 9982204 -32281218
-49505038 -12872250 1809505 58236194
-9706591 -22769250 16405536 96138686
41955146 -91971189 88691837 -69781378
-91062408 -56111184 -64031294 39968812
-84902580 -43558929 -38446324 -10554429
-63362845 -72536812 -33987709 -11632668
