1000 -199660925 46669012
63423707 2316786 77840639 87996669
-99783699 -28913033 -26712947 53549653
7297977 21110760 23396363 83491140
-79413402 -95398327 91951495 -94289315
-98889831 -72054147 36841129 90654876
-7325501 -64325518 58024178 -42787901
-38877921 23410538 4653268 79824506
-42336375 30910316 66576901 46082686
-63276713 -6696187 73647476 99925172
-79873093 -64645251 -9956596 -21365628
-30096903 34468389 31069970 52763316
-12305757 -79328436 53609677 -12305757
-96542328 9788355 -91492737 52816583
-26876314 -36258022 -8296764 14303476
27646871 46091685 33958869 96085475
4653268 -51658331 46065642 42023338
-55365404 -13492399 45257542 88579567
-91454764 30884197 31744307 69478302
-87781416 -58514359 77844397 -56508369
-59952501 -7531991 28412004 14589316
-21365628 12093359 22853155 75559179
-56615548 10245796 7261646 25447915
-98170037 -75239630 -57958954 -54285394
-50746744 -47714570 34434873 -39507904
-59636436 -37132392 -45586237 87539410
-56615548 -34368244 -30565119 30884197
-26953921 -6393717 34434873 55600978
-41873319 31241673 53439415 92396539
28575582 -95827836 30906060 -55365404
-56877518 -37134481 76697654 47078949
-6920349 -52983436 73662095 28481168
-34765913 -87489700 74206055 -52619690
-98170037 71905781 -91500086 98235504
-33783083 -81576265 18848276 -28735160
-8536955 -16251855 81743238 11446213
-27769348 -72873814 13334397 11307023
38403275 -63353092 95048107 -41384440
-21697499 -63612015 14811700 -13323545
57714429 -65870928 88348278 -3082226
-35125648 -23070674 72422091 4368159
-65186237 375725 15019521 47832447
76509129 59063195 89966011 70489994
-3743082 52683021 7328573 85642132
15163049 32614137 95963331 37747451
23415170 -48835923 87996669 95437923
23137783 -64436453 65586685 -9623510
330474 -91109312 29316408 -10459664
-62704044 30405013 -12212958 65357296
-49600124 -85675407 50550866 -8796903
29316408 33529713 46841719 98715064
-47220895 -59378274 59453096 87656910
-72412243 -20664242 6935777 25447915
-82560066 -4554549 22853155 50345595
46929816 3343790 70489994 29302414
-94152429 -9110301 29316408 95350494
-59052022 -65375834 -20146728 81164618
-13891821 -53074222 56552912 10261746
-80068663 -50704958 11107784 -35636415
-77117471 26004312 60185292 59701038
48046314 76079114 92468143 77399999
-55094373 13678674 -44999245 35475312
29290863 -37134481 71510704 96085475
-21365628 -44348481 32889762 25047215
-63898162 27562111 -29605715 71405547
-59378274 -62652296 87031409 11355845
-59052022 -88330686 5400705 -23070674
-15781581 -28913033 87031409 16081209
-16581772 -33222570 28801976 34250921
-87918929 -76581322 34298176 -51033234
-23501886 56552912 10261746 99744538
-72294029 -22269808 15983517 18848276
78628211 -52922842 89966011 7578711
-40465199 36795675 79182083 66576901
9078280 -34870357 66102920 46841719
71427490 38194780 81882779 50074773
-88459596 27229296 -12131816 76082985
-38157670 -38877921 65720599 34889884
30008252 60373398 96794151 80501767
20123525 -97979732 64335293 -15185169
-54774270 -3300414 40306406 69884493
-18789672 -95165054 46091685 65296266
-28913033 -47808277 24839388 78646080
-46180621 7261646 -35750503 66961951
-51890870 -26578889 5889306 27457529
11938030 -55860344 80232780 29302414
-1377302 81156375 69756854 81637183
18533723 32614137 27080747 33539999
-64542022 -47701615 42007081 36795675
57874799 330474 82693524 28583763
-61405852 -23070674 56262930 50138797
-30652134 -76897171 73566159 96262546
-96542328 -55696919 17328595 -28913033
41826892 27415080 49340867 59053008
72422091 -56336788 92468143 30552387
52949661 -50507443 55032396 5400705
13756828 -41030058 80232780 42925912
-34860197 11831853 -34745718 86098886
-61431207 69451125 20123525 87031409
48012 -31922221 20066482 45934979
30906060 -88373964 56552912 89089361
21233883 -78441702 24839388 94749604
-52323210 -89442468 83246051 79077993
-73992905 -61264933 -33623076 88310186
-81576265 -16251855 -34114749 75672426
1208786 -35750503 78853041 30429341
-82489231 -13707547 48592513 41554165
-36844013 -5071075 27457529 79790769
-94945801 -33623076 32614137 99534273
-3363069 -26519381 31089394 75421712
-50507443 6808260 67864490 21771138
-64477416 -39187235 -47701615 16532587
-57958954 -55094373 23396363 28946798
31744307 -74993295 39451344 74705707
10245796 -81683536 91156382 79243114
81444110 2630011 92396539 15101462
-80577679 -23217670 33700377 22879495
-75781338 -76046091 7371799 76509129
61647829 -18614392 76082985 49870430
-97803198 -59052022 66337340 7545752
-97452572 -31922221 -15537266 59453096
-34368244 9517672 90739121 60185292
-63276713 -43268889 -24848415 -9844736
-95089456 -80165101 84738448 4715684
-8265896 55410139 26878060 94631915
-41281716 -91583664 11307023 -18614392
-768127 -91437155 13833522 50550866
-66717336 -46180621 87656910 72968191
-2416646 32731494 189408 77724056
-62134427 -36182985 -20664242 -16662279
11316452 42791650 77808568 45934979
-55700016 -64325518 38348944 74705707
-43400945 -92652375 58026139 92396539
-72873814 -24621835 -37134481 85547528
2316786 -79279942 56262930 -32230885
-86173261 -35031491 81743238 -4774593
-42846737 -76897171 95330888 41685002
27415080 92468143 46065642 94250988
-63898162 -78993359 37419629 -76682397
-95165054 -25961996 -62704044 53979105
-5518692 -8970281 99744538 40140398
-79622739 57151806 59909320 78628211
-23015414 34468389 -22269808 74705707
-4774593 16851773 46976398 84967052
-19233030 -27769348 79890216 39903789
-59686388 -18913937 -5864029 21771138
32614137 33193338 90322002 66053921
-89621067 -3743082 -62288014 -768127
-3236022 -34368244 74824955 99534273
27229296 -63612015 95790393 -7515239
23396363 -67022305 35263151 -34628481
-64791121 -83885972 -24783786 82226661
-34870357 1175092 79803758 69756854
-93128456 -46112859 85080626 -9083123
-97452572 -82507292 -86732003 14337614
-5316096 -85698209 23858068 13678674
8593736 -76772612 92680324 -8536955
-98184849 -98591317 95466029 -41566405
84566266 -13380663 95527414 90511954
-57634469 -62288014 76079114 -3881326
-3363069 -96743584 89966011 48698540
-16285725 -23501886 7578711 53424912
46976398 -90098715 89289549 -17015708
-69102947 -98226945 -32230885 6814523
-33623076 -24563182 26502482 23396363
62192692 -73656808 94631915 -52323210
-93286159 -17232404 31116828 10707173
-79622739 -32592205 -74000061 27401443
7578711 -41873319 61902270 -16480218
-51033234 -79328436 823471 -43184230
728987 -93286159 34434873 27067361
38799608 -50099493 73662095 69176539
-94945801 -96743584 -3670820 29410627
-48612471 -18253135 67352336 10707173
30429341 -23217670 52458747 18848276
-71975503 -59995916 -46504221 53439415
-75781338 36324785 17237568 85547528
-25205325 -67022305 39119067 34537859
-50345093 61647829 47355484 72274342
-78008383 56259970 18924310 86466161
-94289315 -59636436 70677060 57714429
-9844736 -85095947 7578711 46065642
40868412 -69102947 54154717 -31215696
58271119 -72906387 79824506 22120090
2793517 50834375 53424912 61449015
-92908791 -9956596 -31720002 -3363069
-32358438 26062516 66106831 91951495
-44233268 -27786292 40868412 59176307
-63881531 -22293238 96235089 36324785
-96743584 53445894 72730942 78034856
-82378200 -85698209 13756828 -49458211
-43400945 -40525888 11938030 -14861232
22120090 -79074849 71990795 -62043773
-23070674 -44999245 34537859 60009723
-91651081 -31552173 -73256958 57349133
-78943016 -6920349 46082686 42221661
-94308068 -77436927 -82560066 76342446
49340867 -50507443 57010165 38805490
29850701 -3881326 37419629 99534273
-10504817 -61460969 62084587 -9805044
5230410 -87918929 67864490 -62043773
-64325518 -85241595 -28460348 -43146990
-25205325 -53559689 36955610 7239299
-34654270 78853041 35633798 94631915
-94308068 16643561 54200614 84383746
-63798466 -16927315 69074361 98687606
22855229 21143013 35940914 61744659
-45227010 -73119155 -13635805 -8180008
-89432415 -45359806 -36331113 11831853
-81434477 -15388309 -72204131 -13707547
-81434477 -92753951 2793517 -3135021
-98742918 -58129232 16382568 -18789672
38036725 34663935 91846321 98872630
7761088 -33204357 80907337 56552912
-16480218 -22390914 2316786 60177797
-87693234 -57419658 72145399 -8536955
-18775296 -18789672 2316786 40306406
23415170 -8873687 24813476 7328573
-72054147 -79232023 40906188 -18107413
-87489700 9517672 16532587 30906060
-75850793 -35031491 -41566405 86012030
34250921 -96244935 71427490 1208786
-55094373 -43268889 53919699 -38954711
58001661 -30160488 76068203 18573821
58342658 -50099493 90851775 23396363
-41936694 -53559689 -37989583 22853155
-80577679 7261646 -1731587 27229296
88573870 -81683536 98961168 84789170
-29605715 -76682397 -3608528 -56758658
12216282 -94862038 61488538 -35031491
-43146990 -96542328 93515879 29850701
-81576265 -89790969 88199882 -9956596
-14028842 42278370 7261646 50853586
-34745718 -62043773 -12050998 -41030058
47553859 -47089343 61488538 -45900743
-50507443 45989783 -40230826 50550866
54200614 -47808277 81090542 -15388309
62794516 -79074849 80501767 81743238
-46180621 -72863829 66074302 -26876314
-64824121 -98968447 -52194665 47078949
-65870928 -9285396 54522188 86834659
10245796 -66813791 88310186 7371799
-35750503 9994352 -2557425 67254809
-96196529 -33204357 73819993 36795675
-44833417 -84425797 47832447 87656910
14337614 -35614293 50550866 93515879
-32452521 -31720002 90508146 73647476
6814523 -74000061 41554165 -40349522
-53405486 -7682874 16643561 8200231
-66813791 -86327020 99744538 -5316096
-30160488 -95606425 55431996 53979105
-61405852 -45598807 70834836 59053008
-6920349 -91454764 57874799 -87693234
-43268889 -75154597 -35750503 52763316
-19919779 -19919779 71909162 -8447149
-81460238 -88691093 -66731625 -43121137
-79413402 71414244 70838520 77724056
-91180279 -79909365 4368159 -33783083
-35750503 12945883 22979438 24839388
-76239513 28575582 31444180 39137262
-34745718 -79415518 67864490 83246051
-72522148 -3135021 63688909 55032396
-37132392 81090542 -14028842 89529989
-63898162 11337855 39903789 91156382
7761088 29850701 22979438 42180405
24063840 -35279919 59802103 61783874
-75781338 -88377501 -69261147 -49064721
-45261937 -84553412 12085714 7371799
-89097666 -98226945 -79979892 -63707607
-79622739 -52019273 46107102 -50516069
7239299 14811700 92396539 42407984
-97803198 -35031491 7553791 -22269808
-67671626 -89621067 90469244 11978976
78233696 -18607800 85310769 95630000
-68077898 -94152429 56262930 75670471
39903789 -40848759 81353728 -37127158
96085475 26207886 97667346 47832447
47355484 -31215696 77844397 21629435
-59052022 18573821 40140398 98961168
-41168318 -51471314 -31922221 -6393717
-33623076 -46500446 25321718 92680324
33978736 -80785501 70834836 -65375834
-77117471 -94087749 10012111 -26578889
-76710981 -59307811 52763316 79230892
-65602537 -67863305 -63898162 57960220
-48254226 -79415518 68050880 33083930
-66658105 -80788646 22879495 40868412
-80785501 -61264933 67982794 38403275
29097960 58983198 55431996 69074361
-98742918 -76581322 -46504221 50345595
-32389511 -43268889 69705031 21237605
-11700089 -73223376 23396363 -27126933
-63881531 -58146853 12030162 -768127
7371799 -88694032 56295649 27415080
-28410626 57010165 -8471303 87031409
9788355 -23501886 92468143 96262546
-65375834 -45077549 48996647 30730018
-78943016 -28460348 -26578889 84383746
-34368244 -73119155 88523700 -43400945
-8503646 -46112859 49840740 27646871
35195305 -66717336 72422091 -58146853
-46500446 -23217670 54681816 42407984
-31390956 73566159 56295649 74450226
-98889831 -50746744 51988124 92897289
-30160488 14589316 70435641 21233883
-62929038 -12212958 42791650 60820447
-41168318 23137783 -26782223 66053921
2642054 -74992398 83627323 12577572
-85241595 -88459596 -80460208 -34299933
6869816 74824955 66074302 82687077
35940914 46107102 55446779 76342446
-27560224 -63714548 53445894 -40525888
-62043773 -36569551 66640821 -5214645
-76598929 -42787901 -64477416 11387366
-32218181 -7221211 -12571044 11107784
65586685 61116632 95963331 69756854
-43184230 -29340158 52511551 56262930
35307732 -87811086 99534273 -81434477
-92686524 -88305301 -63707607 38805490
-92652375 55431996 99743471 71427490
-52012332 -40525888 13756828 14337614
-9956596 -53074222 92396539 19678667
-18789672 -87489700 94155811 -63612015
-98184849 79890216 47078949 89289549
-87613847 -12323062 -64278409 93714450
38050749 -8970281 43193600 -3363069
-89807761 -23217670 56262930 7908286
-95606425 -63738497 70740913 -58514359
-46112859 -19919779 -31552173 52284647
39903789 -63596409 87451065 49840740
-13999715 -46180621 52284647 -45032832
-97434696 -87693234 -34870357 -38877921
29850701 -18789672 75617752 67377529
-16581772 -58030379 82693524 -29605715
-10459664 -46180621 20066482 85132717
61607190 -90098715 85879228 -72412243
-82507292 1208786 -74251313 13595682
-79384003 -50077138 30359054 38036725
-29436126 -30565119 23858068 90851775
-42036397 60009723 41369558 65118783
-84198157 -63276713 -56615548 78233696
-24398036 -56508369 57010165 16081209
-25128120 -16581772 10647809 79790769
-39757299 29316408 49163309 57151806
-24513985 -80934373 28575582 -46112859
-62704044 -40848759 29290863 24063840
3343790 -98972420 95350494 95048107
-67370874 46082686 -37132392 95466029
-79072268 -91583664 75421712 94510437
-59636436 -43184230 -5518692 -14861232
-8796903 -67022305 -8180008 -58030379
-96246134 -97452572 -61264933 -62284641
-57419658 -90952399 78503080 -86327020
-66526437 -61405852 -8503646 47074189
-99849612 -99769786 -72873814 25570359
-94493852 -35031491 48012 -27126933
-5214645 68805305 6692997 84894312
-55061970 -41968524 42407984 49282943
-52323210 6814523 71405547 87996669
-89485297 -52323210 89966011 38036725
-87825004 -65375834 2805268 -55696919
82693524 23474586 94631915 62794516
-84553412 -37127158 -44233268 -31552173
-67481621 -3881326 -22293238 6799913
33700377 -24398036 51470182 -23088294
-63738497 -23961500 72730942 65720599
25661528 -81338693 80542633 -53928367
-67022305 28583763 -39757299 40906188
-98551401 -7531991 61744659 3343790
-38954711 -84198157 42407984 -20664242
30008252 -8536955 78034856 45989783
-26876314 -37127158 25321718 48123174
-15130161 28708619 84967052 61427746
-55860344 -48515077 70677060 45676862
-96873631 -62284641 27846481 48012
-13950324 -42721140 26004312 87104554
-43184230 -72204131 -35636415 -8729216
76079114 -30652134 81882779 60089015
42180405 27993076 46177538 94749604
-35230030 -37132392 83627323 90322002
-35031491 -36258022 5889306 77808568
76697654 -79909365 77724056 31744307
-79384003 -91454764 -13861945 -40329416
-90952399 -25205325 -9110301 80646681
-48652918 -13635805 -15388309 18958369
2793517 12093359 52683021 32370196
9517672 -23015414 92468143 89089361
-68175300 -18775296 79790769 28575582
-14861232 -32998353 18533723 -8447149
-91437155 60373398 -63714548 66576901
42792394 -48612471 77012264 -14760843
-34860197 -7785778 76903111 942055
-5064443 57874799 28088501 70933741
-83794442 -61521080 61449015 78628211
23415170 -61655939 66106831 -46501352
-38340976 12085714 11533781 18924310
-17825293 -79415518 728987 74450226
-43146990 -51890870 79890216 56552912
-59307811 -12305757 -20146728 35140923
58342658 49282943 66053921 87341114
-74993295 86834659 74824955 92666561
-76682397 78646080 -47714570 90511954
-60570864 -46112859 64907407 59909320
-81338693 -33204357 96332542 30552387
-97434696 -30160488 28481168 59053008
35140923 22855229 42811014 45257542
-96478835 -62134427 88523700 76509129
-16662279 -79615816 45487574 -18775296
57960220 -41384440 96262546 11831853
30906060 -12050998 70435641 59701038
41826892 -28410626 90511954 74705707
-76710981 -55860344 95440301 -12212958
-92652375 -99212353 21101707 48592513
-50257501 -75787667 40734341 72963639
-77436927 -98184849 26439487 27646871
-63115972 -75781338 33529713 48592513
-98184849 -88305301 -4396781 9994352
-59952501 -86173261 60185292 90164683
-68887318 -95165054 90654876 38348944
-82657005 50735335 22282380 62084587
39467660 -95606425 80232780 -71153599
-76373614 -18107413 -6393717 33148857
-74251313 -52619690 -50746744 32595947
-69261147 9434225 -30096903 28583763
-17512310 -13707547 -436754 58983198
-62929038 -44833417 -9110301 98505343
-91651081 -5518692 -16581772 57960220
51872469 27457529 68495221 66640821
-59052022 24928901 -9110301 79790769
-66347570 53692177 14579040 79824506
20156816 -55860344 35475312 38194780
-85675407 39001687 58026139 63083421
-35230030 -23961500 -8265896 51988124
21915614 -36182985 77724056 -18253135
10644471 42811014 77336117 79790769
56262930 -58129232 58001661 77724056
-56758658 -62134427 98834023 -34114749
-87781416 -57419658 -16251855 -38214505
-23422436 -35750503 -6920349 61744659
-26306119 -79702130 24063840 -59974791
-66813791 -85538874 38036725 -27786292
-61431207 -59686388 -12305757 90958332
16851773 -63276713 77724056 -30668666
-72204131 -12148241 77521222 -8630160
18848276 -24783786 49840740 15983517
-56592360 66274186 -34114749 78628211
-25961996 48046314 -1377302 74705707
-38581016 -98889831 -34114749 90579553
-71153599 -50507443 -18276529 23474586
-89973692 18573821 -9110301 45811100
30290429 -58146853 33539999 78646080
24839388 -24471771 56295649 10012111
9788355 -47808277 18225390 -40837269
7578711 -59433814 70899158 62192692
-75787667 -66731625 88573870 -42846737
-12495285 -75611164 -7325501 53439415
-88305301 -99696162 80646681 -72305909
-52922842 -81060377 18848276 -64791121
-92044520 -55061970 35940914 2805268
2642054 -94289315 80501767 19678667
-87489700 -79328436 -46443866 -41281716
-61431207 2805268 6799913 29592664
-90680495 -48979288 64796516 61647829
-75511349 -94650317 46082686 -66813791
-67863305 -18775296 -35614293 32342271
-82226256 -46112859 -45077549 2642054
-47576011 -57634469 67982794 27401443
-23501886 56295649 55460270 86466161
-34114749 -33783083 36967195 15163049
9487321 7578711 55032396 36967195
-76239513 9557542 11316452 30290429
-39187235 -43146990 25272133 99014035
-7682874 -92652375 49273463 31444180
-38340976 -36331113 10942704 22120090
-62652296 -78993359 34298176 48123174
-79413402 -31720002 27067361 24933762
-40349522 -30565119 -34462456 -3236022
53310117 -82091138 62781208 76379014
-50577931 36561949 -31922221 80232780
-87483671 -97803198 -9071082 9859157
-96196529 -96873631 8200231 53424912
375725 -34299933 14337614 -9083123
-90098574 -32106834 46065642 65118783
86834659 6814523 87533281 87533281
-12495285 -66526437 -7474293 53609677
5230410 -80934373 49756991 -25982294
-40230826 15101462 -24848415 54154717
48012 77079313 76903111 78853041
-52194665 -6920349 -26953921 87996669
-3520126 76068203 21774242 80542633
-30096903 -52012332 77012264 30008252
-81712587 -16285725 13833522 6869816
-39507904 -88485713 89966011 -52983436
-28410626 -59974791 52511551 -43268889
-82226256 -63596409 -41384440 -30652134
28621015 -3881326 94950802 11978976
-89432415 -38954711 -88330686 -30160488
-91500086 7239299 88348278 61084393
-33530711 57960220 34781234 90579553
-13635110 -67797362 49273463 -33673305
-10163974 -83169723 30405013 77175188
-69261147 -16285725 -16581772 34472902
6808260 -21697499 12093359 71909162
-18253135 -38698674 9434225 -11700089
-63054325 -40230826 25447915 30910316
-26834834 -83794442 -7776237 55032396
-36331113 40140398 7297977 58026139
-64436453 -52323210 -33530764 95790393
-85675407 -5806159 -9844736 19894619
-94407348 -13418288 33148857 89289549
-59307811 -68077898 36324785 49273463
-8503646 -18614392 36324785 16668314
-61521080 69756854 -45032832 72730942
-29799902 -34738715 41826892 -13707547
-32023825 -26782223 -5489243 72963639
9434225 -64325518 11307023 97941281
-88694032 -38877921 76842392 36795675
-13380663 -13707547 60009723 32370196
-99696162 -10504817 77012264 -6696187
-31973604 69478302 87678951 99744538
-56592360 -5518692 -43305504 7843568
12671936 34617005 75575861 58001661
-90098574 -69947903 95330888 10322837
-46500446 -38340976 42791650 -7577065
-703662 -84425797 21233883 -80068663
33700377 -59307811 89780976 54574268
-89777011 38528052 52763316 99194478
-46501352 28708619 70838520 50138797
-98972420 -29803772 -37392832 14337614
-55061970 -91500086 59053008 36955610
-85376949 -89790969 -77366067 -46180621
-47220895 10942704 36077434 15019521
-48303729 3343790 66640821 69451125
-98551401 28801976 -50077138 65586685
38799608 -88691093 42278370 88310186
-83794442 2793517 30263789 10942704
-67022305 -87811086 -66717336 -67481621
80232780 -90098574 99857465 81882779
-52194665 16668314 70677060 80646681
-26782223 -10163974 36244600 4715684
-55061970 -14760843 -13635805 7578711
-91500086 -45032832 71427490 -30206621
48012 41390763 25661528 70489994
-2711504 32731494 39965888 85879228
16851773 -76682397 45257542 -62652296
-73104680 -31023037 36244600 11337855
-63707607 -99223267 21977015 95289603
-47220895 -96873631 -5071075 37879937
-67370874 -91500086 42925912 -31390956
-92686524 -50507443 84967052 29290863
36561949 11337855 98715064 86958931
92897289 -79979892 95790393 95330888
-75787667 -82489231 71905781 -62134427
47355484 -66347570 62084587 63688909
-42787901 -59307811 53445894 96848429
-7221211 1208786 21237605 87996669
16668314 68811452 90164683 79077993
50138797 -41125977 55410139 -29803772
-25696399 -76772612 -8796903 46065642
-91583664 21977015 -32592205 96262546
-79232023 41826892 34434873 63688909
-75611164 -91180279 -29436126 18848276
-30652134 -20146728 86466161 64796516
-59636436 -81687866 20328120 66640821
10942704 10012111 56795915 76842392
-79909365 -59754241 -6393717 16382568
-75239630 -33530711 24813476 56295649
-47808277 -31901329 96794151 78628211
-13380663 -41185595 9517672 26062516
-13950324 -20664242 728987 95330888
-94088443 -9285396 22120090 35263151
-37127158 14337614 -33370557 89780976
33958869 -40230826 53919699 70899158
-45077549 -97300586 76697654 55600978
-47576011 68811452 18650225 94486272
-10794007 -8729216 -1966897 85132717
-76702371 59909320 23415170 70834836
-13041179 -79964390 63299415 -8503646
-3881326 -80165101 16081209 -51890870
40023289 -28913033 45811100 30359054
-81460238 -56877518 -78441702 38799608
-56758658 -66731625 -31901329 34889884
41685002 -87811086 80610898 -69102947
-62043773 23652870 26502482 95048107
-79909365 34889884 50550866 56859080
-85538874 -37989583 -25982294 5922959
-3881326 -33673305 42792394 27562111
8749082 -82560066 80542633 -61521080
-31901329 -65870928 36348142 26439487
-30160488 -84553685 9487321 -42336375
-27360433 -53559689 56262930 73769055
-9844736 -67022305 7012196 53979105
-20383047 -37127158 36967195 57084567
-87781416 -67481621 -60851396 -10163974
-63054325 -64056524 25047215 -45586237
-42721140 59802103 -5071075 87539410
-35728287 -25982294 -26876314 942055
-23501886 -84198157 330474 -32230885
-81434477 -88330686 -13380663 61783874
-85241595 -75781338 47979156 -21772474
-13635805 -40465199 50735335 -32106834
-8873687 -83370589 32731494 78503080
-88459596 -12131816 16668314 51470182
27367818 -6920349 69176539 99925172
-58017063 38662069 -27360433 76082985
-61521080 -53928367 52816583 10707173
39903789 -13976730 56295649 3595438
-74251313 39119067 -42846737 42791650
-94087749 -98968447 -61655939 2975942
-15185169 -25982294 34472902 27457529
6869816 -88566121 79289103 13334397
-81576265 -34244094 14832300 77838665
-51890870 -41566405 78034856 -30668666
10322837 -19900354 30552387 54681816
-66813791 -72391364 92468143 20123525
-47089343 -79964390 24839388 24933762
-79873093 65918577 -62043773 95289603
-85241595 -3881326 75575861 95790393
-27786292 -35728287 79803758 63893818
-64056524 -96743584 12094573 47078949
-72305909 10245796 21208908 90164683
-84588673 -73256958 23137783 -53074222
-95606425 -64056524 728987 -2574742
-35728287 27846481 24839388 72968191
2630011 -9285396 94902068 57874799
5889306 -81576265 13334397 31744307
16851773 -22293238 98872630 56343759
-34679811 -48835923 -5518692 77399999
-32452521 -87781416 68495221 -3520126
-67748635 57960220 -33530764 96869785
-5806159 -14028842 91156382 47074189
-62704044 -59974791 -2574742 28801976
-87613847 19979131 59053008 32889762
-91583664 -85376949 12384927 77079313
55446779 -2416646 98683388 96794151
-94088443 -57678960 -55061970 82687077
-95165054 -66731625 299492 41685002
-36258022 -34462456 -17015708 61565610
46082686 -75239630 72232989 -69004292
-9805044 -63881531 49826861 31241673
-97300586 -75850793 823471 -5806159
-84588673 7297977 -67797362 28575582
-29340158 -75787667 12085714 -34863719
-79328436 11289222 49163309 21110760
-22436352 54154717 -8447149 62084587
-55696919 45487574 80232780 65296266
-98972420 15101462 52488268 79077993
-94087749 -7577065 73141269 53609677
-66165873 20156816 -28125698 50853586
-71520346 33083930 20167900 60009723
-48404290 -12212958 9743084 51470182
-49835841 -92908791 -13861945 80556599
19678667 -59995916 32370196 7908286
-65870928 -51658331 -46654344 5372606
-62652296 4368159 67352336 89033729
-10163974 -93195613 50345595 -18024215
31552639 -59952501 34663935 43106320
9994352 15019521 33193338 37419629
22528160 -27560224 72274342 -16927315
63893818 -31416757 98683388 79890216
-91583664 -58030379 -13418288 10245796
-37989583 82693524 -13418288 84894312
-80577679 -78943016 -27360433 -55061970
-52323210 -81510173 24839388 58271119
-54285394 48012 53919699 16532587
-57634469 -22390914 66576901 20328120
-67797362 95466029 72274342 98834023
-75781338 -5489243 -59268663 39001687
-21365628 -88566121 7328573 -32358438
-55700016 -81338693 15163049 -75672109
-68077898 -52922842 -34368244 -42557756
-34299933 -8471303 88199882 69743046
-28410626 8593736 80646681 36561949
40734341 -49089494 93776508 -8180008
-75286115 -63798466 -16251855 30290429
-77436927 -39757299 11387366 62936070
-43268889 61116632 -14760843 86098886
-46443866 -94493852 50138797 89780976
-77889970 -98184849 -16581772 -17948671
-12495285 -43184230 -10504817 69705031
23137783 -7286076 93515879 95604821
-52983436 -35031491 88579567 7049193
-24398036 -71266610 -18796719 95440301
84560478 -48404290 96848429 18225390
-53405486 -5316096 98769053 42792394
78628211 -92044520 84894312 -3082226
-55365404 -38954711 -12323062 64907407
21233883 60177797 65118783 92897289
-14861232 17328595 12801769 81090542
28412004 -63054325 98872630 95440301
-75239630 -67863305 -28735160 54281267
-68175300 -34860197 -42846737 -15388309
-12571044 27229296 -8970281 77808568
7049193 -53060197 51470182 -23070674
-99696162 -8796903 -40837269 87533281
-32023825 12384927 94631915 47355484
-56615548 37419629 41554165 51603995
72968191 -75239630 85089573 21629435
67377529 50345595 82280197 84383746
-89777011 -49835841 -34462456 -30668666
-68887318 -47576011 -40329416 7908286
-63054325 -84740183 -38954711 87533281
-64791121 -19429927 35940914 77838665
-81510173 -79279942 -55860344 -25205325
-43305504 -61609608 9557542 73566159
-96743584 52511551 45257542 74450226
-28735160 -41968524 88579567 -7221211
33984293 11027583 57084567 84738448
11533781 29302414 59453096 58024178
-14028842 -79413402 -9920737 34232014
-85376949 -30357271 37471935 78137569
-67020431 28708619 -34870357 52647889
61565610 -10459664 86243972 95630000
-77436927 -57634469 56262930 47355484
-81460238 92769953 64335293 95630000
-65870928 -9805044 18924310 34148644
-75114496 -67370874 5400705 -28125698
-88377501 7927971 -79072268 60373398
6692997 63423707 79824506 71455528
-61521080 -91437155 -18024215 52511551
-46654344 -53074222 2137814 40664263
-79964390 1596624 16382568 87678951
-53060197 -45032832 -16054691 -29340158
-34860197 -5489243 42221661 62936070
-64325518 4653268 19894619 95440301
-9805044 -59378274 34250921 14589316
-18775296 -58146853 5922959 -9920737
-89777011 18533723 38194780 69743046
48996647 299492 83627323 7371799
-64477416 -96909836 98303524 -65602537
-28735160 -44226490 81020015 96262546
2137814 72422091 9994352 74625216
-72054147 -76046091 29302414 -43400945
68509452 -81460238 97638446 -81338693
-81060377 -99587345 -46654344 89225637
-53060197 -10504817 49840740 21774242
18533723 -76710981 83246051 -34628481
-55094373 -65602537 76509129 -13976730
7297977 41554165 32614137 70740913
51470182 48123174 56259970 58983198
16809053 -87613847 77724056 -42336375
53424912 32614137 85132717 93515879
-40349522 -87613847 -2711504 -54285394
-64477416 -64325518 11533781 -59052022
-90680495 -31552173 -34860197 20396421
-78008383 -5316096 61427746 92524060
-91651081 -80460208 -8296764 7908286
-49089494 -2893813 -33783083 26062516
-96478835 -59686388 -61460969 9743084
31444180 -75154597 62781208 -19429927
-21365628 21629435 18958369 67982794
9994352 -8503646 76509129 52458747
2642054 -66717336 68495221 -13707547
43193600 -63072172 94749604 81882779
-28913033 -97979732 80610898 8749082
-3520126 -3363069 57349133 45487574
-77482164 -49064721 33529713 52683021
-87825004 -43268889 -62288014 -26712947
-81434477 -45227010 -46504221 73662095
-88566121 28946798 -82499173 94486272
-97452572 -47089343 2975942 13756828
16532587 -77482164 84894312 15163049
-5071075 -86467031 55600978 -34863719
31089394 32342271 38805490 85089573
47406444 25272133 70435641 88348278
21972248 -47450248 69478302 61116632
-22723215 -93286159 19894619 56343759
-93195613 -25961996 16809053 88579567
-26712947 -83885972 88573870 -38698674
2198555 -69699622 85132717 58271119
-41384440 32731494 17328595 84549610
-79702130 -80788646 -4432488 11387366
-12131816 -62284641 88523700 90266118
11442873 -63276713 83491140 -34114749
-79328436 -97452572 -64791121 7553791
33984293 -62652296 88199882 12945883
-34462456 -703662 -7531991 70838520
87996669 7261646 94510437 53439415
-54285394 9078280 98303524 33539999
-74251313 40868412 -52528244 55446779
-37989583 69756854 21208908 99744538
-86467031 -40230826 35307732 -5518692
66274186 -703662 69705031 82396566
-97452572 -88377501 7239299 26502482
330474 -22436352 11671586 49756991
-231142 14947480 728987 79824506
-2893813 -53060197 72145399 -10794007
-67481621 -64278409 -40329416 -33857282
-94152429 -8796903 -53405486 91846321
53424912 -95089456 83627323 76842392
36031006 -88566121 78412713 -9805044
-75672109 -57338665 38348944 24933762
36561949 -60570864 66106831 28481168
-1966897 -81231699 95527414 -3520126
-16662279 -76598929 90739121 -42787901
-79074849 28481168 3595438 69705031
-85675407 -26306119 -78993359 11671586
-89621067 -11734542 -35614293 11533781
15896961 -84740183 66074302 65118783
42407984 -8024593 65357296 69074361
-52528244 -15130161 -30565119 -10969680
-76772612 -71317173 22528160 7239299
-62456188 -49835841 66274186 14589316
-65186237 -1966897 49761923 30359054
-26578889 -28410626 -24621835 -8970281
-85698209 -96196529 -71543209 -78008383
-16285725 -13492399 64335293 82226661
-75014041 40734341 96085475 59176307
-32106834 -96743584 34472902 -42721140
-47918657 -14321014 87341114 55431996
46847357 36795675 98961168 94902068
14947480 -7682874 76068203 55431996
-23838298 -85241595 35263151 49840740
23410538 -51890870 39625198 65918577
-41168318 -15185169 74206055 69661716
-7325501 -94650317 -3670820 -231142
79790769 -34738715 99961487 79182083
-67022305 14337614 -10969680 98834023
30290429 31744307 82226661 36348142
-10504817 -28460348 69705031 299492
-60975084 -79615816 -34654270 -47808277
-67863305 -75154597 16851773 48046314
-17512310 -99696162 70838520 -18161981
-703662 -34114749 95790393 -12050998
-79328436 53424912 -61264933 93714450
2793517 47832447 11446213 53609677
-44833417 -92686524 -32672710 86466161
7553791 -8265896 98687606 94250988
51988124 -81338693 61607190 -14760843
21972248 -40349522 97638446 34472902
30405013 41369558 95437923 62192692
22979438 66106831 65720599 69176539
-66347570 -14760843 64796516 60009723
-73656808 -68887318 -64791121 -41030058
23396363 15896961 36967195 36348142
42811014 -85543357 69074361 89289549
-89485297 59053008 -59052022 81020015
41390763 -24471771 76697654 -18607800
-58030379 -80791407 55446779 21629435
-97434696 52458747 79289103 75670471
28088501 -71317173 47553859 -37392832
-91492737 -91492737 -20664242 -9083123
-34244094 -231142 39467660 65790253
3343790 -31023037 30429341 -30096903
-8471303 -49089494 78412713 52949661
77399999 -62134427 92897289 9078280
29316408 -37989583 60820447 37419629
-18024215 -41281716 82687077 57714429
-90680495 -95165054 -2117698 1243843
9517672 18533723 28575582 55410139
-89097666 32370196 5922959 80907337
-50077138 -30206621 66576901 14589316
-30668666 -61264933 82280197 30884197
-24299350 -3484865 23410538 22855229
21110760 -52983436 41390763 -3300414
-11700089 26439487 71990795 30504639
-47701615 4653268 -46112859 81156375
34468389 -72662398 55446779 36348142
28208575 -20383047 34472902 85642132
-76702371 -42036397 -7682874 58342658
-41281716 -95039559 11355845 -81231699
49282943 -68887318 68811452 -44226490
-94088443 33984293 38050749 80542633
-90680495 -97545079 -23422436 -90323068
-63798466 -95039559 -10794007 11107784
-36415294 -84553412 69884493 -80165101
34889884 -72294029 94250988 82226661
-50099493 -81027031 -31416757 -29799902
-68930776 -81687866 59802103 96235089
-81027031 -86173261 -64278409 12384927
-38214505 -19233030 5753441 28583763
-26782223 6814523 -7325501 34663935
-99769786 -51471314 21972248 23858068
-28125698 -54285394 29850701 69661716
-76046091 -82499173 -48979288 -28125698
-9285396 -8503646 -5214645 54681816
-37392832 -77366067 34617005 47979156
-53559689 -59433814 81090542 -57338665
-37127158 -54774270 44319885 28946798
-47576011 -25961996 36841129 52511551
-47220895 -80785501 -43305504 16840208
23474586 -46891720 59453096 -31416757
11446213 -10114433 37879937 57714429
-91500086 -83885972 92524060 -13635805
-26876314 -49458211 30008252 98783602
-68077898 -78095631 53439415 56859080
-48979288 -96743584 70838520 -76581322
-41936694 -79384003 10647809 67377529
-96909836 60462589 728987 99731471
-69004292 31069970 90851775 77724056
3595438 76079114 68805305 92680324
-49600124 -72760589 30008252 11307023
-43184230 16668314 70677060 40868412
-99696162 -97452572 -21760404 -8265896
-34863719 25570359 55446779 95790393
-79702130 18924310 -69261147 55446779
-45084945 -50746744 35475312 -21365628
10707173 -96743584 30884197 87031409
75575861 -81434477 79230892 -47741807
-23088294 3343790 95350494 38528052
-9083123 -99223267 92524060 -13891821
-72906387 -74447261 -71543209 -13950324
-82226256 -96621988 -25982294 98769053
43193600 -75611164 80610898 -27769348
54681816 -44791534 65296266 32370196
-69102947 88199882 -45900743 95289603
-84485476 -89097666 -64436453 -8796903
-88330686 -21365628 -13707547 -18107413
15019521 -83885972 39001687 33529713
45989783 -32358438 94510437 81156375
-63337599 -64542022 46107102 -47450248
-8796903 -13891821 81020015 30008252
30359054 -34679811 77175188 57084567
30906060 -78008383 76379014 -19660791
82226661 -96909836 94510437 -24398036
-69261147 -53405486 7049193 33529713
-52019273 46929816 -51658331 81637183
-22436352 32614137 28621015 92897289
-81460238 30504639 61902270 32370196
-53704345 11337855 -36331113 28687584
38799608 23396363 62755429 96869785
38403275 -34368244 82693524 2642054
-77117471 -72863829 -42336375 27562111
-97979732 38403275 -94152429 73141269
-71520346 -44721355 87539410 89225637
-82657005 72968191 92769953 79182083
-61431207 -85543357 90851775 -37989583
-98226945 -89807761 -48652918 11316452
53864299 41826892 70435641 47553859
-46654344 -6920349 62781208 69176539
-18775296 -98972420 67631466 -24398036
18924310 -94879932 41554165 73819993
-33222570 15163049 72274342 28946798
-47089343 -2866997 11316452 85642132
53549653 -94308068 99194478 38348944
-86653220 -78095631 71455528 20328120
-38581016 -64436453 26062516 86012030
-78993359 22164016 79803758 46847357
-34654270 -26306119 61607190 89089361
-25961996 -82489231 2198555 -56758658
-49600124 2198555 30910316 75672426
-91109312 -94650317 -23088294 -37392832
-87825004 -31023037 -82657005 48592513
-85538874 27401443 -58129232 28621015
84560478 -80788646 90164683 -57634469
-91109312 -34244094 -8630160 -33204357
-91109312 -42787901 -5064443 -27769348
-44791534 -16662279 21774242 -8630160
-65186237 71990795 -14760843 90469244
-40329416 -50516069 -33370557 38799608
-81460238 -81434477 90266118 -3484865
6808260 -73223376 79790769 -53405486
7908286 -28125698 96332542 55912770
-87613847 -72662398 11533781 18924310
63083421 -44791534 95527414 71742449
-56758658 -76581322 60820447 12671936
6692997 -78993359 71990795 -75239630
-35903637 -71317173 9557542 65357296
12216282 28412004 96235089 89225637
-33370557 14832300 -13976730 70025893
-32672710 6706791 23858068 67377529
-35279919 -91454764 60185292 11938030
-54774270 -55700016 -3135021 27080747
7261646 -85376949 11027583 -81060377
-2574742 -62288014 1596624 79230892
-59636436 18225390 94749604 22879495
-90952399 -63881531 -29605715 35940914
46847357 -58514359 98505343 -40730723
-23217670 67377529 10707173 73566159
-56508369 -75781338 76509129 78628211
-49835841 -99223267 -8989757 11107784
-73104680 -50345093 30263789 61744659
-59686388 -91492737 -34870357 -83794442
9487321 20396421 58342658 49826861
27091304 34663935 47074189 66576901
-17512310 -95827836 92897289 -27769348
38403275 -50704958 69478302 36561949
-63072172 -67022305 -11700089 84560478
-17825293 -69947903 49826861 67377529
-26834834 -78278110 7927971 -35230030
-59378274 -14321014 71742449 94950802
-61655939 -35125648 11671586 5400705
32614137 26062516 70838520 28412004
16382568 -59433814 79230892 -47576011
6935777 -62456188 32889762 84894312
18533723 77399999 75670471 98715064
-43268889 -94945801 80907337 77808568
14811700 -49491516 22853155 63688909
-37989583 -46112859 39625198 -16927315
-89097666 -79413402 59909320 -33530711
-46180621 21915614 34148644 22120090
37471935 -63714548 50074773 96262546
-35279919 -80788646 95440301 -47714570
-87489700 -914705 -42846737 29290863
-72391364 49282943 41554165 98715064
-75611164 -65870928 79289103 70489994
-51033234 54281267 78263611 90322002
-38157670 -24783786 46107102 2793517
-63596409 -38581016 -62288014 -8873687
27401443 11027583 45811100 36244519
-86891993 -40848759 10942704 51470182
