1000 -88870147 50139196
36386173 -69037079 69202429 15856831
-26822934 -54641665 42096562 8875561
-91813644 -63449782 -88610789 8050354
-48116634 -70445258 56561444 8875561
23267034 43481726 57924997 68658432
52770583 -33272577 94437084 18598440
-67708078 -6525930 -59652977 75999651
-12206313 60558432 10285625 98485079
19456558 -89606133 65430287 52770583
-42906323 289555 95335488 92599860
-32585343 -90967241 60558432 61864039
-68336242 -88610789 -56837927 56561444
-3174740 -71457337 94437084 68658432
-43683087 -41814734 92599860 -19163124
44949763 -79741954 92359213 42727482
-18513957 -62788444 -7002142 -57297526
-24966909 -70971245 -21145110 -59652977
15856831 -61009657 26000793 -32082239
-90967241 -26822934 -58098037 -12679207
-59652977 -78794419 -1128547 98485079
-26388771 30252781 90407423 33378663
25515935 -79718859 44949763 -3485675
-13164207 -33272577 69894834 -26822934
-64448371 25515935 -32887868 69202429
-5161773 -70374991 89165455 44684137
-78794419 -15052133 -48116634 2032511
-12679207 -67130249 32250974 -19373929
-88610789 -59652977 29735221 -34126423
-90967241 -79741954 10285625 76795271
-6767269 -62788444 68658432 -5161773
-44539327 -70278120 -28283910 -43683087
-82802097 -82802097 -26822934 -10075728
-74666678 -70971245 -68266991 42727482
-78794419 -4497713 -72856759 25515935
-90635186 -18513957 57892556 98485079
-97809511 -86110421 12634314 94770667
-70971245 -83519929 -12805385 15856831
-54641665 -63449782 37328028 80804752
8764289 -72856759 42727482 -39394537
42096562 42727482 98485079 75999651
-90967241 36386173 57671075 52770583
-64448371 -16840106 -1941075 -12805385
-7600842 -39394537 43481726 66030225
-13164207 -79741954 23267034 19456558
-83519929 30252781 -30278042 69202429
-89606133 -71457337 75999651 44684137
-22220426 -74666678 33378663 65430287
-70278120 -84590633 -69037079 -26822934
-91644223 -72856759 -59652977 -20936913
-62788444 -8379188 55300969 44949763
-3485675 33016147 -1128547 85596906
-20498048 -42906323 30252781 16680938
-4497713 -68336242 55300969 60558432
-90635186 56878789 -70406751 93556022
-48116634 -35163478 -6767269 -3485675
-79741954 -78679758 -19373929 -7600842
-90967241 -78679758 43481726 57924997
-20951032 -93451373 18598440 -42906323
-68266991 -63449782 17673564 92359213
-8379188 36386173 -3174740 92599860
-70406751 -93451373 54021682 -70445258
32250974 44949763 69894834 96041081
-78679758 -48116634 -14297127 89165455
-8692911 -78794419 -4462303 -37045365
31560535 -91644223 66084482 -8379188
-90635186 -48116634 17673564 2032511
32250974 -79718859 93556022 -70406751
-34126423 -68266991 33918544 -12206313
17512212 4797828 91867095 42864385
-64448371 42096562 69202429 91867095
-68266991 -88610789 57355276 57355276
-74666678 -58098037 -56006081 -4462303
-88859761 -49769239 -68266991 1317550
-61009657 -33272577 -20936913 80804752
-70224452 -70278120 8875561 31560535
-6525930 -70224452 2032511 -8692911
-69037079 -74666678 98485079 -11077786
-35163478 -83803105 -19163124 69894834
-8692911 -72856759 -5161773 -1128547
-78794419 -62499183 -26822934 56561444
31560535 -67130249 92359213 13983244
-57297526 -70971245 -31286806 33918544
-6525930 33918544 -2956542 42727482
-83519929 8764289 23267034 65430287
-70374991 -56837927 8588715 -12805385
60558432 -42906323 91867095 -12805385
-12991087 -12991087 57355276 -12805385
-35163478 -91644223 -22220426 56878789
-4462303 -97809511 44949763 -70278120
-20498048 -67708078 30252781 92359213
-68266991 -79741954 26000793 -78794419
-39394537 -9826000 -20498048 42096562
-15052133 -88610789 31560535 -78794419
-22220426 -26388771 -8379188 -6767269
-68336242 33016147 -44539327 69202429
-4462303 -82802097 13983244 98485079
-54641665 -44539327 -43683087 -2956542
-62788444 -82802097 75999651 56878789
-90967241 57671075 12634314 60558432
-70971245 17512212 61864039 80804752
-91644223 -18513957 -19163124 8764289
-33272577 60558432 -1711350 85596906
-66393289 -19163124 -8692911 -7002142
4797828 57355276 54021682 68658432
-37801457 -1941075 31560535 66030225
-56837927 -56837927 -48116634 69894834
-2956542 -12805385 289555 73144236
66030225 -86110421 66084482 -13164207
-21145110 -4497713 -12679207 8764289
-64894931 -10075728 37328028 56878789
-66393289 -79718859 44684137 2032511
-74343393 36386173 -44539327 91867095
-61009657 42096562 94770667 76795271
-61009657 -64448371 -39394537 57355276
-56006081 -20936913 56561444 76795271
31560535 -8692911 84320041 75999651
-91644223 -20951032 4797828 8050354
-37045365 -93451373 66084482 -68266991
-70224452 -79741954 98485079 -70971245
29735221 57355276 57355276 74653347
-78679758 -8379188 36386173 2032511
-19163124 -91644223 -7002142 -70278120
-70224452 -12991087 -37801457 55300969
-12805385 -67130249 42727482 2032511
65430287 -18513957 73144236 33378663
1317550 -70224452 56878789 57924997
-70971245 -62788444 -9826000 30252781
-83803105 -83519929 8875561 2032511
-13164207 -68266991 57924997 -20951032
16680938 -31286806 57924997 90407423
-30278042 44684137 -9826000 55300969
-32887868 -12679207 91867095 44949763
-58098037 4797828 -4497713 74653347
-70374991 -97809511 -13164207 -66393289
4797828 -61009657 36610323 31560535
-35163478 -61009657 -21145110 -5161773
-91644223 -78679758 42727482 -39394537
-5161773 -86110421 54021682 -31286806
-4462303 -83519929 2032511 -72856759
-62499183 -70278120 -19163124 -56837927
-79741954 -22220426 -67130249 44949763
-32082239 -74343393 33016147 8050354
-83519929 -35163478 -2956542 76795271
43481726 -90635186 80804752 36610323
-31286806 -90635186 17512212 92359213
-91644223 -82802097 -63449782 -24966909
33016147 -37801457 42864385 -16840106
-97323835 23267034 84320041 95335488
-3929177 -70406751 57355276 -8692911
-70971245 37328028 -59652977 98485079
25247532 68658432 66030225 76795271
-64894931 -41814734 -6767269 -21145110
-50458450 -4462303 -19373929 52770583
4797828 -88610789 57924997 -79718859
-86110421 -41814734 -8379188 -32585343
-64448371 -18538838 -3174740 17512212
54021682 -5161773 92359213 95335488
-37801457 -32585343 15856831 10285625
-57297526 25515935 16680938 73144236
54021682 -37045365 56878789 -16840106
-67708078 -19373929 -20951032 57671075
-70278120 -8692911 57671075 8050354
-91813644 -68336242 -83803105 89165455
65430287 -54641665 80804752 85596906
10285625 -62788444 60558432 44684137
-32082239 -14297127 -884699 -3174740
-12679207 -83803105 61864039 -26388771
-1941075 -62788444 65430287 -10075728
-9826000 -58098037 83077571 -37045365
-20936913 60558432 76795271 94770667
-88610789 -32082239 -8692911 69894834
-86110421 -59652977 -39394537 2032511
-64894931 -69037079 12634314 -34126423
-28283910 -32585343 33016147 55300969
-20951032 -41814734 -13164207 -37801457
-78679758 -84590633 93556022 16680938
-70278120 -62499183 -31286806 36610323
32250974 -3485675 36610323 1317550
-20936913 -19373929 56561444 43481726
-39394537 13983244 8588715 26000793
66084482 -88859761 75782814 1317550
-20951032 -34126423 42727482 31560535
-19163124 -20936913 42096562 -6525930
15856831 -1941075 75999651 52770583
-64894931 -8692911 -63449782 98485079
-90635186 -44539327 -32585343 84320041
-30278042 -70224452 42096562 -48116634
-15052133 -64448371 15856831 23267034
-70374991 37328028 -37801457 42096562
-83519929 -19373929 98485079 54021682
-14297127 -24966909 17512212 90407423
-4497713 -34126423 56561444 44949763
-10075728 -83519929 44684137 -56837927
-44539327 -41814734 33016147 -13164207
-16840106 74653347 -1711350 91867095
-56837927 18598440 -7600842 93556022
-18513957 -97809511 18598440 -15052133
-88859761 -62788444 -1128547 -50458450
-93451373 -44539327 -39394537 8050354
289555 -88859761 8050354 -8692911
-79741954 13983244 17512212 89165455
-58098037 -70224452 -1941075 -33272577
-83519929 -68266991 -37045365 15856831
-70224452 17673564 -12991087 66030225
-79718859 -57297526 8764289 84320041
-31286806 -91813644 -11077786 8875561
-71457337 -70971245 -20498048 -42906323
-84590633 -82802097 -1711350 57892556
-43683087 -70278120 91867095 1317550
-90635186 -49769239 33918544 92359213
-884699 -86110421 33918544 56561444
75782814 -19163124 85596906 289555
-2956542 -33272577 42096562 57892556
-7600842 10285625 17512212 93556022
-67708078 -88859761 52770583 -6767269
-66393289 73144236 1317550 98485079
16680938 15856831 92359213 23267034
289555 -41814734 57671075 -21145110
15856831 -68266991 44949763 57892556
-86110421 -58098037 57671075 -7600842
57671075 -20936913 65430287 92599860
-82802097 -86110421 -9826000 33918544
-61009657 -90967241 57671075 -7002142
-12991087 -20951032 2032511 75999651
-50458450 -43683087 13983244 -24966909
-37801457 -88610789 73144236 -70406751
-42906323 69202429 17673564 92599860
-63449782 -8379188 -20951032 -6767269
-49769239 -84590633 19456558 -18513957
-57297526 -86110421 57355276 -12679207
25247532 -50458450 83077571 90407423
-884699 -62788444 94770667 66030225
-32082239 -64448371 -2956542 -57297526
30252781 8875561 68658432 33918544
-39394537 -70971245 85596906 -61009657
17512212 -78794419 68658432 -2956542
-4462303 -7600842 8875561 57892556
-19373929 -67130249 -3485675 -49769239
-1941075 -28283910 16680938 37328028
-78679758 -57297526 1317550 -41814734
-30278042 -20936913 90407423 30252781
4797828 -70971245 74653347 56561444
-12679207 -62788444 60558432 26000793
-74666678 -26388771 68658432 94437084
-12805385 -78794419 17512212 2032511
-70374991 -79741954 -8692911 83077571
-22220426 -74343393 4797828 -15052133
-83803105 -90967241 -18513957 -1711350
-70224452 -69037079 52770583 -64894931
17673564 -41814734 33918544 -22220426
-79741954 -68336242 289555 36386173
-70406751 -41814734 94437084 19456558
-24966909 -37801457 80804752 96041081
12634314 -12805385 57355276 18598440
-884699 -70445258 66084482 -67130249
-37045365 -44539327 -3929177 33378663
289555 -64448371 19456558 -1128547
10285625 -88610789 94770667 -49769239
-88859761 -10075728 -4497713 94770667
-71457337 -1941075 -21145110 75782814
-58098037 -44539327 -31286806 -15052133
-35163478 19456558 68658432 33918544
-5161773 -88859761 30252781 94437084
-32585343 -97809511 -19163124 44684137
-97323835 -6767269 -83803105 36610323
-20498048 -83519929 -19373929 -30278042
-12679207 8875561 29735221 69202429
-34126423 52770583 -6525930 65430287
-84590633 -3485675 8764289 75999651
-35163478 -54641665 31560535 91867095
29735221 -31286806 69202429 -16840106
-72856759 -70374991 -19373929 -3485675
-56006081 -58098037 15856831 -35163478
8588715 23267034 75782814 94437084
-16840106 -71457337 8050354 -26822934
-35163478 -20498048 -1128547 -13164207
-35163478 -32585343 83077571 -15052133
25247532 -19373929 90407423 44949763
-32585343 26000793 57671075 68658432
-16840106 -64894931 66084482 -62788444
-56006081 -54641665 10285625 -18513957
-12679207 23267034 289555 95335488
-12679207 -7600842 92359213 -2956542
8050354 -91644223 43481726 44684137
-66393289 -78794419 44684137 -13164207
-30278042 -6525930 56878789 93556022
-70278120 75782814 98485079 94770667
-97809511 -71457337 -32082239 -3485675
4797828 -62788444 8875561 74653347
-82802097 -79741954 42864385 36386173
-58098037 -83803105 25247532 55300969
-58098037 -26822934 32250974 44949763
-67708078 -33272577 33016147 -20498048
-91813644 -50458450 85596906 -28283910
55300969 -74666678 85596906 36610323
-12991087 -10075728 -5161773 2032511
-84590633 -12206313 -67708078 90407423
-42906323 -28283910 80804752 65430287
-64894931 -884699 15856831 91867095
-19163124 -49769239 -7002142 -10075728
-84590633 -67708078 33918544 -64894931
-78794419 -62499183 -20936913 65430287
-884699 -5161773 25515935 94437084
-82802097 -93451373 -67708078 -5161773
-54641665 -32887868 -4462303 68658432
2032511 -88859761 73144236 -54641665
-10075728 -9826000 -7002142 44949763
-57297526 -26388771 75782814 2032511
-67130249 -64448371 -49769239 26000793
16680938 15856831 44684137 57355276
13983244 65430287 26000793 94770667
-10075728 -88859761 17673564 -74666678
-68266991 -8379188 25247532 2032511
17673564 -88610789 31560535 -67130249
-11077786 -97809511 -3485675 -59652977
-93451373 -9826000 75999651 91867095
-66393289 30252781 89165455 66030225
55300969 -3174740 74653347 93556022
-79741954 -4497713 -32887868 17512212
-91813644 -79718859 93556022 -59652977
17673564 -84590633 91867095 -2956542
-70971245 16680938 10285625 23267034
-61009657 8588715 2032511 8875561
-7600842 76795271 25515935 93556022
2032511 -91813644 69202429 89165455
-6767269 -18538838 23267034 37328028
-10075728 -69037079 18598440 -34126423
-12991087 -88859761 66030225 -34126423
-84590633 56878789 2032511 57671075
-56006081 -18538838 18598440 57892556
-68266991 33918544 75782814 94770667
30252781 8588715 44949763 37328028
-48116634 -72856759 17512212 -62499183
-7002142 -70971245 44684137 -1128547
33378663 -3929177 65430287 12634314
-7600842 -90967241 69894834 -39394537
-26388771 -37801457 69894834 -22220426
-70971245 -70374991 -6525930 -69037079
-70971245 -43683087 -18513957 57671075
-34126423 -83803105 -22220426 -68336242
-49769239 -90635186 66030225 68658432
-12206313 36386173 65430287 55300969
1317550 23267034 42864385 92359213
33378663 -67130249 60558432 33378663
-49769239 -26388771 -2956542 -8379188
-79741954 -24966909 -14297127 -16840106
-20951032 31560535 -18538838 92359213
-83803105 19456558 42096562 65430287
-8379188 -79741954 74653347 -32082239
-26388771 -58098037 57924997 56878789
-37801457 -8379188 -3929177 94770667
-68336242 -93451373 17673564 98485079
-82802097 -97809511 52770583 -78679758
-49769239 -42906323 -32082239 -12679207
-88610789 -90967241 96041081 -61009657
-74666678 -2956542 55300969 26000793
-68266991 12634314 29735221 66030225
-93451373 -26822934 289555 -12805385
-6525930 33378663 66030225 57671075
19456558 -30278042 25247532 94770667
29735221 -6525930 92599860 -2956542
-69037079 -84590633 -5161773 42727482
-4462303 -57297526 -1941075 32250974
-26388771 -35163478 54021682 75782814
2032511 -86110421 33016147 31560535
-8692911 -64894931 52770583 -61009657
-20936913 -26388771 89165455 -3929177
-70278120 -56006081 -6525930 -50458450
-37045365 -16840106 57892556 -15052133
17512212 -4497713 18598440 73144236
8588715 33918544 89165455 75999651
54021682 13983244 75999651 69894834
-67708078 -67708078 -62499183 15856831
-69037079 -64894931 -33272577 -62499183
-68336242 -62788444 33918544 17673564
-56006081 57671075 57671075 75999651
-10075728 -78794419 56878789 -71457337
-74666678 -2956542 44684137 25247532
-83519929 -3174740 8764289 92599860
-70445258 -13164207 29735221 57892556
-7600842 36386173 75782814 56561444
43481726 -35163478 68658432 66030225
-90635186 -49769239 -66393289 -44539327
-93451373 -83803105 -91644223 74653347
-26822934 -48116634 8875561 -12991087
-20936913 -83803105 -18513957 -70224452
-20498048 -90635186 75782814 8764289
17512212 -78679758 95335488 -19373929
-58098037 -44539327 68658432 -13164207
-70406751 60558432 -70224452 75999651
8050354 -88859761 94437084 54021682
-3929177 -37801457 43481726 52770583
-43683087 -14297127 -3485675 83077571
-91644223 -79718859 -78679758 13983244
-12679207 -79718859 89165455 36610323
-91644223 -68336242 -2956542 92359213
-12991087 -67708078 84320041 -39394537
-44539327 29735221 -41814734 54021682
-68266991 -62788444 42727482 -43683087
-66393289 -74666678 42727482 -12206313
-88859761 -8379188 57355276 73144236
-97809511 -71457337 30252781 -21145110
-97323835 -9826000 -70278120 8050354
-70971245 44949763 -63449782 75782814
-41814734 -26822934 57924997 4797828
-4497713 -30278042 33378663 -5161773
25247532 -79741954 94437084 -63449782
-20498048 -90967241 -884699 83077571
15856831 -64894931 84320041 84320041
-20951032 -32887868 52770583 -3174740
42727482 -78794419 89165455 -64894931
36610323 -71457337 96041081 30252781
-84590633 56878789 -59652977 60558432
-42906323 -56837927 75999651 -19163124
42096562 -66393289 65430287 92359213
-19373929 -10075728 33016147 44949763
-62499183 57355276 -7002142 66030225
-91644223 -70406751 68658432 -1128547
-79718859 -72856759 98485079 -21145110
31560535 -26822934 42864385 -14297127
-28283910 -68336242 10285625 -44539327
-32585343 36610323 19456558 96041081
-79741954 -68266991 13983244 94437084
-70406751 -43683087 36610323 -16840106
-79741954 -93451373 92359213 -26822934
-8379188 -68336242 69202429 31560535
66084482 -62788444 69894834 57671075
-19373929 -56837927 10285625 -8379188
-15052133 -5161773 -7002142 -3485675
-67708078 -5161773 -2956542 17673564
-49769239 -84590633 75999651 -44539327
8050354 66084482 55300969 85596906
-50458450 -70406751 92599860 42096562
89165455 -7600842 94437084 57671075
-57297526 -91644223 -1128547 -68336242
-69037079 -70445258 57892556 69202429
-54641665 -33272577 -8379188 42096562
8764289 -4497713 26000793 -884699
-56006081 -74343393 84320041 -11077786
-21145110 57892556 92599860 90407423
-19373929 -39394537 42864385 98485079
-93451373 -57297526 15856831 -24966909
-91813644 -15052133 84320041 57355276
-34126423 -10075728 -19373929 2032511
12634314 -84590633 29735221 30252781
-56006081 -58098037 -32585343 10285625
-79718859 -70374991 42727482 76795271
-1128547 -12679207 25247532 -3929177
-70278120 -90967241 -20936913 29735221
-19373929 -7002142 -7600842 -4462303
69202429 -97323835 98485079 -20498048
-88859761 -79741954 -26388771 -28283910
-1128547 30252781 90407423 43481726
-7600842 8764289 8050354 57671075
36386173 -86110421 94770667 29735221
25247532 29735221 36386173 52770583
-19373929 -67708078 -12206313 -44539327
-66393289 -89606133 13983244 69202429
-70374991 -84590633 -68336242 42864385
-70278120 -62499183 -67130249 76795271
-42906323 -26822934 -15052133 42096562
-91644223 -68336242 57924997 18598440
-13164207 -2956542 -12805385 33016147
-37045365 -34126423 -19373929 74653347
-90967241 -83519929 85596906 66030225
-97809511 -7002142 -32082239 95335488
-14297127 -32887868 95335488 -19163124
-37801457 -44539327 -26822934 -41814734
1317550 -57297526 15856831 -13164207
-83803105 -88859761 -20951032 -54641665
-70278120 -44539327 94770667 57671075
-33272577 -8692911 17512212 8764289
-79741954 -44539327 -8379188 -1128547
42864385 -54641665 76795271 2032511
-12805385 -41814734 44949763 -1128547
-26388771 -18538838 -20498048 75999651
-70406751 -62499183 69202429 -35163478
-56837927 -32082239 -21145110 17512212
29735221 -67708078 44949763 96041081
-97323835 -22220426 -88610789 56561444
-28283910 -70374991 94770667 -57297526
-84590633 -37045365 65430287 66030225
-91813644 -93451373 73144236 -20498048
-24966909 -12206313 36610323 10285625
26000793 17512212 36610323 26000793
-69037079 -83519929 -20498048 33378663
-78794419 18598440 -1128547 89165455
-41814734 -10075728 -3485675 57892556
-62499183 -84590633 56878789 95335488
-93451373 -74666678 -41814734 10285625
-32887868 -83803105 -22220426 -48116634
37328028 -3929177 44949763 33918544
31560535 -32585343 69894834 32250974
-32585343 -33272577 74653347 61864039
8588715 -70224452 75782814 -68266991
-7002142 -74666678 93556022 -13164207
8588715 -70445258 13983244 57355276
-74666678 -7600842 -70971245 37328028
-91644223 57671075 17512212 75782814
-70374991 -22220426 30252781 85596906
-79741954 -83803105 -42906323 66084482
-74666678 -56837927 -24966909 -18538838
289555 36386173 37328028 44949763
-56837927 -58098037 -37045365 75999651
-56006081 289555 -43683087 57892556
-7002142 -90967241 44684137 8875561
-12991087 -15052133 33378663 25247532
-34126423 8764289 92599860 56878789
-22220426 -34126423 91867095 -884699
-58098037 -6767269 75999651 8875561
-884699 -91813644 90407423 -8379188
-50458450 -69037079 -15052133 -37801457
-30278042 -19373929 17512212 91867095
25247532 -7002142 74653347 25515935
-67708078 -70224452 -63449782 32250974
-49769239 -39394537 98485079 69894834
-19373929 -62788444 -6767269 76795271
-86110421 -66393289 17673564 -59652977
-97809511 -91644223 -3174740 -64448371
-90635186 -44539327 -1128547 75999651
-88610789 -26388771 8875561 -19163124
-34126423 73144236 -12805385 95335488
-78794419 -49769239 43481726 12634314
-82802097 -3174740 23267034 66084482
-37801457 -93451373 -32585343 -84590633
-18538838 31560535 44684137 57671075
-33272577 -70278120 2032511 -19163124
-12805385 13983244 16680938 36386173
289555 89165455 75999651 93556022
-67708078 -35163478 -21145110 -3174740
75782814 66084482 92359213 94770667
-54641665 -67130249 -24966909 -5161773
-88610789 -67130249 15856831 -49769239
-84590633 -63449782 -12991087 -10075728
-91644223 -54641665 25515935 -37801457
-70445258 -35163478 -2956542 33016147
-35163478 -72856759 37328028 -12206313
-3174740 -71457337 25247532 66084482
-20498048 12634314 -8692911 44949763
-22220426 -31286806 43481726 8875561
-70406751 10285625 42864385 23267034
17512212 -88610789 31560535 32250974
-64894931 -97809511 -32082239 -91644223
-32585343 -74343393 95335488 10285625
-83803105 -88610789 -35163478 -64894931
-97809511 37328028 -72856759 57355276
1317550 -5161773 94770667 -4497713
-88610789 -70445258 -62499183 -56837927
-6767269 -90635186 92599860 -13164207
-7002142 -32082239 37328028 68658432
-3485675 -74666678 15856831 19456558
-12805385 -58098037 8764289 36610323
-26388771 -12679207 289555 66030225
-41814734 -83519929 289555 -1128547
56878789 -56006081 94437084 66084482
42864385 -31286806 60558432 26000793
26000793 289555 33016147 96041081
-84590633 -3174740 26000793 16680938
-20498048 75999651 -12805385 91867095
8588715 -10075728 96041081 57671075
-88610789 -32585343 -44539327 36386173
-97323835 17673564 -59652977 66030225
-70971245 -62499183 -49769239 -54641665
-88610789 -86110421 75999651 37328028
-3929177 33378663 17512212 93556022
16680938 -93451373 84320041 -6767269
-90635186 -57297526 -34126423 -30278042
-97323835 -70406751 -12991087 -64894931
-56837927 -884699 33378663 56878789
-70374991 -19163124 13983244 -1711350
-63449782 -78679758 92599860 -41814734
-89606133 -88610789 -14297127 -15052133
-86110421 74653347 75999651 84320041
-5161773 55300969 57924997 66084482
-12206313 -8379188 15856831 96041081
-37801457 -28283910 -16840106 33016147
-72856759 -74343393 -8692911 -22220426
-71457337 -39394537 8588715 25247532
-15052133 -79718859 -13164207 15856831
-74666678 -20498048 80804752 85596906
-78794419 -97809511 36610323 75782814
-91813644 -12805385 -12805385 55300969
-93451373 -82802097 32250974 -24966909
-7600842 -32887868 55300969 94437084
30252781 -90635186 90407423 -86110421
-12805385 -20498048 56561444 66030225
75782814 -32887868 76795271 -6525930
8875561 -89606133 68658432 74653347
-6767269 -70406751 -1711350 93556022
-12991087 -79718859 13983244 -1941075
-5161773 -70374991 91867095 -39394537
-83803105 -1941075 23267034 12634314
33378663 29735221 68658432 75782814
8764289 -18538838 55300969 66030225
-15052133 -74666678 15856831 -6767269
-8379188 -50458450 29735221 94437084
-30278042 -31286806 25247532 32250974
-91644223 -20498048 -12991087 15856831
-97323835 42864385 -3485675 69894834
-93451373 -67130249 29735221 -42906323
37328028 -14297127 55300969 73144236
-79718859 -59652977 -39394537 -19373929
56561444 -91644223 94770667 56878789
-57297526 -90967241 12634314 -6767269
2032511 -7600842 95335488 94770667
-97323835 76795271 26000793 85596906
-15052133 -70278120 -1128547 80804752
-88859761 -58098037 -70971245 -39394537
-61009657 -66393289 -58098037 13983244
2032511 -12805385 66030225 17673564
-41814734 -32082239 -7002142 76795271
12634314 -15052133 91867095 8588715
-41814734 -20951032 -22220426 98485079
-70406751 -3485675 83077571 18598440
-67130249 -79741954 8875561 95335488
-35163478 -56006081 61864039 -3485675
25247532 -83803105 37328028 44949763
-70971245 -3174740 -13164207 84320041
-12991087 -78679758 -1711350 42864385
26000793 17512212 98485079 84320041
-64448371 -49769239 25247532 -3929177
-64894931 -10075728 93556022 42727482
-37801457 -59652977 -12805385 89165455
-44539327 -6525930 85596906 94437084
-88610789 -74343393 89165455 26000793
-57297526 -10075728 -43683087 -4462303
-67708078 -67130249 -12206313 84320041
-48116634 -50458450 -35163478 43481726
19456558 -11077786 33378663 -4497713
-12991087 -5161773 65430287 91867095
-44539327 -74666678 54021682 -68266991
-83803105 -79741954 -26822934 -74666678
60558432 -74343393 92359213 -39394537
4797828 8588715 33378663 19456558
57671075 -91813644 60558432 8050354
-18538838 -19373929 56561444 42864385
-32887868 -90967241 -13164207 -22220426
25247532 -24966909 32250974 -15052133
-78679758 -89606133 -67130249 -64448371
-68336242 -70406751 -62788444 83077571
-37801457 -67130249 -4497713 -32082239
-15052133 -6525930 60558432 85596906
-21145110 -86110421 30252781 92359213
17673564 -64448371 42864385 289555
-62499183 -26822934 2032511 89165455
-24966909 -91644223 36386173 -70406751
-70224452 -7600842 54021682 31560535
-79718859 -70971245 -20498048 98485079
-82802097 -69037079 13983244 -26822934
-91644223 -50458450 -20951032 90407423
-8692911 -74343393 94437084 -3485675
-67708078 83077571 57671075 94437084
-97323835 -82802097 -19163124 -54641665
-89606133 -79741954 29735221 -6767269
56878789 -32585343 69894834 -22220426
-3929177 -74343393 61864039 73144236
83077571 4797828 85596906 44684137
42096562 -63449782 65430287 -7600842
-62788444 -64894931 25247532 57892556
-64448371 -71457337 -37801457 -63449782
-31286806 -88610789 -18538838 -18513957
-74666678 -78794419 -62499183 96041081
-18513957 13983244 -10075728 66084482
-68336242 37328028 23267034 84320041
-56006081 -20951032 69202429 57355276
-79741954 -30278042 -4497713 -7600842
-32585343 -8692911 -4497713 -8379188
-74343393 -78679758 -21145110 -18513957
-54641665 -18538838 75782814 89165455
-10075728 -18538838 25247532 8588715
-64894931 -62788444 76795271 57671075
-20951032 -26388771 -884699 66084482
-18513957 -13164207 75999651 95335488
-20498048 -12679207 -19163124 8050354
17512212 -54641665 55300969 73144236
54021682 -21145110 95335488 57671075
-24966909 -32082239 -2956542 44684137
-68336242 -70406751 89165455 75782814
-3485675 -62788444 23267034 -19163124
-89606133 -62499183 89165455 -1128547
-30278042 -12805385 30252781 -7600842
-78794419 -82802097 -69037079 95335488
19456558 -70406751 31560535 55300969
-78794419 -37045365 29735221 -15052133
-70406751 -44539327 -69037079 68658432
-6525930 -58098037 -5161773 92599860
1317550 -35163478 56878789 85596906
-26822934 -97323835 -1941075 17512212
-3174740 -62499183 29735221 83077571
-50458450 -70406751 66084482 -66393289
10285625 -90967241 31560535 -20936913
-19163124 -71457337 -13164207 65430287
-31286806 -63449782 44949763 -62788444
-64448371 -50458450 94437084 -4462303
-83803105 -48116634 -68336242 73144236
-70224452 -6525930 60558432 289555
-97323835 -21145110 -1128547 -7600842
-15052133 -42906323 36386173 -24966909
-20951032 -13164207 74653347 42096562
17673564 -15052133 92599860 84320041
-13164207 -39394537 96041081 -16840106
-2956542 -37801457 80804752 -3929177
-13164207 -33272577 42727482 75999651
-90967241 -20951032 23267034 94437084
-70374991 -82802097 -54641665 -61009657
-4462303 -62499183 12634314 60558432
-8379188 -33272577 12634314 66030225
-37045365 -20936913 -8379188 52770583
-70278120 -3174740 -3174740 57355276
42096562 -58098037 80804752 57892556
-90635186 -72856759 -66393289 96041081
-70445258 -70374991 -69037079 8588715
18598440 -3174740 94437084 36610323
-15052133 33378663 18598440 76795271
-82802097 -68336242 -9826000 -67130249
-39394537 -84590633 -26822934 -5161773
-66393289 42727482 -24966909 66084482
30252781 -5161773 89165455 29735221
-37801457 -12805385 -12805385 -884699
-32585343 -83519929 16680938 65430287
-11077786 -34126423 4797828 1317550
-12206313 57671075 56878789 93556022
-22220426 -78679758 84320041 94437084
-91813644 -13164207 -66393289 42864385
8588715 -67708078 42864385 -64894931
-89606133 -74666678 -54641665 80804752
-78794419 -1128547 -74666678 36386173
56561444 -97809511 66084482 26000793
-93451373 -31286806 8875561 -30278042
-78794419 44684137 -26388771 95335488
-20951032 -70445258 54021682 29735221
-97809511 36610323 73144236 44684137
-5161773 -44539327 33378663 2032511
-12805385 -48116634 36610323 -43683087
-18538838 -79718859 -1711350 -64448371
-26822934 -67708078 -19373929 36386173
-70406751 -68266991 -33272577 57924997
-62788444 -59652977 33016147 -48116634
-18538838 -10075728 96041081 -3485675
-79718859 -33272577 33016147 -13164207
-4497713 -16840106 60558432 84320041
-43683087 36386173 -20936913 42727482
-72856759 -91644223 89165455 -32887868
-83803105 -89606133 -24966909 69894834
44684137 -34126423 92599860 52770583
8875561 -3485675 19456558 1317550
-12679207 -91813644 -884699 -70374991
33016147 -83519929 57355276 69894834
-68266991 -3929177 75999651 56561444
-79718859 55300969 -884699 94770667
-20951032 -5161773 57924997 57671075
-70278120 -20951032 33918544 94770667
-34126423 -70445258 19456558 85596906
-21145110 -28283910 91867095 19456558
-20951032 -18513957 -8379188 44684137
25515935 4797828 68658432 92359213
-12206313 -32887868 91867095 -30278042
-64894931 -83803105 85596906 -1941075
-68336242 36610323 -24966909 55300969
-70406751 -86110421 -62499183 4797828
-88610789 -86110421 -82802097 8050354
-79718859 66030225 36610323 83077571
-56837927 16680938 57892556 75999651
-12679207 -70445258 91867095 17512212
-97809511 -8379188 69894834 98485079
-19373929 1317550 -3174740 43481726
-83519929 -26822934 -12805385 32250974
-88610789 -70224452 -61009657 -13164207
-78794419 -62788444 -3174740 -26388771
-57297526 -37801457 94437084 66030225
-64894931 1317550 43481726 17512212
57355276 16680938 94770667 19456558
-62788444 -12805385 -61009657 69202429
-89606133 -71457337 56561444 -57297526
-61009657 289555 -56837927 36610323
36610323 56878789 73144236 80804752
-97323835 -91813644 29735221 -15052133
-64894931 -12991087 -20951032 56878789
17512212 15856831 44684137 36610323
-68336242 -5161773 -64448371 56878789
-19373929 -32585343 2032511 26000793
-70445258 -58098037 76795271 56561444
-37801457 -54641665 75999651 80804752
30252781 -70224452 43481726 -68336242
-13164207 -62499183 30252781 8875561
-884699 -58098037 61864039 -54641665
-21145110 -34126423 57355276 52770583
-83519929 -32887868 -79718859 15856831
-84590633 68658432 8588715 94770667
-88610789 -70374991 -61009657 89165455
-32585343 -91644223 29735221 8875561
57671075 -70224452 80804752 44684137
-71457337 -82802097 -33272577 -78794419
-1711350 76795271 1317550 98485079
-57297526 -41814734 -16840106 12634314
-32082239 -97323835 -18538838 33378663
-62788444 -91644223 -28283910 -7002142
-32082239 -3485675 -3174740 13983244
-20498048 1317550 -7600842 85596906
-54641665 15856831 29735221 37328028
-67708078 -70224452 -66393289 -4462303
-7002142 55300969 98485079 95335488
-91813644 -57297526 42096562 -4497713
-1128547 -57297526 90407423 -22220426
-83803105 -97323835 -70278120 -884699
-7002142 -62499183 -1711350 33378663
-31286806 42096562 33016147 75782814
-8692911 8588715 42864385 93556022
-21145110 -70278120 44684137 -22220426
-37045365 33918544 -3174740 42727482
-97809511 -70224452 42864385 32250974
-74343393 -89606133 42096562 75782814
-59652977 -43683087 66084482 32250974
8875561 -68266991 92359213 -61009657
12634314 -70406751 52770583 -20498048
-74343393 -74343393 37328028 89165455
-79718859 -39394537 31560535 32250974
-10075728 -41814734 33378663 -21145110
-74343393 -91644223 8588715 -67130249
-78679758 -42906323 -74343393 -8379188
-82802097 12634314 -884699 98485079
-93451373 -88859761 -69037079 -42906323
-32887868 -56006081 -6525930 -41814734
-93451373 10285625 8588715 66084482
-20498048 29735221 -8379188 33918544
57924997 -37801457 75782814 -28283910
-28283910 -58098037 -20951032 2032511
-70406751 -70406751 -13164207 12634314
-86110421 -74343393 92359213 32250974
-57297526 29735221 98485079 90407423
-884699 -90635186 69894834 54021682
-50458450 -41814734 -21145110 8588715
-5161773 -4497713 84320041 54021682
-70971245 -33272577 -32585343 12634314
8764289 -70445258 95335488 -15052133
-37801457 -83803105 -18538838 -69037079
8050354 -3485675 8588715 25515935
-16840106 8764289 57892556 69894834
-16840106 -56006081 -1941075 91867095
-70445258 -68266991 17512212 -57297526
-24966909 -10075728 -3929177 57924997
-12206313 -32585343 -6525930 23267034
-24966909 -57297526 36386173 61864039
-70374991 -67708078 8050354 -31286806
-72856759 -19373929 23267034 44949763
-78794419 -54641665 -19163124 57355276
-50458450 -61009657 -26388771 42096562
-12206313 -74666678 -9826000 289555
57924997 -1711350 69202429 30252781
-59652977 -88610789 -5161773 42727482
42864385 16680938 57892556 66084482
25247532 -68266991 66030225 -5161773
-21145110 -70971245 -11077786 17673564
-88610789 65430287 -26388771 75782814
-84590633 -1941075 -35163478 32250974
-20936913 -79718859 91867095 -12679207
-70445258 61864039 44949763 74653347
-31286806 42727482 44684137 43481726
10285625 -39394537 55300969 66030225
68658432 -69037079 89165455 -884699
-74666678 -83519929 -11077786 54021682
-49769239 -16840106 -48116634 83077571
-10075728 -12991087 68658432 60558432
-6767269 -19373929 15856831 75782814
-59652977 -18513957 26000793 -12805385
-62499183 289555 26000793 30252781
-21145110 33016147 8764289 76795271
-42906323 -71457337 37328028 -57297526
33016147 -42906323 54021682 -20936913
-63449782 -37801457 44949763 8875561
-20498048 -5161773 57671075 80804752
-70971245 -20951032 -5161773 89165455
-54641665 -15052133 289555 -1128547
-88859761 54021682 -78679758 69202429
17673564 -28283910 26000793 93556022
-9826000 -20951032 60558432 91867095
10285625 -13164207 96041081 57924997
-39394537 -78794419 8588715 -50458450
-50458450 -70224452 -7600842 73144236
44949763 -5161773 75999651 55300969
-64894931 -26388771 -7600842 57355276
-6525930 -16840106 36386173 89165455
-32887868 -67708078 80804752 -54641665
-1941075 -18538838 90407423 56878789
-24966909 26000793 83077571 74653347
15856831 -83519929 19456558 -56006081
-1941075 -93451373 37328028 83077571
-37801457 -58098037 -19373929 -31286806
-86110421 -1128547 12634314 33016147
-88859761 -67130249 -68266991 75999651
289555 16680938 2032511 18598440
57355276 29735221 80804752 57892556
-62499183 -82802097 65430287 -71457337
-1941075 33918544 23267034 65430287
-70278120 -19373929 -12206313 75999651
-31286806 -63449782 98485079 56561444
-62788444 -11077786 289555 19456558
8588715 -64448371 91867095 10285625
-6767269 -66393289 10285625 61864039
-63449782 -61009657 25515935 75782814
-70971245 -7600842 42096562 32250974
-19163124 84320041 -884699 96041081
-64448371 -34126423 37328028 76795271
-90967241 -62499183 75782814 -19373929
-91644223 -70278120 91867095 56561444
-90635186 -67708078 56878789 15856831
-97323835 -68336242 -10075728 -44539327
8588715 -78794419 31560535 33016147
-48116634 -70971245 1317550 -64894931
-90635186 61864039 -39394537 75782814
17512212 -88859761 91867095 57924997
-20951032 -56837927 90407423 33378663
-56006081 -44539327 44949763 -8692911
-74343393 4797828 -22220426 75782814
-30278042 -90635186 69894834 -78794419
-37045365 -6767269 -32585343 65430287
26000793 -68336242 75782814 -54641665
-34126423 -57297526 93556022 76795271
56878789 -90635186 89165455 12634314
-30278042 -7002142 -14297127 98485079
-64894931 -42906323 -42906323 -32585343
-57297526 -58098037 17512212 4797828
-72856759 -88859761 76795271 -70445258
-74666678 -78679758 25515935 -67130249
-70224452 -74343393 -59652977 -34126423
-26822934 -88610789 1317550 -69037079
-84590633 -56837927 8875561 -12679207
-86110421 -3174740 -1128547 75999651
-63449782 -58098037 12634314 90407423
54021682 -70224452 57924997 26000793
-26388771 10285625 44684137 44684137
16680938 -22220426 92599860 25515935
-74666678 -44539327 -62788444 8588715
-61009657 8764289 289555 65430287
-70971245 -884699 33016147 90407423
37328028 -50458450 42727482 54021682
-33272577 -79741954 66030225 -30278042
-56837927 -12805385 76795271 8588715
-79741954 -12805385 8875561 -1711350
36386173 -3485675 57671075 -3174740
-91813644 -33272577 -1128547 90407423
-70374991 -9826000 33918544 56878789
-64894931 -97809511 -31286806 -20951032
8588715 -90635186 57924997 -88610789
93556022 -91813644 95335488 -20936913
26000793 -56837927 37328028 36610323
-78794419 -18538838 -71457337 -12805385
-61009657 -32082239 93556022 32250974
-93451373 12634314 -24966909 96041081
-91644223 -71457337 -54641665 -18513957
-83803105 -15052133 93556022 -1128547
-78794419 -62788444 31560535 -39394537
-37801457 -49769239 -20951032 1317550
16680938 -68336242 96041081 83077571
-20498048 25247532 -7600842 91867095
57892556 -62499183 61864039 17512212
36610323 -70374991 55300969 91867095
-30278042 -74343393 44684137 55300969
55300969 15856831 91867095 93556022
-70374991 -43683087 -56006081 -37801457
-9826000 -37801457 94770667 33918544
-12206313 2032511 84320041 56561444
-68266991 16680938 -54641665 75782814
-97323835 23267034 37328028 73144236
-12991087 -2956542 33918544 8875561
-49769239 1317550 -9826000 17673564
16680938 -37045365 19456558 54021682
-57297526 -26388771 -34126423 33918544
-89606133 -72856759 -88610789 54021682
-21145110 36386173 15856831 56561444
-49769239 -28283910 -44539327 85596906
17512212 32250974 56878789 42864385
25247532 -31286806 94437084 -6767269
-74666678 -83803105 92599860 95335488
-70971245 44949763 -3485675 85596906
-30278042 -12206313 36386173 -8379188
-6767269 -79718859 23267034 -58098037
12634314 -62499183 17673564 13983244
-20498048 -13164207 -4497713 -4462303
-4497713 1317550 66084482 95335488
57671075 -9826000 90407423 -4462303
66030225 -88610789 80804752 -68266991
-10075728 -5161773 57671075 61864039
-84590633 -21145110 68658432 17673564
-63449782 -884699 -7600842 84320041
-97323835 -3485675 -62788444 -1711350
-70278120 -50458450 80804752 -44539327
8050354 -97323835 31560535 -70971245
-66393289 -91644223 93556022 -57297526
289555 -67130249 69894834 52770583
-13164207 -91813644 69894834 -68266991
-74666678 -39394537 -30278042 57355276
-58098037 -20951032 25247532 -9826000
-69037079 -7600842 23267034 57892556
-19163124 -44539327 -9826000 -1941075
-18513957 -67708078 -4462303 -20951032
-39394537 -70445258 -33272577 1317550
8588715 -83803105 57924997 -7002142
-90967241 -57297526 -19373929 -50458450
-41814734 -19163124 18598440 1317550
