1000 -197987342 21343996
-47399939 -77089426 65938568 -52536129
7803843 5145356 64615611 15190329
-78950558 -95205556 -37085038 -6867189
-52449123 -19404831 50011450 76921069
-9338390 10833077 36852097 15376547
-78425448 4077045 -49398121 46256595
-8750892 -48699718 81365609 47223946
15421103 -16999842 71536599 97716013
-61672536 80504995 -28764194 80530391
26161070 24650399 53785152 66944913
-46696625 -39386450 67229557 55754331
-56658019 -92954245 -17464623 -35732331
-97456037 -34658309 -78231293 4183682
-94141808 -68556942 26161070 -23839408
-8217510 -28675378 569352 86042986
-93157596 -94182504 10869061 -83713432
-39715720 -11717927 99633759 53967863
-23983343 -53436919 -11074330 -2793435
-26891666 -386743 31954502 94137907
-28764194 -85280348 99633759 63303868
-5057703 -62463886 14969013 68963822
-64287698 -78678981 74003274 -19404831
55302940 47854159 61983487 53382232
-73439058 -82219252 48885338 -45256230
-2013563 51741480 98836733 53069730
47718835 -74685081 48833777 91900642
-29292115 17770569 31857182 51741480
-45484708 81799082 -14314529 93582146
-15352061 -90364608 53581289 -6832545
31954502 -46403677 73689442 53131500
-41105660 11251516 24879423 50189217
-72941496 -55827578 36852097 56374317
-54713891 -24672333 -51276679 -20504356
-90523109 -9391515 59427089 78670393
-16296447 -96526073 81201189 -32135652
14113175 46931333 40853985 72610206
-95453378 -52449123 -46826861 -26103348
9802100 -25098168 92316535 98452959
-60963118 -7556674 81201189 -2984035
23434188 10158883 39652285 29796623
-42723735 -44461929 60037199 31764840
-57255182 -70714810 79625134 -51951040
-36377268 -26139699 -29531689 55151932
42627092 -53382439 47187345 557671
-59098817 12715476 15119190 23558216
-60939910 -74954736 65938568 -3445881
-39715720 -75928901 54041166 98624874
-78966871 -95514292 11300346 -29531689
2902068 18441928 21662554 94393139
-37668816 -12164743 20534746 89569357
47980111 -95291369 73981218 -79125894
1656810 -54849801 20680589 91773005
-11074330 74003274 29375031 89569357
42364979 -20504356 58332790 38192488
-26891666 -97514465 -24951332 -15126169
-64312852 -39191127 73689442 80278200
-59098817 8060099 36553661 84053570
-56558506 -76414294 15661113 -53189651
-33348432 -99267458 -21481005 -82097016
31857182 -13144609 77382676 81798322
-37391501 -37946865 -14392126 63737135
4077045 -79004160 77320311 -23920762
-64688934 -8530704 39108523 39530023
42912709 -43955136 96771930 53967863
-65634904 -4733936 5259719 9565234
-35702122 -50802671 12715476 -36726152
-69947806 -24297198 12341835 -19611527
-79696010 -72698176 48885338 46784706
79331401 -1216700 88994031 23086023
-33516835 70694917 77673903 96664543
6777185 -9481364 39549399 99038760
-29634677 -53382439 31687550 75076497
-75379958 -87587213 -6331716 36852097
-12776613 -85814537 25479785 -63939707
-89639154 -12776613 -51580121 86016828
17407781 -8966135 73602949 96110360
21003606 -32601918 26588674 84488014
38580368 -53436919 88936977 50986984
63303868 14167265 84429475 55700004
-62109366 -80766832 -25500101 -41288699
-23983343 25558054 34033199 60819024
74710776 -37354047 85565624 10378191
45905193 -47290082 82434803 -17634768
-35745933 1121036 77691903 48892887
-95972977 -15745958 -87523361 5700927
-65303157 -2650666 51741480 1341433
5915746 -29292115 60010761 57631475
-96526073 -91423475 26887534 -36377268
-72349536 -35641338 -32866216 22784972
-37391501 16737527 31367720 84857700
-12637087 -16719204 54505434 14648891
-16741338 -28586161 61983487 35238631
-74306629 -87020672 71131230 -23801194
-93270859 -60657309 8026598 99157026
-36456746 -96834127 80268789 44093224
-96340171 31934142 24394683 56829616
-63675819 -41788641 -61009808 -37946865
98321232 -98000889 99826521 96602076
36536632 -96085159 82733598 78693190
-71157787 -99269360 51876945 53069730
-53687857 -9338390 16477691 65938568
-31167897 -79125894 99679386 92323813
-88182369 -81326240 -64353377 -3430012
-62463886 29117211 -8750892 93745891
18343846 -75991562 55302940 40501256
-18124987 -11653386 557671 49057137
-22503509 -29054453 16152249 81201189
-54375255 -26891666 53785152 92045456
-67957248 -99437887 89220356 98321232
-94714802 -54220487 -33389535 16311961
14969013 -17039052 93904602 77537838
-95771767 -715601 14012698 30919137
87586809 -71299440 99633759 -23839408
-87547109 -24065667 73566736 92564459
-33438722 -17624635 -15811949 1121036
-94117630 -63354033 -61046970 93471387
-38894632 59427089 -17464623 75933897
-69946181 -56363002 -43955136 67383742
-71401630 -6144600 7403851 68915018
-61009808 -72941496 -36372978 -71856529
-7556674 91830660 20010814 92323813
-64942272 16075898 31367720 60613807
-62766603 -14392126 -60709375 71930643
1121036 59319292 92470361 87586809
-47566257 -6200169 33636658 51830693
47346197 -39639281 91830660 91784132
1960299 31687550 42627092 77414274
28913526 -82903857 61532480 -13590314
-48367157 -51580121 73689442 -258870
-89322449 -91705776 41624464 -83638277
-83444047 -61886613 -41109975 -24211538
-29531689 -71299440 -9463966 31764840
-95972977 -14811614 -2013563 15190329
-56776884 -35732331 -24625087 70083198
-13590314 -78647622 20364568 90925821
-26950983 -78080917 74003274 22784972
-14494443 -83713432 95131652 14215466
-73634870 -70484521 96110360 -349585
-35858033 -85280348 78693190 -51155232
-35447993 67002647 88024991 92569630
-53981921 -76408538 -10790550 20917093
-56826161 -83666719 29375031 16969541
-35286472 -92524214 16660164 -51137790
-95771767 53106833 -22358455 61983487
-25098168 -96851644 -9463966 -61603960
-62519071 31764840 55151932 55302940
-54875932 65186169 99826521 81819054
1523853 -96578184 38942912 5145356
-69480841 -24065667 -37354047 46274617
-65468018 -94891822 -56826161 -56826161
-5057703 -71401630 69692463 -26103348
-28586161 -63825169 -16525866 -47399939
10539389 -63939707 20297287 48298541
-19906041 -97289814 60819024 92045456
52185337 -87020672 81201189 35593669
-40620966 -58787096 -4594967 77691903
-28003612 -29802758 -17464623 -21702166
-81967230 -76573059 25023610 -66765680
-86562705 45634083 86349591 53783283
-91208966 -74185720 60010761 84488014
-8151335 -8549733 1656810 15501945
-41468888 -62682535 23434188 47180651
-27932069 -948166 -16882711 20680589
-49225704 -63354033 78165158 -62463886
-18998149 73566736 -13144609 96521358
-97826589 -36209169 -69947806 27717054
-94117630 -98592345 -24297198 78552112
91900642 -97514465 97074580 -41288699
24394683 -17652162 46247495 28747909
-82219252 -17039052 -33132694 92036469
-48140206 -90234557 -28675378 -19001086
-81378982 -99256180 -76573059 46467805
1969047 -50701745 38408959 48853270
-89793972 -95972977 26609718 -91199568
45905193 -83377757 87009814 77537838
-17624635 -95343254 81798322 21662554
-78678981 -89639154 55754331 -56658019
-61672536 -73439058 31292721 30649710
-10861848 -23819238 90941996 69692463
97074580 -74954736 99426077 59769786
-74954736 -19404831 41410981 47854159
74080247 38192488 93471387 44345919
-1153084 7803843 88222679 66726938
-87547109 -99497734 -48207044 51038980
-98608317 -50015928 15190329 -23689071
-25902775 -61009808 53192936 41392795
-56575979 34790761 71930643 67229557
-74386532 29117211 -57224406 79625134
59427089 -34396602 85565624 44093224
-10337901 -95205556 77414274 -42693521
-89793972 -22358455 83082909 51617400
-60035687 -98592345 37600280 93018649
-65634904 -60657309 63519873 14167265
23556873 -63354033 80804778 -15009695
-62766603 -50701745 -17464623 7474635
-2797116 -82910033 71930643 -67957248
39530023 -91757417 52727049 80530391
-35641338 -389411 15119190 80423014
31764840 -57255182 58924367 -31804901
-49191179 -84807555 -36073225 89475329
-62369976 14969013 79636969 78552112
-35420160 -46961551 33702384 92323813
-8750892 -60939910 88222679 98000081
-2661935 -92914006 23831691 -9391515
-48231472 -75877411 -37946865 98452959
30919137 -9776593 93904602 24394683
-26463602 -83818261 75999161 80530391
5915746 -64353377 16075898 -32354167
1421252 -15170879 88885160 49880020
-51951040 -96781174 -2013563 13348796
-8151335 3366214 42038651 31857182
-95514292 91773005 58804810 94031568
-70792826 -55396449 88001900 86042986
-81066052 -27112219 -2650666 -17039052
16311961 -96155281 32938410 -26103348
-44484950 -28586161 -36372978 31970213
-9338390 -25098168 40702224 87110888
21160080 -71157787 35422298 82746726
-40287633 -715601 31764840 63303868
-55301509 -26221369 58537388 5915746
-88959900 -59593447 65069632 98000081
34713255 -61046970 85039565 -9338390
-90137667 -99256180 -349585 -78425448
-73634870 -68757899 5395123 92470361
-13399754 -73770277 25023610 47223946
-45452821 -54375255 -2121787 52511542
-88236478 -78966871 5395123 67363443
-86562705 -93157596 -28586161 -75476992
-98608317 -91884708 -43955136 49111444
10539389 -96795790 79625134 -38922543
-99067547 -25470933 -13399754 30841383
-63700769 -99437887 -55499245 -22575548
47959144 -96477366 92470361 93876231
-55683878 20364568 93906400 71608581
86016828 15656750 91773005 58924367
12039780 -58355677 84196398 71419995
-94891822 -83244220 -14147442 58804810
-37085038 -9027374 87666967 25558054
-23043692 -8530704 65186169 36299361
62032203 35593669 89124889 60456795
79646609 25956247 84053570 66822880
-2793435 -55705885 95131652 -2329232
-72018395 31812406 61530559 92045456
-78966871 34882899 -57511495 79646609
-48207044 -19238939 39816666 -13968282
-49073359 31929402 93471387 73689442
-63863570 34713255 5395123 99426690
-78425448 -44388064 88936977 29375031
-58712500 -26950983 -26412311 -23260912
-67916439 -63939707 -46277245 -715601
29590000 -98076944 59319292 87497336
-19610418 -58640759 17728220 55700004
58537388 -26103348 92644708 50602807
-31807034 80423014 84429475 87116466
-27889023 15500226 71131230 17728220
-87441139 -80766832 77537838 56967306
-79125894 -47399939 99694271 -2329232
64934767 58283911 71135262 70083198
-68748984 -90902750 -57511495 71349580
22490245 14012698 30649710 42038651
14215466 -99690045 88115098 5145356
-53692477 -36788076 94744677 -4079962
-86048348 -82219252 -26950983 29117211
-71321785 -87439937 62574334 -15556832
-82097016 -65348489 -56826161 63707531
-96340171 53783283 77691903 73689442
25683259 -49194955 77942569 -46403677
-56826161 -78754876 12056182 10455892
12039780 -96578184 87497336 -32866216
7163492 -89322449 22232828 17728220
-98541934 -49191179 -89130326 60010761
-96781174 -91705776 46274617 -90809900
-75446327 51617400 -12637087 87497336
73566736 -44461929 77673903 15656750
-74306629 60666144 70083198 70301241
49111444 14073242 58332790 44345919
-22503509 20680589 36381365 61530559
-74921110 -99269360 82427372 46630164
-62109366 -69648865 73602949 14648891
65705143 -18539145 87586809 48949272
-99256180 48634912 46630164 78489821
-63354033 8060099 51876945 66822880
-67481697 -76918157 42364979 35693083
-84246204 -35286472 18166134 45905193
91773005 -31804901 95201195 36225468
-30567302 8633481 223841 15661113
-35702122 -73707512 46256595 2520267
-54713891 -51276679 -18124987 74132716
-94182504 -98912502 -89962025 91830660
-95431676 81798322 -75737476 98836733
-98421711 -67014870 30227679 98179245
-85519075 -80870332 -16741338 91447816
-36209169 -35447993 92036469 22343052
-9481364 -14392126 60643522 17770569
7822498 -19611527 77122933 73465883
-16756226 54058086 98321232 89715993
-67290475 39549399 89475329 79331401
-95114186 -74951239 -948166 -12421657
-52608448 -73634870 98179245 54058086
-3430012 -84915825 27717054 -72349536
-77375295 1121036 7803843 64276424
-63354033 -22449503 96805899 -17624635
-48517189 -74306629 19135022 60010761
-78080917 -78647622 -55499245 93249929
-33970035 -26891666 -17464623 94744677
-51155232 53967863 30919137 71930643
30841383 -10927891 90941996 71536599
16660164 -8530704 83876609 28739427
-82853219 -24065667 -42111947 68068443
412613 -38683824 91797383 78311738
-91208966 -8750892 42593361 20917093
19017579 -97456037 74842124 77942569
-96795790 -93995515 42650124 -56826161
-36372978 -77156587 73565251 569352
-45452821 37870643 -2984035 62973849
-37354047 -16525866 -8750892 97864361
61235038 -99797720 82522232 -23983343
-69480841 -54565668 70301241 -36925376
-56367025 -88236478 77251035 98321232
-33132694 -47284837 92470361 -11661267
-51951040 -71735562 42364979 20680589
-29292115 -34650508 70172956 49880020
-5057703 20680589 -2013563 92470361
-67531651 -96477366 6613658 28161957
-31142813 18317062 28913526 83189538
-23819238 -41413113 77414274 -34747647
-96795790 2034583 -22501794 16969541
-26221369 24879423 43420682 59427089
-45452821 -54565668 -29292115 -35732331
-84246204 -91884708 -948166 24650399
-64287698 -22476697 5979647 60819024
-81726319 60619645 -23839408 75541846
-53189651 -56363002 39838063 41624464
-48367157 -50802671 55104714 96320438
-74383256 26887534 -35858033 88275679
-71401630 -90683666 81798322 -66831105
53192936 12039780 80423014 98624874
-66831105 -1216700 30649710 48950967
14937669 -258870 73465883 38408959
-76918157 -22476697 94393139 34240897
49880020 28161957 62912190 51879811
-25039202 -76918157 31934142 34882899
20010814 -96477366 55700004 86016828
-19326023 -13280181 14215466 12715476
-77329421 -72349536 -31804901 -12466029
-76982410 25169923 -45452821 82427372
-89962025 -70152895 -11697024 -8927027
-92954245 -55827578 -24728964 81869902
21975424 -52976629 99426077 35593669
-52104439 -54375255 78820821 -20356645
-2404192 -97826589 88911754 48949272
-73634870 -62897994 18298078 18343846
-27728687 -10790550 -23043692 84857700
36569389 -58382833 51741480 35238631
-92914006 -73399307 99529573 25479785
-10509122 -65470150 68963822 -22501794
-63752365 -54565668 94744677 -52459926
-99256180 -85519075 64520108 73689442
-34658309 -30187653 34676460 39775496
-37354047 -96340171 16814782 88115098
-32736833 -8927027 60010761 57845357
-53299730 12341835 29590000 70301241
-54551329 -71401630 58283911 21515777
-8927027 -53299730 17770569 50490340
-75737476 -41288699 79636969 -32071819
-93814550 -95291369 -23920762 66726938
-35732331 -84865259 11813438 -715601
70694917 -82659206 82662966 -52536129
-89392235 -2650666 -31142813 21975424
-52536129 -80766832 14648891 -26412311
-91705776 -54374184 -6331716 91679120
-68748984 -32354167 18298078 18166134
-27728687 5700927 64893132 9802100
11300346 42364979 81799082 70172956
-29676630 59769786 22343052 98000081
-68757899 -3430012 -14314529 18324360
70083198 -96795790 99679386 99038760
-90582029 -29292115 -52549382 1834992
46274617 -83292005 98115708 -74386532
34676460 -56363002 49991127 73465883
39775496 15500226 74661042 77414274
-49398121 29590000 71131230 48949272
-81326240 15421103 81869902 25328474
-50600794 -91199568 -10337901 1880684
-14494443 -42723735 71135262 63737135
-87441139 -71950333 -84904680 -39785661
-73746996 -99267458 -25470933 -45256230
-74185720 -28764194 412613 93018649
-71401630 -92179405 60613807 -81397018
-76573059 -44388064 80789218 -24065667
-63825169 -95588208 -10790550 27717054
-17624635 -20062702 30812618 1980945
-81066052 -79260955 5395123 -13968282
-47290082 16183559 68516857 91900642
-96155281 -88236478 -80582735 15500226
-60939910 -17238726 -40940214 86042986
18441928 -12164743 72837424 98624874
-40620966 21821911 53069730 50252268
-93995515 43420682 -82097016 55151932
29405366 -75446327 93018649 17379506
-90234557 -67715487 60613807 -6120987
-36377268 23434188 -26891666 36569389
-36271629 31764840 57845357 66708847
12056182 53785152 44313874 57845357
1880684 13194251 75541846 93410511
-54849801 569352 15376547 35414186
-39252275 -58787096 45798000 -13590314
-60670185 -16719204 22784972 50252268
-38683824 -46961551 16084997 60037199
-40208916 49111444 23103052 77251035
-19326023 36509873 72779054 85427182
46247495 -26139699 63519873 13348796
-28586161 61161976 89220356 98836733
-74954736 -77375295 -51137790 -61009808
-82922336 -1153084 -64312852 92779072
-36925376 -84246204 10539389 23434188
-49225704 54041166 47346197 81095108
-33389535 -33970035 85062012 69761963
-40940214 11556506 -31142813 39530023
7197153 38192488 21975424 79646609
38408959 88024991 74392596 94393139
-24672333 24217864 -4856254 61530559
-13144334 -98608317 93906400 -39386450
77122933 -74383256 89475329 6254325
-52449123 -84915825 85427182 59116410
-74306629 -62897994 94031568 -6200169
51876945 46274617 89569357 77320311
-80766832 -70792826 30227679 59116410
36513259 -96340171 39838063 26887534
-90809900 -22355884 -68748984 59641457
-48336536 -53077112 85062012 26609718
-5654243 17770569 95445991 77251035
-90523109 -82097016 -35858033 -56156167
-31838357 -22896192 40702224 79079112
-94296020 -82910033 -28586161 -50323593
-62914942 35593669 10833077 51876945
-60662130 -51155232 69761963 -44388064
16477691 29375031 70083198 58332790
-91705776 -81215570 14113175 61161976
46887262 -34396602 80268789 79646609
-34747647 -90251201 29405366 -9463966
-35419432 83082909 98321232 86042986
97716013 -96851644 99694271 82522232
-93270859 -94665391 -45955577 46137306
-61672536 64787839 -55683878 81869902
-94141808 -16882711 -66670933 16477691
-50600794 -16525866 78535005 94353275
-2793435 -77156587 89785904 10378191
-86935117 -4594967 -2013563 96771930
-1562830 -40287633 42593361 3545226
61715634 -22575548 93471387 -2984035
-56588939 -16525866 34033199 54058086
-81215570 -95745447 -52410479 -19326023
-23801194 79625134 83512867 85062012
53783283 77382676 54058086 95359293
25449009 -73551441 57071062 66726938
-73551441 -22896192 47959144 -1562830
-29292115 -52536129 53382232 33476401
-49221006 -6804479 94353275 63066542
-10019448 -86152858 40853985 94353275
33117777 -14147442 97074580 48949272
-68257568 9802100 -8927027 98836733
-45256230 -45624079 41727333 63436957
74710776 33792246 89785904 49880020
-22476697 878390 -12421657 17265265
-95771455 -5654243 23296989 95201195
-37085038 -60670185 18324360 -49011704
-68297263 -11697024 70166 86302575
-33968561 -65303157 -28947831 18441928
47187345 -5654243 74132716 67229557
-87076574 31206216 -52718517 51830693
-64942272 -54551329 -23983343 28161957
-47284837 -33481294 20297287 45704203
22343052 62032203 50602807 85427182
-33438722 -69311034 -30567302 -25061091
-53299730 10455892 -52608448 23558216
-62369976 -51137790 17379506 85427182
1341433 82434803 7803843 93311353
-20504356 -84298722 71963895 -19610418
-64272248 -39191127 85422760 -33389535
-53077112 -73551441 -41413113 -16296447
-15811949 -90862825 36432787 77382676
12341835 -54551329 16075898 -24065667
-82097016 68456899 66944913 71608581
-61886613 -99267458 -9776593 98321232
26887534 -61494437 75933897 -16980453
6777185 -3445881 35593669 45869471
-90683666 16152249 53382232 42364979
-88959900 8026598 93689960 98179245
-83666719 -26737355 93904602 10455892
-56089175 47959144 -36726152 98104365
-35745933 -37491036 60037199 -29610627
38942912 -67715487 52727049 -31142813
-39386450 -26139699 33792246 46274617
-25470933 -95745447 1960299 -29634677
25655286 -66506830 45869471 -35921275
-95771767 61409947 -36925376 72837424
-60657309 -96066494 -50840735 41144979
-38789508 -95972977 93810471 10455892
42251093 -60963118 55700004 48634912
10455892 -64746912 98115708 60643522
-63752365 -34658309 18441928 33636658
-24960901 -74166138 64893132 -35921275
-73267733 -64901744 -12637087 80268789
-25098168 -73267733 92721004 -61494437
-31807034 -74044949 91797383 92045456
53266452 -73634870 74392596 94353275
-35702122 -95439808 14969013 98179245
58804810 -96166574 62324848 -94891822
-24297198 -54017604 10455892 67253061
-95453378 -39898168 -68257568 14113175
-25500101 -98592345 34155934 51830693
-95972977 -81841381 -95745447 71131230
-72941496 -37354047 -2661935 17103765
-76408538 -95431676 44093224 2498288
-67715487 -94735796 39775496 21975424
-94735796 -51155232 38192488 -40208916
-95514292 47980111 -35702122 50252268
-17652162 -75379958 -14638480 93311353
19017579 -68748984 29405366 -15009695
-60514378 -74383256 99157026 -7885238
16737527 -76918157 93810471 44314545
25683259 14969013 89579760 62574334
-78425448 -34658309 29375031 94353275
-54875932 -98421711 22232828 -49073359
-22501794 -75379958 20364568 23103052
2902068 -54407657 39108523 72956630
-30567302 -4450895 89715993 84488014
-95291369 18024408 43393884 72610206
31934142 -13399754 81417002 11251516
-14314529 -58640759 -1846448 -8750892
-25061091 -41788641 95131652 60010761
-99543111 -52608448 -82483595 -24672333
14969013 -70152895 67383742 -8217510
-63700769 -26737355 59068124 -2404192
17265265 21160080 21003606 99426077
-90364608 -93157596 48298541 60819024
-57511495 14648891 18317062 27717054
-94714802 -68964652 36513259 -19906041
23086023 12056182 41410981 53131500
-99543111 -42610618 39486568 94393139
-8750892 -81397018 557671 77414274
8026598 15661113 31934142 77122933
-9073397 -60670185 20297287 83189538
-93123966 -81220737 62574334 65705143
17459245 -87372591 45704203 37244071
-52459926 -60670185 -31804901 -10019448
-73399307 -74951239 1834992 68963822
7822498 -37668816 36225468 99826521
6254325 -97514465 18317062 -21702166
-21702166 -55301509 -15170879 -49194955
-53710625 -59846182 74661042 95131652
-73746996 -35732331 61532480 23434188
-56156167 63303868 23994496 68456899
-73399307 -62766603 30969624 80423014
-24728964 1341433 53266452 60010761
-29676630 16084997 18024408 47223946
19365358 -65468018 97864361 41392795
74132716 -56367025 94215572 -48231472
-52104439 -56658019 64520108 48634912
-46826861 -82097016 44473694 60819024
-58787096 79820761 -58712500 89579760
42364979 -33516835 55754331 74528988
-2329232 -28586161 87666967 -23983343
6254325 -77089426 39108523 -24065667
-52549382 -84524643 61161976 -68786931
-95771455 -43997496 -95514292 74132716
14969013 -52536129 93906400 2331175
-24211538 2034583 74392596 57233852
-76414294 -96526073 30649710 -78080917
-55747674 -87713999 77515381 9807421
-35286472 -83818261 50602807 -63752365
-11074330 -78425448 92470361 -48517189
-66630408 -72941496 23556873 79646609
-50701745 -86048348 -28003612 71419995
-76421733 61532480 82662966 62032203
-97168213 -94117630 -82910033 60619645
-15170879 -85519075 10869061 -72698176
-62766603 -66630408 25479785 89579760
33636658 3020877 58924367 49057137
45798000 -16719204 58024107 13076473
-68257568 -80870332 88024991 53192936
-91208966 -29292115 29375031 95201195
-93270859 -35419432 -4594967 29375031
-11717927 44345919 29117211 68529347
-10509122 -71522562 25023610 -68297263
-45452821 -49073359 -21481005 -44388064
-69311034 10158883 91679120 51811924
-62914942 -19252902 -13590314 -1216700
-93379977 -52498121 -17634768 -28235096
-52718517 -55484042 89475329 14636891
-96477366 35693083 -73634870 88989998
-91757417 77691903 61057545 94031568
-81494640 -7885238 -52608448 47980111
-68257568 -74685081 -35858033 -10494316
-33132694 -25098168 70622609 79820761
-13094497 -36726152 70166 36225468
-1562830 -82219252 71608581 -72941496
-50134643 -29610627 34240897 -4079962
-19326023 -63354033 27793167 -17634768
-78231293 -4079962 -49011704 23831691
-45624079 -19001086 11556506 25683259
-14314529 -65348489 84857700 28747909
-64392255 -53710625 49880020 -51137790
86349591 23086023 92564459 79079112
-84904680 86042986 -62682535 89124889
-15170879 -43721675 67002647 96320438
-16494171 93906400 69692463 97864361
-99632279 -40208916 -40620966 24394683
933240 -2984035 81095108 74661042
-83666719 -35286472 -50134643 96805899
29405366 10455892 67229557 68068443
25558054 -93379977 79820761 -24444622
40853985 -87713999 59769786 7197153
-10494316 -61009808 81798322 -57924146
-23043692 -39715720 -7865835 -36726152
-16350408 -32866216 61530559 -29802758
34155934 21975424 68719730 49991127
-35745933 16814782 31292721 82039993
-78425448 16969541 81365609 41144979
20299891 -90582029 76667612 26887534
-83818261 -41922972 -54551329 53382232
-47290082 -89322449 36509873 29405366
-35858033 36553661 17103765 89715993
-54407657 14229573 74710776 68915018
3366214 -23260912 14937669 60666144
-60670185 4183682 3545226 5700927
-61494437 -83713432 -49073359 73465883
-22228623 -52710449 52583144 2902068
89785904 -69648865 99426690 63737135
-63354033 -25470933 -28947831 20010814
-37668816 1880684 39775496 36509873
-35858033 -78678981 14167265 -50298283
-50802671 -4856254 73602949 63303868
-31142813 -80870332 55151932 16075898
7855215 1880684 50602807 81819054
-89793972 -62050427 51617400 34790761
-74185720 -22575548 49880020 96521358
14073242 -42693521 70601192 89569357
-98421711 -99303993 -83638277 16737527
-84807555 -99724737 90925821 82060611
-28764194 -30187653 33702384 23556873
-36726152 -30187653 26161070 -7561479
50011450 -48699718 62574334 69761963
-71735562 -17125825 -46464829 2244697
-76918157 -16993240 41392795 45055504
88001900 91900642 99468228 93904602
93471387 -33968561 94393139 92323813
-50134643 -64901744 99426077 -22896192
-55827578 -94665391 44923869 18036055
-37085038 -72349536 1880684 -18539145
-97780491 -90251201 -26221369 -24211538
80804778 11251516 82239846 45798000
-54017604 34452980 82427372 50011450
-50134643 -48517189 38408959 47187345
-8927027 -75379958 33117777 30812618
-2121787 -54875932 68963822 -52449123
-48699718 39775496 16879259 50490340
-99303993 -47284837 95445991 71135262
-70714810 -80582735 -34747647 -25902775
-96477366 -15745958 45634083 93582146
-15170879 -81215570 49880020 15151605
50203100 -68556942 75076497 96602076
-74685081 -94296020 28747909 74080247
32381516 48853270 77320311 80789218
7822498 -55747674 82795063 29117211
-389411 -74166138 74842124 -2329232
-77089426 -96578184 -10927891 5145356
-77329421 -74383256 -2329232 14636891
-22503509 91447816 -1216700 92045456
-96477366 -64392255 -72349536 -56803089
15501945 -38789508 25328474 -36377268
-25902775 -71299440 66944913 91830660
-87801032 -46826861 43420682 44357434
-87439937 7822498 -28947831 66720840
42038651 -83444047 91447816 -28947831
48833777 -75928901 53967863 57071062
-71299440 -20062702 95359293 -2329232
-63148604 -38591580 -8750892 88173680
-48502467 59116410 -8750892 96332226
-63354033 -86653329 22784972 -74921110
-71950333 16737527 98179245 78552112
-77329421 -90683666 -56357273 78165158
-97456037 -61046970 47187345 14113175
-98076944 -22224820 -24728964 98624874
-95453378 35593669 53382232 92644708
-54587681 56829616 48853270 82188068
-10992859 -48517189 16311961 39652285
-59846182 82522232 -19610418 94215572
-62050427 -48502467 29117211 -22476697
-75476992 -43997496 -37946865 1421252
-87523361 39652285 44345919 45634083
-40504667 -42693521 -6200169 6531516
-85814537 54041166 -6040311 72837424
-62109366 56374317 88885160 91784132
-71856529 -64942272 8633481 98836733
-91705776 -99724737 42627092 -6867189
15421103 53783283 92564459 82746726
-95588208 -2924360 -56658019 422232
-12065068 -14056121 85802275 -8927027
-4079962 -28947831 23103052 80278200
-14520740 21662554 48298541 65275750
2085180 31954502 47718835 46887262
-91705776 -90683666 93689960 82795063
44473694 -6832545 55229853 73981218
-78678981 26887534 73689442 47187345
-52549382 -95439808 -8319065 -57196203
-1846448 -97261511 63066542 -59098817
-53717980 -18539145 -50298283 7163492
-32354167 -41105660 52727049 -23260912
-90683666 -37150786 -62766603 75534938
-87508201 30841383 56374317 41624464
-15994167 -18539145 23086023 28100427
-78440020 -97780491 24696333 -17194919
-28994390 -13144609 82039993 38408959
-63929296 -62612768 82662966 -59430850
-74044949 -72941496 58283911 -53077112
-81063336 -83377757 86302575 41419695
-6033341 53581289 2034583 90941996
10696930 -81397018 60819024 -15204585
-20356645 -71735562 62260707 -68556942
36536632 8026598 98638182 87145793
-58712500 -83292005 46274617 -27987140
-51951040 -56803089 17265265 55026028
45798000 -32601918 97745768 25655286
-25470933 -46277245 -4856254 23103052
-31804901 25023610 -14147442 88994031
-10337901 24879423 54065513 93810471
8026598 3545226 79635032 68719730
-45624079 -43693764 50490340 31857182
-46277245 -60662130 21373179 25479785
-90683666 -42111947 -5057703 92323813
-5654243 -95205556 62032203 17103765
-72941496 -8530704 -52459926 36536632
-97826589 -28764194 -81326240 99529573
-2793435 -72941496 15256579 33702384
-38922543 -20062702 48885338 44345919
26588674 -93379977 32381516 20364568
-74185720 -95453378 74003274 -20941856
-22355884 -99543111 17770569 21662554
21799673 -92954245 53382232 91900642
-34650508 -99269360 -10861848 28610760
48634912 -78425448 58332790 47980111
-26978504 30969624 23558216 66822880
-74386532 -64272248 87145793 42251093
-51951040 -11074330 -25530593 83512867
-71401630 -63825169 70157232 -44388064
-90137667 -87020672 55754331 77320311
-86152858 -73707512 -78950558 24823827
50203100 -44388064 99157026 34676460
42627092 -11653386 79820761 -9027374
9807421 -25098168 32381516 51617400
-85814537 19365358 47346197 79331401
50490340 -90523109 58924367 -73770277
-26978504 -99797720 36432787 90925821
60643522 17103765 89579760 89790702
-65348489 -65348489 -13144334 15500226
-93379977 -95514292 44473694 -93995515
-57224406 -95771455 18441928 -49194955
-73770277 -75476992 -39715720 74003274
40853985 -88370126 99633759 21373179
-85424688 -97456037 16152249 71608581
-67916439 -12421657 -7885238 71349580
-7556674 -96340310 43393884 -3160743
-24065667 -53077112 73566736 84429475
-82659206 10395384 51876945 23831691
34882899 -93666364 91474171 82427372
-29634677 -25500101 -27987140 23556873
-86048348 -67481697 -33968561 -62897994
-85280348 -96578184 -26950983 26161070
-55827578 92564459 71608581 96110360
-64901744 -10509122 50986984 84429475
-3445881 -19610418 72779054 53783283
24823827 11300346 88001900 70301241
-36073225 -73551441 4980760 30649710
-23920762 -42111947 63066542 41326071
-93379977 -71321785 -22228623 11300346
-86562705 -7925126 -55396449 24879423
-24297198 -50701745 73602949 53163735
-60939910 -74166138 -47399939 53069730
-85920050 -2924360 -17125825 36852097
-386743 -94891822 19551919 -51951040
-27112219 11251516 37870643 19036746
-65715515 -26950983 28100427 46887262
-8549733 -98000889 28161957 5395123
-80272508 -64688934 -36456746 -36419749
-91423475 -87372591 -59846182 48892887
31764840 -39898168 98000081 -33973288
-53710625 -90251201 -35858033 42190856
-22228623 -76573059 24394683 -62463886
-85424688 -19610418 -78647622 58754647
-90809900 -6144600 75933897 68963822
47187345 -33516835 81201189 19036746
31292721 -82219252 68915018 -10992859
-33132694 -11653386 -22575548 20917093
-91866971 -47290082 75534938 95445991
-35921275 -13144334 41326071 80789218
-91208966 -24625087 96332226 89220356
-13144609 28610760 81201189 92045456
38408959 -99267458 95445991 -98912502
-48140206 -65468018 89569357 95131652
-28675378 -52104439 -17624635 98000081
-48699718 -92914006 -9073397 55754331
-67957248 -26509114 48833777 81201189
54415726 -85280348 98115708 31929402
-4856254 -19326023 78311738 10869061
58924367 60456795 82733598 98115708
-25470933 -95745447 7163492 44357434
-22503509 -62914942 55754331 -55499245
-71299440 -35420160 85549861 -23801194
-39715720 -95343254 78552112 -54551329
20680589 -73634870 55952229 -9338390
-34658309 2520267 61235038 37600280
-43997496 -43955136 -1846448 68068443
62968926 -6144600 84196398 51617400
-95439808 -56575979 -61653173 -16525866
-90037430 -73399307 -14303260 -40940214
-71157787 -56156167 77515381 -11717927
-66670933 -20225778 -61603960 94418324
1656810 -92179405 61532480 66720840
52605908 -3160743 71930643 15376547
-10790550 -74951239 78552112 48892887
-60657309 -35702122 -41622047 17770569
-6144600 54065513 87116466 67229557
36919868 35143049 89124889 70172956
-71401630 84053570 -15352061 93876231
71131230 -67481697 79636969 91833624
84835715 24394683 96258755 94859660
-69311034 -2013563 29855301 92569630
32934511 34033199 82554546 89569357
-94714802 -56363002 77814499 -2661935
-40620966 -40322212 61057545 -2329232
-74951239 1969047 77882608 94859660
-73551441 27793167 -54875932 82554546
-74044949 -53687857 -55132545 -31804901
37309301 -48699718 92721004 -25098168
-62766603 -90582029 51741480 44473694
-91423475 17728220 46784706 88885160
46630164 47959144 66822880 74003274
24823827 -83377757 36381365 31687550
-47566257 -74921110 -20763883 -15994167
18317062 -97780491 57845357 -64269898
-55683878 -63863570 -11653386 80804778
92564459 -88236478 97716013 -72485512
7163492 -87076574 40501256 -56357273
-57511495 -25530593 19135022 44314545
569352 -10790550 2902068 14073242
61161976 7855215 95131652 99633759
-54220487 -58640759 77673903 83512867
-77375295 8633481 13348796 80278200
-39409821 -29634677 86349591 77251035
-54220487 -74951239 28100427 77122933
-76414294 -63863570 -20941856 20299891
50011450 -82483595 92045456 -2661935
-94141808 -95771767 38192488 -74185720
-49225704 44357434 82554546 66726938
-40620966 13194251 82060611 78165158
-93814550 22593393 -15126169 67383742
-66765680 -48517189 57071062 82188068
30649710 38192488 95131652 94418324
2498288 -72941496 53106833 -37354047
22343052 -54375255 98179245 35693083
-69480841 -46277245 1656810 53131500
5915746 -86048348 80278200 -22783663
-95205556 -68786931 -14314529 22343052
-74386532 -10790550 -55301509 97864361
-29802758 -78231293 3545226 41094968
14937669 -37989755 29375031 -28764194
21821911 -75379958 82746726 85427182
-24672333 -13094497 76667612 74528988
10869061 -65634904 70351613 66726938
25479785 -85424688 77122933 41727333
-36377268 -60514378 -9338390 50986984
-29292115 -58333617 14229573 26887534
4980760 -40322212 11300346 41419695
-80582735 14073242 67383742 76921069
-79260955 -66506830 -15126169 59491255
-56776884 -28947831 22490245 26161070
17379506 -6033341 87666967 557671
18166134 70694917 96320438 82991964
-24672333 65069632 67363443 65886383
-37085038 -68297263 1421252 49568355
-89962025 -75379958 -44461929 -73399307
28100427 -84915825 53186183 -22503509
-39252275 -94193333 96258755 -82483595
-89962025 -6867189 -44160536 39549399
15656750 -68786931 55026028 76667612
69761963 -48502467 78311738 77537838
-65468018 1121036 39775496 73602949
-97168213 -49194955 -58355677 -6033341
-68757899 -68670582 -28764194 39816666
-94665391 -41288699 93876231 71320574
-62369976 -55827578 -55396449 98115708
-75446327 -96085159 25956247 5395123
-34408939 -9391515 79079112 51312695
-41109975 -67957248 -8530704 -65348489
-73551441 -53717980 82554546 4183682
-37391501 -90037430 -33481294 -84865259
-53717980 71131230 98000081 82662966
10455892 -89392235 88590634 -55396449
-84904680 70172956 -72485512 92779072
-56089175 61530559 -11697024 96764314
-16350408 -99543111 223841 -14392126
-45256230 29855301 67500271 34452980
-24065667 -68556942 -15994167 80565590
-47566257 52511542 -33438722 97864361
-53189651 -35745933 49057137 22784972
-78440020 -35447993 70694917 21799673
-53692477 -16494171 64893132 85039565
-36271629 -71856529 87116466 -16741338
7197153 -90582029 68068443 59068124
-33970035 61057545 42379194 96258755
-64287698 13348796 14215466 77122933
-73267733 -87587213 96332226 -15170879
-63752365 -93270859 13194251 50011450
-57511495 -96795790 74003274 -73634870
-86653329 -25470933 -86048348 15256579
-81063336 25328474 -14314529 93471387
-39715720 29796623 17379506 55229853
-16296447 8060099 47854159 17770569
47187345 37244071 75933897 71197040
56967306 31970213 59319292 42593361
-90683666 73465883 89569357 75999161
-71321785 -349585 39108523 35238631
-89392235 -26509114 22490245 24217864
-22358455 -13590314 62032203 -9555897
-48502467 -90902750 -26737355 -8319065
-32354167 -32601918 -8319065 89785904
24879423 -1562830 70351613 87009814
-13094497 79331401 10696930 98179245
-12065068 -53981921 22343052 -38591580
-96085159 -48336536 60010761 88115098
-52549382 -27932069 41144979 82733598
23831691 39875506 49111444 98115708
-15009695 -29634677 73465883 -28235096
-40429910 24823827 -29802758 70301241
-83713432 79625134 -76918157 92036469
-67715487 -99724737 20680589 78535005
62968926 20014691 79331401 80278200
-89130326 -36788076 -60514378 -33516835
22343052 21003606 57845357 79331401
-60939910 -27987140 89892465 48634912
58537388 -1562830 70172956 93810471
41419695 -46961551 59769786 -39252275
-84298722 -96477366 -25500101 39486568
-82483595 -81220737 -14520740 -28003612
-89392235 -33438722 -54713891 47854159
-95439808 -49221006 72610206 13194251
-68297263 -54587681 89475329 85039565
-12776613 23434188 39549399 93582146
13348796 -48231472 84857700 -24951332
33971823 66720840 80504995 71320574
-16525866 -32601918 71608581 42650124
-68786931 -86048348 17770569 -35702122
-22501794 -61113699 55229853 93745891
-97826589 -49073359 87241237 53266452
23086023 -61113699 62260707 97367747
8633481 28759444 25449009 36569389
-89639154 -6040311 -17634768 64893132
-81066052 -97168213 -73707512 -63825169
-26737355 -53692477 21662554 49057137
-88236478 44357434 -19238939 50490340
-25098168 -60662130 42379194 59641457
39799569 -77092804 79079112 -24211538
-18476962 47187345 -1216700 89220356
-76421733 -60709375 -52710449 -39191127
-90582029 -57511495 -53687857 -49221006
-41788641 -96340310 54041166 -54875932
11556506 412613 62968926 2085180
63519873 24696333 72610206 48853270
-95343254 -37946865 -80766832 19365358
12056182 -97261511 67363443 -46403677
-56156167 -98000889 -37391501 -8750892
48885338 -43997496 99679386 -3445881
-76573059 -61899966 47223946 96332226
-8927027 -59593447 2161244 223841
-72349536 20680589 -59846182 30969624
21821911 70694917 85802275 71131230
-88370126 -64287698 -43288513 -56575979
-64353377 -52718517 87241237 33117777
-15556832 -10861848 -14392126 39549399
75534938 -52459926 77673903 92316535
-60709375 36225468 -39898168 76667612
-73746996 -28003612 54058086 31857182
-81494640 -6867189 -52536129 74441266
-53299730 -96578184 -11074330 87116466
-43288513 -40504667 -8151335 82795063
-89130326 -85814537 89790702 -78231293
-21702166 -62050427 -2537645 60643522
-73267733 -17652162 31764840 77691903
-20992255 -98561790 98000081 71094404
-23489493 -98592345 19017579 88989998
-97261511 -99543111 -20763883 -32736833
47959144 -46826861 84123431 -36073225
-56826161 -68297263 -43955136 40853985
42627092 -5627633 45055504 74661042
34155934 -89639154 52511542 -40504667
-21481005 -75446327 -18539145 27717054
-59296323 -90523109 -14811614 52605908
-75991562 82662966 51811924 90941996
