1000 -157830600 198180961
-92948936 -45472713 -34080786 3796123
31005969 -99333995 98329030 15281558
59157023 -62801899 92956404 34376811
-99296982 79903526 19115436 85186413
58330079 -19775068 85186413 55652469
-91811869 -46071648 -45472713 10057859
-94731649 -80664618 67734430 98329030
-46071648 59157023 9217091 63653782
34210744 -74579637 96916526 59725502
-51533772 -45498805 88825645 -13721045
-87119850 -45498805 67831248 -23629643
-36679490 -65136846 365225 -36679490
-19775068 -46071648 18338547 37765718
-26642992 -99333995 10227392 54588424
5122153 22909716 66736913 44354925
5122153 -37916560 51814918 85186413
-67521179 -78432888 78225981 11557711
9217091 728372 45735189 67831248
-21416314 19115436 34210744 59157023
51460193 -92948936 52800429 -78998075
18338547 -19775068 52800429 63653782
51814918 59859557 61331381 79903526
-70851801 -19775068 -62801899 15281558
-19007573 11557711 66736913 59725502
-78432888 -81426708 79903526 9217091
22909716 -23688180 83086407 83086407
58330079 25521804 77451127 34376811
-74579637 21806211 79903526 42570460
-87119850 -74579637 55652469 -65136846
-73423538 -91811869 61331381 -70851801
25521804 -26642992 83086407 19115436
59725502 -51748460 91029609 51460193
-23629643 -92948936 85186413 61331381
-65136846 -23688180 45909207 -21416314
-94731649 -36679490 45735189 44354925
3796123 -19775068 51814918 67831248
-27897356 -19007573 59859557 92956404
-71289426 18338547 59157023 45735189
-33660684 -99333995 77437089 63653782
-74579637 31005969 51460193 45909207
-78998075 -5764853 34376811 28086386
-62801899 -48420173 -10611145 -27897356
-45134043 -45472713 74901353 18338547
-91811869 11557711 36752395 67734430
-41659721 -27897356 52800429 87353160
-51533772 18338547 83086407 54588424
-51748460 -64510848 -33660684 -10611145
-13721045 44354925 92956404 59859557
-51748460 -42043325 97851816 22909716
-92948936 -70851801 96916526 34210744
37765718 -46071648 79903526 34210744
-13721045 15281558 21806211 92956404
44354925 -67521179 77451127 34210744
-19775068 -34080786 3796123 67831248
-45472713 77451127 67734430 92956404
25521804 21806211 88825645 52800429
67831248 -51533772 96916526 59859557
-42043325 -23688180 365225 -21416314
34376811 -37916560 63653782 10057859
-73423538 -91811869 -45498805 10057859
3796123 21806211 85186413 68852881
-48420173 -24575246 25521804 -10611145
-78998075 -78998075 -19007573 -59582372
-5764853 37765718 59725502 77451127
-62801899 -99333995 21806211 -77165982
29608483 -13721045 96522146 85186413
-46071648 -45472713 59859557 91029609
-27897356 9217091 10057859 51814918
-37916560 22909716 79903526 25521804
-46071648 -26642992 -26642992 85186413
-99296982 -91811869 45909207 -73423538
45735189 -73423538 54588424 63653782
-80664618 -92948936 18338547 -45498805
-45472713 -37916560 15281558 51460193
-59582372 59725502 97851816 79903526
-59582372 59859557 83086407 85186413
-51748460 -23629643 67734430 10227392
-74579637 -46071648 -10611145 -19007573
-87119850 -41659721 -51748460 96916526
15281558 15281558 55652469 42570460
-33660684 9217091 -23688180 59725502
-59582372 -59582372 59859557 58330079
-21416314 44354925 10227392 96522146
15281558 67831248 85186413 79903526
-5764853 -78432888 42570460 94750238
-92948936 728372 -79371116 42570460
45735189 -87119850 98329030 61331381
-26642992 -45498805 97851816 11557711
-33660684 -92948936 -13721045 10227392
-74579637 9217091 59859557 45909207
55652469 -74579637 83086407 57756417
-23629643 -94731649 -19775068 51814918
-78432888 10057859 77437089 79903526
67831248 -92948936 88825645 67831248
-71289426 -70851801 59859557 -10611145
-94731649 -99333995 -51748460 -77165982
-36679490 88825645 96916526 91029609
67734430 -65136846 77437089 42570460
-37916560 -10611145 83086407 36752395
-80664618 -77165982 52800429 58330079
-26642992 63653782 10057859 87353160
-78432888 -5764853 63653782 57756417
365225 -70851801 19115436 67734430
-42043325 -23688180 10057859 61331381
-78998075 -46071648 -23629643 -34080786
54588424 -45498805 59157023 51814918
-46071648 -19775068 97851816 54588424
-5764853 10613169 68852881 51814918
-92948936 -91811869 -46071648 15281558
59725502 -23629643 98329030 11557711
-10611145 -78998075 67831248 -42043325
-73423538 -99333995 94750238 -67521179
-87119850 31005969 77451127 68852881
59725502 31005969 98329030 51814918
51460193 365225 96916526 21806211
-71289426 -48420173 66736913 365225
-78432888 -77165982 -46071648 -19775068
34210744 28086386 59725502 85186413
45909207 -79371116 52800429 15281558
-59582372 -36679490 96522146 96916526
-33660684 3796123 59859557 11557711
10613169 3796123 96916526 18338547
59725502 -87119850 91029609 15281558
-74579637 -33660684 15281558 10057859
-45472713 -48420173 -19007573 58330079
-62801899 9217091 29608483 87353160
-59582372 -67521179 67734430 96522146
42570460 -79371116 68852881 54588424
-59582372 -71289426 -21416314 -36679490
-99296982 -77165982 51814918 -67521179
-73423538 -99333995 -13721045 74901353
-94731649 -99296982 91029609 -21416314
59859557 10613169 61331381 34376811
-51748460 -51533772 77451127 -45134043
-64510848 18338547 728372 74901353
45909207 -65136846 97851816 96522146
54588424 -23688180 79903526 -13721045
-91811869 -46071648 92956404 29608483
5122153 42570460 67831248 54588424
-45498805 -45498805 15281558 66736913
-67521179 -94731649 85186413 15281558
-67521179 -71289426 67734430 42570460
52800429 -94731649 68852881 10057859
19115436 10057859 68852881 97851816
-26642992 45735189 21806211 79903526
34376811 -23688180 42570460 28086386
-34080786 -13721045 21806211 18338547
3796123 728372 52800429 34376811
-91811869 37765718 -71289426 45735189
-92948936 34376811 -59582372 51460193
25521804 -45134043 61331381 3796123
-79371116 -67521179 -36679490 68852881
-19007573 -37916560 10613169 45909207
-45134043 -45134043 9217091 5122153
3796123 -62801899 66736913 15281558
-78998075 29608483 -42043325 91029609
-67521179 -91811869 5122153 83086407
-70851801 10613169 36752395 83086407
-34080786 -21416314 -33660684 37765718
-26642992 -48420173 63653782 9217091
-78432888 -51533772 -77165982 77437089
-26642992 -24575246 -21416314 77451127
19115436 -99333995 21806211 22909716
28086386 -37916560 67734430 59859557
-21416314 -62801899 96522146 22909716
-48420173 25521804 -36679490 66736913
5122153 -45472713 58330079 52800429
87353160 -80664618 96522146 51460193
-51533772 -13721045 97851816 29608483
59725502 -51533772 78225981 96916526
45735189 -23688180 67831248 59859557
-71289426 -99296982 9217091 29608483
-42043325 -23688180 -23629643 29608483
-59582372 10057859 42570460 59859557
-59582372 -26642992 -26642992 77451127
45735189 -99296982 55652469 37765718
3796123 -45472713 77437089 -33660684
-67521179 -23629643 -24575246 74901353
-37916560 -45498805 -24575246 45909207
55652469 58330079 96522146 68852881
-36679490 -34080786 -23629643 79903526
-79371116 -80664618 55652469 19115436
66736913 -94731649 77451127 -23629643
18338547 -41659721 63653782 67734430
-92948936 15281558 -78432888 18338547
-48420173 -48420173 -19775068 51814918
728372 67831248 5122153 91029609
-51748460 -94731649 78225981 -19775068
-51748460 -45134043 -45134043 45735189
-79371116 -91811869 -13721045 -23688180
-77165982 -5764853 96522146 63653782
-70851801 42570460 -19775068 94750238
-80664618 -21416314 -5764853 85186413
-70851801 51814918 15281558 54588424
5122153 -79371116 11557711 83086407
21806211 -45134043 28086386 3796123
-42043325 -45134043 92956404 19115436
42570460 -67521179 51460193 728372
-24575246 -65136846 15281558 58330079
-48420173 -78432888 -45498805 -36679490
-81426708 -24575246 -71289426 61331381
-51748460 -45472713 45909207 29608483
87353160 -26642992 97851816 21806211
-51748460 29608483 31005969 94750238
-42043325 -80664618 10227392 28086386
-42043325 -26642992 37765718 19115436
-19007573 34376811 97851816 37765718
28086386 -19007573 96522146 10613169
-71289426 19115436 -59582372 97851816
-65136846 11557711 10057859 78225981
-51748460 -94731649 94750238 61331381
-51748460 55652469 -37916560 98329030
-73423538 -19007573 91029609 365225
-99296982 -99333995 -70851801 -42043325
34376811 -59582372 87353160 66736913
-92948936 -64510848 42570460 25521804
-46071648 -78432888 -42043325 68852881
-71289426 -71289426 19115436 22909716
-65136846 -45472713 -19007573 61331381
-74579637 -71289426 87353160 -70851801
-45498805 -46071648 34210744 92956404
-87119850 21806211 -19775068 57756417
45735189 18338547 68852881 58330079
-45472713 -19007573 36752395 22909716
29608483 42570460 59725502 67734430
-42043325 -51533772 -10611145 42570460
-87119850 -37916560 -41659721 28086386
-80664618 -23688180 96916526 85186413
-26642992 -41659721 29608483 -23629643
-71289426 -19775068 18338547 57756417
-36679490 37765718 51814918 96916526
74901353 -27897356 96522146 87353160
-70851801 -64510848 -34080786 10613169
-51748460 -67521179 61331381 59157023
58330079 -34080786 63653782 66736913
74901353 -26642992 91029609 15281558
-99296982 3796123 -24575246 36752395
34210744 -71289426 94750238 94750238
-23629643 -87119850 15281558 -36679490
-78432888 -74579637 -71289426 34376811
28086386 -37916560 94750238 -23629643
-64510848 -37916560 57756417 -27897356
-36679490 -23688180 68852881 28086386
-23629643 -70851801 365225 77451127
-41659721 -65136846 -37916560 22909716
-70851801 -19007573 68852881 -5764853
-78432888 -77165982 87353160 -41659721
-91811869 -51533772 87353160 87353160
-80664618 18338547 96522146 55652469
36752395 55652469 96522146 77451127
-99296982 29608483 68852881 45909207
37765718 -73423538 67734430 -45472713
63653782 -45134043 67831248 34210744
-92948936 -24575246 9217091 92956404
-65136846 22909716 96522146 59859557
-73423538 52800429 -37916560 66736913
57756417 -45498805 68852881 66736913
15281558 -45472713 63653782 21806211
-87119850 -62801899 -65136846 59157023
-91811869 9217091 51460193 36752395
-62801899 51814918 -33660684 58330079
-45472713 -26642992 -36679490 44354925
-51533772 -74579637 78225981 37765718
10613169 29608483 59725502 63653782
-34080786 5122153 22909716 51460193
58330079 -79371116 92956404 -33660684
-51748460 -71289426 67734430 96916526
-99333995 -19007573 -94731649 51814918
-67521179 -19775068 10613169 29608483
36752395 10057859 94750238 11557711
-27897356 -79371116 365225 68852881
-67521179 -21416314 59725502 98329030
-79371116 5122153 365225 98329030
-94731649 -41659721 -65136846 15281558
-92948936 10057859 68852881 78225981
-48420173 -26642992 34376811 58330079
-48420173 15281558 37765718 61331381
-62801899 -94731649 -46071648 74901353
-78998075 -19775068 -48420173 9217091
-19007573 -48420173 63653782 -19775068
-26642992 -46071648 79903526 36752395
-99333995 -42043325 19115436 96916526
-36679490 59859557 10057859 97851816
34376811 22909716 45909207 59859557
-45472713 54588424 88825645 58330079
-80664618 -94731649 34210744 -24575246
-92948936 15281558 365225 29608483
-36679490 34376811 18338547 66736913
-45472713 -19007573 365225 77451127
-13721045 -45498805 67831248 68852881
-62801899 59157023 15281558 85186413
-26642992 -21416314 21806211 34210744
-67521179 74901353 -45134043 78225981
-71289426 -23629643 68852881 9217091
-79371116 -24575246 -19775068 87353160
-65136846 -64510848 74901353 92956404
-81426708 -64510848 25521804 91029609
-37916560 -19007573 -23629643 87353160
-41659721 -99296982 78225981 19115436
-73423538 -19007573 68852881 97851816
-99296982 44354925 98329030 79903526
-23629643 -74579637 -5764853 10613169
-45498805 -51533772 15281558 91029609
42570460 45909207 59859557 79903526
-48420173 10057859 -21416314 77451127
57756417 25521804 79903526 85186413
-80664618 -51533772 25521804 5122153
-45472713 -78432888 57756417 -42043325
10057859 -92948936 96522146 59157023
-13721045 22909716 25521804 96916526
-19775068 -99296982 57756417 -64510848
-74579637 -24575246 61331381 21806211
-45472713 -92948936 59725502 -19775068
-73423538 -45498805 55652469 -13721045
-92948936 -33660684 91029609 78225981
-23688180 28086386 11557711 78225981
10057859 -91811869 61331381 -78432888
-37916560 728372 54588424 68852881
-5764853 -78432888 55652469 -33660684
45909207 45909207 96916526 77451127
365225 -34080786 29608483 74901353
-24575246 -74579637 98329030 -13721045
-91811869 -71289426 74901353 67831248
-23688180 -19007573 87353160 87353160
-19775068 -73423538 58330079 -45498805
10227392 -45498805 34376811 10613169
-94731649 10613169 37765718 63653782
18338547 -36679490 34376811 25521804
-94731649 -78432888 96522146 365225
10227392 -23629643 31005969 66736913
9217091 -73423538 77451127 94750238
-45134043 -92948936 10057859 97851816
-5764853 51814918 59157023 59725502
-70851801 -79371116 37765718 91029609
34376811 9217091 51814918 45909207
37765718 -23629643 68852881 59725502
-26642992 -59582372 52800429 29608483
37765718 79903526 58330079 88825645
-23688180 28086386 37765718 29608483
18338547 -51533772 44354925 85186413
45909207 -80664618 52800429 -33660684
-45472713 59157023 9217091 77437089
-81426708 -42043325 96522146 -23688180
-71289426 -13721045 -51748460 59157023
31005969 -74579637 51814918 55652469
-41659721 -94731649 -21416314 87353160
-78432888 10227392 -73423538 44354925
9217091 -70851801 34376811 68852881
-94731649 -51748460 365225 78225981
18338547 -33660684 94750238 28086386
-91811869 57756417 21806211 74901353
-77165982 -91811869 97851816 -51748460
36752395 -27897356 94750238 28086386
-78998075 -48420173 37765718 97851816
66736913 -51748460 88825645 -45498805
-99296982 -64510848 34376811 -27897356
-73423538 78225981 51814918 83086407
-10611145 728372 66736913 57756417
-23629643 44354925 29608483 51460193
-62801899 -51533772 10613169 22909716
-26642992 15281558 19115436 21806211
-79371116 -73423538 55652469 -51748460
44354925 -13721045 67831248 59157023
57756417 -99333995 98329030 68852881
11557711 -36679490 68852881 85186413
365225 -81426708 91029609 44354925
-48420173 -41659721 -46071648 10227392
11557711 -46071648 45735189 31005969
29608483 -10611145 61331381 36752395
-81426708 -21416314 365225 91029609
-78432888 42570460 87353160 85186413
-99296982 -13721045 96522146 5122153
-34080786 34210744 63653782 63653782
-45472713 -99296982 -23688180 85186413
-41659721 -51748460 97851816 22909716
31005969 77451127 51460193 92956404
-33660684 -51748460 87353160 -23629643
-74579637 -42043325 42570460 58330079
-33660684 10057859 37765718 98329030
-71289426 45909207 10057859 58330079
10057859 28086386 28086386 63653782
-34080786 -5764853 -13721045 63653782
-62801899 -92948936 21806211 57756417
-70851801 5122153 5122153 88825645
-62801899 -37916560 -24575246 51814918
-10611145 -78998075 22909716 11557711
-51533772 11557711 74901353 18338547
-77165982 -80664618 -45472713 34210744
-24575246 3796123 77437089 51814918
-65136846 -36679490 61331381 79903526
-45472713 18338547 -24575246 36752395
37765718 -99296982 74901353 -41659721
-45134043 -77165982 55652469 -19007573
-42043325 22909716 61331381 77451127
-79371116 -24575246 -10611145 10057859
-48420173 -79371116 5122153 96522146
-45134043 -94731649 37765718 19115436
55652469 -70851801 96522146 92956404
-80664618 -78432888 -59582372 68852881
-94731649 -70851801 96522146 -62801899
-24575246 28086386 79903526 45909207
-51533772 -79371116 54588424 -23688180
-78432888 58330079 18338547 59859557
-92948936 -45498805 -64510848 78225981
10057859 -21416314 44354925 28086386
-37916560 -23688180 -36679490 42570460
77451127 -73423538 98329030 -67521179
63653782 -59582372 79903526 728372
-67521179 -26642992 -34080786 28086386
-78432888 -46071648 45909207 83086407
-78998075 -10611145 34210744 3796123
728372 -33660684 21806211 78225981
45735189 -10611145 78225981 91029609
-19775068 9217091 15281558 51814918
51460193 28086386 87353160 74901353
-10611145 3796123 63653782 87353160
63653782 10227392 67734430 37765718
-21416314 -99296982 77451127 51814918
-45472713 -99296982 -23688180 -45472713
-10611145 37765718 15281558 59157023
-42043325 94750238 -10611145 98329030
728372 -65136846 45909207 88825645
-67521179 45735189 -51748460 96522146
18338547 -91811869 88825645 -67521179
-81426708 -51748460 -23688180 29608483
-81426708 -99333995 -36679490 -23629643
-65136846 728372 -45134043 87353160
-70851801 5122153 19115436 77451127
-87119850 -37916560 15281558 94750238
-91811869 -64510848 98329030 -26642992
-67521179 -26642992 74901353 42570460
-99333995 -34080786 36752395 -23629643
-45498805 22909716 96916526 79903526
-94731649 34376811 10057859 83086407
36752395 -80664618 92956404 -19007573
-45134043 44354925 67831248 94750238
-46071648 -80664618 57756417 10057859
-71289426 5122153 365225 18338547
-99333995 -21416314 -37916560 61331381
-67521179 -48420173 63653782 -37916560
-74579637 -26642992 22909716 51460193
-45134043 -99333995 5122153 -42043325
728372 -24575246 29608483 77451127
-91811869 59157023 63653782 77437089
-91811869 -48420173 -51748460 -45498805
-70851801 10613169 -23688180 92956404
22909716 88825645 55652469 96522146
-92948936 11557711 98329030 51814918
-37916560 44354925 79903526 96522146
51814918 -45498805 58330079 728372
-46071648 -80664618 94750238 28086386
34376811 -92948936 77451127 68852881
-59582372 -80664618 74901353 -37916560
-99333995 -24575246 -41659721 77451127
-27897356 -13721045 77437089 21806211
-81426708 5122153 54588424 55652469
-27897356 -92948936 59725502 63653782
-74579637 3796123 31005969 11557711
3796123 -99296982 59157023 10613169
3796123 -27897356 83086407 87353160
-27897356 -64510848 9217091 -5764853
-36679490 18338547 18338547 78225981
-78998075 10227392 59725502 34376811
-34080786 57756417 68852881 66736913
-21416314 18338547 10227392 34210744
-65136846 -65136846 -13721045 28086386
42570460 -79371116 77437089 88825645
-80664618 77451127 88825645 94750238
-37916560 -67521179 -19775068 -46071648
-24575246 -70851801 59859557 -37916560
-91811869 -59582372 51460193 -36679490
728372 10227392 34376811 55652469
34210744 -48420173 97851816 42570460
11557711 -48420173 22909716 -19007573
-45498805 -99333995 10057859 44354925
45909207 -71289426 52800429 -46071648
-26642992 10613169 -23688180 51460193
-92948936 -37916560 -45472713 -23688180
-71289426 -5764853 -23629643 25521804
10227392 -23688180 96916526 728372
-79371116 -78432888 -34080786 83086407
-45498805 -80664618 67734430 -42043325
52800429 -23629643 98329030 94750238
-80664618 31005969 -74579637 92956404
-45498805 -33660684 -19007573 5122153
-71289426 51460193 67831248 54588424
10057859 -80664618 42570460 44354925
-64510848 51814918 -62801899 87353160
10227392 5122153 91029609 54588424
88825645 -80664618 94750238 18338547
10613169 -19775068 44354925 57756417
-80664618 728372 58330079 67831248
83086407 -91811869 98329030 -24575246
11557711 67831248 19115436 79903526
-26642992 -45498805 77437089 10057859
-99333995 -19775068 10227392 67831248
42570460 -24575246 87353160 98329030
44354925 -59582372 45909207 68852881
-23688180 57756417 -19007573 94750238
-13721045 58330079 87353160 59859557
15281558 -70851801 88825645 728372
-51748460 728372 -48420173 96522146
-80664618 66736913 -51748460 91029609
37765718 -65136846 96916526 -27897356
-59582372 -78432888 -45472713 -51533772
-73423538 85186413 97851816 94750238
11557711 9217091 21806211 88825645
-99296982 15281558 -71289426 52800429
-87119850 -87119850 92956404 68852881
-36679490 -91811869 77451127 -65136846
-23629643 10227392 10057859 87353160
45735189 10227392 87353160 74901353
-73423538 -79371116 59157023 59859557
-45498805 -34080786 36752395 5122153
-79371116 -99296982 728372 85186413
-45498805 34210744 68852881 59859557
-48420173 22909716 44354925 36752395
19115436 -45134043 91029609 -41659721
-13721045 28086386 97851816 67831248
-87119850 -78998075 67734430 19115436
-70851801 -27897356 59859557 77451127
-19007573 -77165982 79903526 45735189
-51748460 -91811869 25521804 74901353
-46071648 5122153 31005969 78225981
-73423538 -19007573 96522146 365225
45909207 -99296982 96522146 74901353
59859557 -51748460 68852881 -45134043
-73423538 -77165982 42570460 67831248
-33660684 -79371116 9217091 52800429
-99333995 18338547 -37916560 61331381
-13721045 -71289426 55652469 57756417
15281558 -65136846 21806211 59157023
-94731649 28086386 -87119850 59725502
-21416314 -45134043 -13721045 92956404
-71289426 -45134043 94750238 3796123
-91811869 -33660684 11557711 97851816
-65136846 -64510848 5122153 58330079
-73423538 -21416314 -51748460 5122153
-67521179 -45134043 -26642992 67734430
-48420173 -37916560 88825645 -5764853
5122153 -73423538 31005969 59157023
-78432888 -51748460 15281558 -5764853
5122153 -45498805 9217091 77451127
-94731649 18338547 -64510848 51460193
10057859 -81426708 52800429 55652469
-91811869 54588424 -33660684 59157023
88825645 52800429 92956404 55652469
3796123 59157023 42570460 85186413
57756417 34376811 59725502 37765718
66736913 -23629643 67734430 92956404
-46071648 52800429 -19007573 96522146
-59582372 -87119850 -10611145 -13721045
3796123 67831248 18338547 77437089
54588424 -87119850 83086407 -19007573
-64510848 -74579637 61331381 10613169
-51533772 57756417 83086407 96916526
25521804 -45134043 34376811 61331381
21806211 44354925 59725502 61331381
-99333995 18338547 83086407 22909716
10613169 31005969 79903526 98329030
-37916560 44354925 59859557 74901353
28086386 -92948936 77437089 57756417
25521804 -41659721 36752395 59859557
77451127 10227392 98329030 67831248
-51533772 52800429 61331381 57756417
-92948936 -51748460 44354925 10613169
78225981 -67521179 83086407 78225981
-33660684 -87119850 79903526 -13721045
-19775068 -41659721 -10611145 10613169
22909716 -23629643 59859557 28086386
-27897356 -74579637 96522146 -70851801
-59582372 -34080786 58330079 -19007573
-65136846 -71289426 97851816 -48420173
10057859 -91811869 55652469 54588424
-64510848 -51533772 77437089 36752395
-24575246 10227392 57756417 15281558
59859557 21806211 68852881 68852881
365225 -51748460 10613169 52800429
-45134043 -99333995 59157023 -79371116
-27897356 -87119850 68852881 97851816
-41659721 19115436 59157023 97851816
-81426708 -78998075 -71289426 67734430
-94731649 -41659721 9217091 -23629643
-73423538 -78432888 45909207 -19007573
-24575246 -74579637 9217091 -45472713
11557711 -87119850 42570460 59157023
-19007573 -78998075 85186413 45909207
-74579637 44354925 58330079 85186413
-13721045 9217091 18338547 10057859
11557711 -36679490 55652469 59725502
-36679490 -51748460 10227392 -23629643
-59582372 -13721045 77437089 98329030
-45498805 63653782 51814918 66736913
25521804 -45472713 44354925 34210744
68852881 -62801899 88825645 79903526
44354925 -67521179 45735189 -46071648
34376811 -46071648 42570460 365225
-24575246 45909207 45909207 57756417
-19007573 -34080786 11557711 42570460
-13721045 9217091 79903526 59859557
-73423538 -46071648 45909207 -26642992
-78998075 -71289426 -26642992 -37916560
-92948936 29608483 -23688180 45735189
54588424 -46071648 74901353 58330079
-51533772 51460193 79903526 61331381
31005969 28086386 36752395 78225981
-13721045 -94731649 87353160 85186413
-78998075 31005969 15281558 34376811
-81426708 -64510848 25521804 58330079
15281558 -26642992 67831248 34376811
-94731649 87353160 9217091 92956404
-79371116 -51748460 -19007573 -45472713
22909716 10227392 66736913 44354925
-37916560 -64510848 63653782 -21416314
-79371116 -73423538 92956404 63653782
3796123 91029609 45735189 94750238
34210744 -77165982 55652469 45909207
15281558 -23629643 63653782 85186413
-51533772 -45472713 34210744 -5764853
-87119850 22909716 -13721045 55652469
-91811869 -27897356 -23629643 97851816
-94731649 -70851801 365225 79903526
-23688180 67734430 22909716 94750238
-67521179 10057859 3796123 51460193
-74579637 -51533772 3796123 34210744
-23629643 -73423538 88825645 -42043325
78225981 -62801899 79903526 85186413
-92948936 11557711 -37916560 59859557
28086386 -42043325 66736913 77437089
3796123 -21416314 44354925 78225981
54588424 -74579637 67734430 -42043325
-64510848 51814918 59859557 59725502
-5764853 10613169 92956404 85186413
-34080786 -91811869 15281558 -10611145
51814918 -73423538 61331381 -65136846
-45472713 9217091 10613169 77451127
-33660684 -99296982 77437089 11557711
-45134043 -10611145 34376811 98329030
-99333995 -45498805 59157023 15281558
-45498805 28086386 36752395 79903526
-10611145 -92948936 57756417 -13721045
9217091 -62801899 78225981 52800429
61331381 51814918 92956404 91029609
-99296982 -45472713 -45134043 -42043325
-67521179 -42043325 -45134043 67734430
-42043325 -23688180 22909716 51460193
-51533772 -79371116 88825645 -67521179
77437089 -5764853 91029609 57756417
31005969 -99296982 59859557 -70851801
-73423538 21806211 -13721045 58330079
-24575246 -13721045 10613169 15281558
9217091 -71289426 31005969 78225981
-19775068 -62801899 74901353 96522146
-91811869 -19775068 77437089 28086386
-23629643 34376811 34210744 55652469
68852881 -71289426 96522146 91029609
-67521179 -71289426 51460193 59725502
728372 -80664618 9217091 -10611145
-41659721 -92948936 10613169 -78432888
-27897356 -99333995 28086386 -5764853
-80664618 -80664618 -51533772 -59582372
-65136846 -99296982 -33660684 77451127
-67521179 10057859 74901353 91029609
-91811869 -45134043 96916526 31005969
-92948936 -33660684 58330079 68852881
18338547 -78998075 91029609 -45498805
-81426708 -92948936 -36679490 10227392
-87119850 -78998075 -70851801 36752395
45735189 51814918 59157023 77437089
-74579637 -34080786 45909207 10057859
-71289426 -78998075 97851816 25521804
-71289426 -99333995 52800429 -27897356
-19007573 -74579637 51460193 31005969
-74579637 -64510848 -45134043 -37916560
-41659721 -67521179 63653782 45735189
-51533772 -41659721 -45498805 18338547
-64510848 -79371116 10613169 -34080786
-51533772 -42043325 45735189 31005969
5122153 -87119850 15281558 -27897356
-51533772 34376811 365225 42570460
-5764853 -48420173 59725502 365225
-94731649 -92948936 -62801899 34376811
83086407 365225 96916526 51460193
-42043325 -41659721 42570460 21806211
-74579637 -79371116 96522146 92956404
-45472713 -74579637 52800429 -48420173
-99333995 -33660684 15281558 96522146
-24575246 3796123 3796123 51814918
-51748460 -70851801 365225 -34080786
-37916560 5122153 54588424 36752395
9217091 -94731649 34376811 37765718
-27897356 77451127 -23629643 87353160
-23688180 -71289426 -23629643 79903526
-45498805 -45134043 -41659721 66736913
-46071648 5122153 59157023 44354925
-41659721 51814918 22909716 66736913
-92948936 -37916560 34210744 -24575246
-70851801 -10611145 96522146 87353160
-51748460 28086386 -19775068 37765718
29608483 -74579637 83086407 78225981
87353160 -92948936 91029609 -13721045
-67521179 -48420173 -23629643 -36679490
77437089 -74579637 91029609 66736913
-26642992 -45498805 59859557 87353160
-5764853 10613169 54588424 77451127
-99333995 -81426708 10057859 96522146
-79371116 -24575246 92956404 57756417
-64510848 -91811869 52800429 52800429
-91811869 -51748460 -65136846 15281558
59725502 -46071648 77451127 78225981
-92948936 59725502 -33660684 67734430
34376811 10057859 58330079 83086407
-87119850 -51748460 9217091 66736913
-80664618 59157023 66736913 98329030
-21416314 10057859 94750238 92956404
11557711 -99333995 19115436 79903526
5122153 -19775068 42570460 77437089
-42043325 -42043325 -5764853 58330079
-94731649 -23688180 96916526 44354925
-34080786 10057859 728372 85186413
-79371116 19115436 74901353 88825645
-87119850 -87119850 54588424 37765718
-78432888 67734430 -45498805 94750238
-48420173 -62801899 -26642992 36752395
9217091 15281558 59157023 92956404
-59582372 -92948936 -42043325 -45498805
-45498805 -78998075 21806211 -27897356
-70851801 -77165982 34210744 88825645
-41659721 -78998075 31005969 -23688180
52800429 -45134043 67831248 5122153
-87119850 -34080786 -62801899 37765718
-78998075 25521804 11557711 91029609
-77165982 -99296982 -71289426 -70851801
-51533772 -21416314 78225981 98329030
-92948936 -87119850 -27897356 96916526
-67521179 -77165982 31005969 66736913
-80664618 -70851801 -46071648 66736913
34376811 19115436 59157023 54588424
28086386 10613169 87353160 52800429
-70851801 -19775068 -67521179 9217091
59157023 -91811869 85186413 -5764853
-21416314 -65136846 58330079 78225981
-23688180 67734430 18338547 91029609
-19007573 -42043325 54588424 51814918
10057859 -62801899 51814918 -45472713
-19007573 -87119850 92956404 59725502
59725502 -45498805 94750238 22909716
-91811869 -71289426 -23629643 -36679490
-37916560 -67521179 10057859 -5764853
-21416314 34376811 11557711 96522146
-5764853 -64510848 45735189 -59582372
58330079 -36679490 61331381 59859557
87353160 67734430 88825645 87353160
-42043325 -62801899 91029609 10613169
-70851801 78225981 21806211 85186413
-26642992 -13721045 96522146 22909716
-91811869 31005969 -74579637 54588424
22909716 67831248 28086386 68852881
-46071648 -80664618 57756417 55652469
-78432888 -77165982 10613169 -5764853
-23629643 -77165982 74901353 28086386
3796123 10057859 36752395 97851816
-94731649 -99296982 -87119850 11557711
-78998075 25521804 94750238 94750238
-37916560 21806211 67831248 44354925
-48420173 365225 -21416314 96522146
37765718 -74579637 94750238 10057859
-78998075 -78998075 59157023 -26642992
-45498805 68852881 -13721045 74901353
-51748460 -80664618 21806211 25521804
-27897356 -78432888 42570460 28086386
-51533772 -37916560 55652469 52800429
-45472713 -77165982 66736913 25521804
-81426708 51814918 97851816 94750238
42570460 -65136846 74901353 34376811
74901353 -79371116 96522146 -19775068
365225 -41659721 42570460 85186413
-94731649 74901353 -21416314 78225981
10613169 45909207 77437089 51814918
34210744 3796123 58330079 21806211
-70851801 -36679490 -45134043 29608483
-45134043 -33660684 42570460 -23629643
-45134043 -99333995 -21416314 67831248
18338547 -37916560 66736913 -36679490
-45498805 5122153 85186413 67734430
-23629643 10613169 54588424 37765718
-78432888 -45472713 19115436 44354925
-45134043 -99296982 77437089 3796123
-27897356 -81426708 42570460 11557711
365225 -62801899 97851816 22909716
61331381 45735189 87353160 59725502
-91811869 10057859 67831248 67734430
-94731649 -70851801 18338547 34210744
-87119850 54588424 -71289426 96916526
54588424 66736913 88825645 83086407
-73423538 10227392 85186413 92956404
-87119850 -36679490 57756417 77451127
-64510848 68852881 74901353 92956404
-80664618 -36679490 -48420173 74901353
28086386 -70851801 42570460 -19007573
18338547 -5764853 98329030 3796123
-62801899 29608483 92956404 59725502
-45472713 10613169 79903526 61331381
36752395 -77165982 77437089 -26642992
9217091 -80664618 58330079 5122153
5122153 -37916560 42570460 55652469
-79371116 52800429 92956404 85186413
-81426708 10057859 -51533772 92956404
-64510848 -45134043 -27897356 96522146
67831248 -99296982 96916526 78225981
-67521179 -80664618 88825645 61331381
-51748460 -78998075 55652469 59725502
-59582372 -51533772 21806211 74901353
-37916560 -62801899 78225981 -23688180
37765718 15281558 51460193 63653782
-33660684 -62801899 -24575246 94750238
-64510848 -70851801 -59582372 37765718
21806211 9217091 45735189 22909716
-19775068 -79371116 51814918 11557711
34210744 61331381 94750238 83086407
-73423538 -33660684 51460193 25521804
34210744 10613169 37765718 74901353
-51533772 -80664618 52800429 67734430
-19007573 -23629643 10057859 31005969
-70851801 -19775068 59725502 -10611145
-21416314 -51748460 68852881 -34080786
-73423538 -51533772 -65136846 -26642992
-33660684 -91811869 10057859 31005969
-10611145 -87119850 51460193 -81426708
-87119850 -48420173 -80664618 92956404
42570460 -81426708 98329030 97851816
79903526 -77165982 85186413 51814918
728372 -42043325 55652469 85186413
-78998075 -45472713 52800429 18338547
-59582372 -71289426 19115436 34210744
-51533772 -81426708 10057859 -33660684
-27897356 -23629643 37765718 96522146
-10611145 -87119850 10057859 34210744
-59582372 51460193 98329030 97851816
15281558 -45498805 83086407 31005969
-24575246 -99333995 79903526 34210744
-79371116 10057859 -77165982 34210744
10227392 -94731649 92956404 22909716
45735189 -45472713 96522146 77451127
-81426708 -73423538 94750238 34210744
10613169 61331381 19115436 77437089
-46071648 -26642992 61331381 57756417
-92948936 -5764853 85186413 34210744
-46071648 61331381 78225981 98329030
74901353 -33660684 88825645 22909716
42570460 -70851801 68852881 21806211
18338547 -70851801 96916526 31005969
96522146 -33660684 96916526 52800429
-51533772 67734430 28086386 97851816
-91811869 -62801899 -42043325 59157023
52800429 -70851801 74901353 -62801899
67831248 -94731649 96916526 68852881
-64510848 87353160 -45472713 92956404
-51748460 -45134043 -42043325 68852881
36752395 11557711 66736913 83086407
-81426708 63653782 -19007573 74901353
-78432888 29608483 10613169 51814918
-92948936 -19775068 -77165982 51460193
-65136846 -33660684 25521804 19115436
42570460 21806211 97851816 25521804
-64510848 -51533772 51460193 59859557
-64510848 -78432888 98329030 10613169
-23629643 -19007573 68852881 10227392
18338547 -21416314 87353160 61331381
-65136846 36752395 5122153 91029609
-37916560 85186413 365225 97851816
-80664618 -87119850 67734430 -79371116
-74579637 -78998075 28086386 -45134043
-77165982 -99296982 22909716 -13721045
11557711 -59582372 44354925 11557711
-67521179 -59582372 -19007573 -10611145
-41659721 -74579637 77437089 -33660684
-78432888 -87119850 67734430 45735189
22909716 10227392 52800429 59859557
-79371116 -67521179 10057859 19115436
-64510848 -45498805 9217091 -26642992
-21416314 -78432888 67734430 67734430
-92948936 21806211 98329030 51460193
-33660684 -23629643 57756417 15281558
-99333995 3796123 57756417 29608483
-78998075 -24575246 -23688180 36752395
-51533772 -70851801 51814918 52800429
-99333995 45909207 79903526 55652469
10057859 -42043325 28086386 59157023
-91811869 -78432888 -67521179 78225981
-59582372 -19007573 97851816 54588424
-26642992 10613169 22909716 22909716
-45472713 -87119850 10057859 -36679490
-21416314 -45472713 34210744 21806211
-51533772 -71289426 15281558 -70851801
-26642992 -92948936 -19007573 42570460
-45498805 42570460 83086407 96916526
-74579637 -59582372 -19775068 36752395
-80664618 57756417 98329030 66736913
-73423538 -5764853 -42043325 98329030
-99333995 -79371116 68852881 -45134043
-99296982 54588424 59157023 96916526
-45134043 -27897356 78225981 67831248
-24575246 -23688180 31005969 85186413
-77165982 -59582372 -19775068 -41659721
21806211 -87119850 25521804 -23629643
-26642992 -10611145 29608483 78225981
52800429 -45472713 54588424 88825645
77451127 -78998075 79903526 -19007573
3796123 -78432888 78225981 21806211
-65136846 -33660684 -10611145 29608483
-23688180 -99333995 -23629643 -26642992
-78998075 -42043325 45909207 96916526
-45498805 -62801899 21806211 61331381
3796123 -42043325 19115436 31005969
-21416314 -24575246 79903526 365225
-71289426 -65136846 -21416314 79903526
54588424 -99333995 77451127 52800429
-45498805 -51748460 77437089 10613169
-42043325 -94731649 -37916560 -42043325
-26642992 -78998075 5122153 18338547
34210744 -51533772 44354925 96916526
22909716 -46071648 88825645 59859557
61331381 -10611145 79903526 85186413
-5764853 -73423538 29608483 -41659721
59157023 42570460 61331381 78225981
-21416314 19115436 51814918 77451127
5122153 -23688180 87353160 9217091
-10611145 66736913 87353160 94750238
-48420173 -33660684 31005969 -27897356
-62801899 5122153 52800429 10057859
-64510848 365225 31005969 77451127
-23629643 -65136846 10613169 28086386
-73423538 -74579637 -33660684 67734430
74901353 -24575246 79903526 79903526
-91811869 -45472713 -81426708 -10611145
-42043325 5122153 66736913 77451127
-99296982 55652469 77451127 88825645
-13721045 -64510848 77437089 -46071648
5122153 79903526 67734430 96522146
-51533772 -5764853 -37916560 85186413
-99333995 -51748460 10227392 51460193
10057859 -21416314 11557711 67831248
-46071648 -33660684 19115436 11557711
-79371116 -80664618 18338547 5122153
-62801899 10057859 -23629643 10227392
-46071648 -10611145 87353160 98329030
-77165982 52800429 67734430 78225981
-33660684 -99333995 59859557 -62801899
22909716 -45472713 29608483 -13721045
-45498805 -74579637 34376811 -37916560
10227392 -24575246 98329030 96522146
-37916560 59725502 63653782 66736913
-48420173 54588424 78225981 96522146
365225 19115436 18338547 77437089
68852881 -27897356 78225981 92956404
-37916560 -45472713 -23629643 77451127
-37916560 -70851801 61331381 28086386
-78998075 -73423538 91029609 10057859
9217091 -24575246 18338547 29608483
45909207 -99333995 91029609 54588424
-79371116 -77165982 34210744 -13721045
-87119850 22909716 34210744 29608483
28086386 22909716 37765718 98329030
-51533772 10227392 -5764853 58330079
-23688180 -99333995 59157023 -92948936
-41659721 31005969 -34080786 98329030
-10611145 -51533772 79903526 29608483
59725502 25521804 59859557 55652469
-59582372 42570460 77437089 44354925
-62801899 -45472713 -10611145 52800429
-81426708 10613169 45909207 52800429
-71289426 51460193 29608483 59859557
-77165982 79903526 74901353 94750238
-51748460 3796123 15281558 34210744
-46071648 5122153 -5764853 25521804
-51533772 -45134043 78225981 67734430
-77165982 -45134043 -71289426 55652469
-37916560 -42043325 55652469 728372
-33660684 10613169 45735189 91029609
37765718 10613169 42570460 45909207
-64510848 -81426708 -34080786 -64510848
-73423538 -65136846 -48420173 67831248
-74579637 365225 -62801899 96522146
-65136846 -78998075 97851816 42570460
-67521179 -78432888 68852881 36752395
-19007573 -24575246 63653782 52800429
10227392 -78432888 59725502 97851816
-80664618 10057859 58330079 19115436
54588424 -64510848 59725502 11557711
-80664618 45735189 22909716 58330079
-80664618 34376811 67734430 96916526
31005969 -78432888 51460193 -46071648
-74579637 15281558 -46071648 25521804
-94731649 45909207 10057859 61331381
66736913 58330079 98329030 97851816
-13721045 -45134043 77437089 66736913
-64510848 -92948936 -24575246 -33660684
36752395 25521804 74901353 87353160
78225981 -67521179 91029609 42570460
